1 0.1640625 0.46796875 0.02109375 0.11953125
1 0.11953125 0.4609375 0.025 0.11953125
1 0.1 0.4546875 0.0171875 0.1125
1 0.28359375 0.44609375 0.01328125 0.0375
1 0.30625 0.44921875 0.009375 0.04453125
1 0.321875 0.44453125 0.015625 0.05390625
1 0.9015625 0.52265625 0.04765625 0.196875
0 0.48984375 0.48515625 0.0171875 0.065625
0 0.475 0.47734375 0.0265625 0.10546875
0 0.440625 0.478125 0.06875 0.140625
0 0.396875 0.4890625 0.11171875 0.1765625
0 0.6015625 0.4515625 0.0671875 0.0640625
0 0.84609375 0.50390625 0.1671875 0.2390625
0 0.540625 0.4703125 0.03828125 0.05859375
0 0.63359375 0.55625 0.1671875 0.22890625
0 0.9546875 0.5375 0.08984375 0.1734375