1 0.16375 0.468125 0.02125 0.119375
1 0.119375 0.46125 0.025 0.119375
1 0.099375 0.455 0.0175 0.1125
1 0.28375 0.445625 0.013125 0.0375
1 0.306875 0.449375 0.009375 0.044375
1 0.321875 0.444375 0.015625 0.054375
1 0.901875 0.523125 0.0475 0.1975
0 0.49 0.485625 0.0175 0.065
0 0.474375 0.476875 0.02625 0.105625
0 0.440625 0.47875 0.06875 0.14
0 0.39625 0.48875 0.111875 0.17625
0 0.601875 0.45125 0.0675 0.06375
0 0.84625 0.504375 0.1675 0.23875
0 0.54 0.47 0.038125 0.058125
0 0.63375 0.55625 0.1675 0.229375
0 0.955 0.5375 0.09 0.17375