1 0.093125 0.525625 0.019375 0.093125
1 0.07375 0.523125 0.01875 0.09875
1 0.205 0.505625 0.02375 0.10125
1 0.04 0.5275 0.019375 0.08875
1 0.186875 0.506875 0.015 0.08875
1 0.21625 0.506875 0.015625 0.085
1 0.6675 0.476875 0.01 0.044375
1 0.785 0.505625 0.02375 0.058125
1 0.015 0.53 0.02375 0.1125
1 0.005625 0.52625 0.01125 0.08625
0 0.393125 0.46125 0.02125 0.02625
0 0.37375 0.469375 0.036875 0.0475
0 0.36375 0.483125 0.01875 0.0475
0 0.34125 0.483125 0.04375 0.06125
0 0.31625 0.500625 0.040625 0.058125
0 0.58375 0.48 0.0325 0.030625
0 0.601875 0.4975 0.0325 0.0475
0 0.619375 0.50375 0.040625 0.054375
0 0.274375 0.506875 0.06875 0.085
0 0.646875 0.519375 0.061875 0.0725
0 0.47875 0.65875 0.293125 0.43625
0 0.8625 0.654375 0.274375 0.520625