0 0.565 0.46375 0.01375 0.020625
0 0.550625 0.46 0.011875 0.020625
0 0.53875 0.4625 0.01625 0.018125
0 0.52125 0.460625 0.01375 0.0225
0 0.4675 0.466875 0.024375 0.018125
0 0.443125 0.464375 0.025625 0.02625
0 0.41125 0.466875 0.015 0.02625
0 0.38875 0.466875 0.03125 0.0475
0 0.34875 0.4725 0.03625 0.054375
0 0.3125 0.4725 0.03625 0.0375
0 0.279375 0.474375 0.025625 0.033125
0 0.26 0.48125 0.03125 0.02625
0 0.1475 0.4725 0.0525 0.045625
0 0.595 0.4575 0.01375 0.016875
0 0.60625 0.451875 0.0125 0.01
0 0.58 0.4575 0.009375 0.016875
0 0.58375 0.458125 0.01 0.01375
0 0.6225 0.46375 0.01 0.0125
0 0.66 0.47 0.01 0.029375
0 0.674375 0.46 0.01625 0.0125
0 0.674375 0.474375 0.0175 0.020625
0 0.68875 0.46625 0.011875 0.025
0 0.7 0.470625 0.024375 0.035
0 0.63625 0.455625 0.01375 0.0125
0 0.6025 0.468125 0.015 0.020625
0 0.631875 0.466875 0.0175 0.0225
0 0.725 0.47875 0.0425 0.045625
0 0.93875 0.495625 0.119375 0.143125
0 0.043125 0.48125 0.08625 0.068125
1 0.789375 0.479375 0.006875 0.043125
1 0.78125 0.47875 0.005 0.0375
1 0.848125 0.470625 0.01625 0.068125
1 0.895 0.451875 0.015 0.05125