0 0.4075 0.339375 0.015625 0.01375
0 0.396875 0.34 0.015625 0.0125
0 0.388125 0.344375 0.01625 0.020625
0 0.374375 0.368125 0.044375 0.065
0 0.350625 0.368125 0.0225 0.0525
0 0.3425 0.38 0.02875 0.094375
0 0.43875 0.436875 0.144375 0.2125
0 0.59125 0.400625 0.03375 0.081875
0 0.65875 0.415 0.14625 0.204375
0 0.8325 0.494375 0.33375 0.42375
0 0.941875 0.749375 0.115 0.358125
2 0.22375 0.28 0.22375 0.39
0 0.024375 0.36875 0.04875 0.055625
1 0.53625 0.360625 0.01 0.031875
1 0.546875 0.35625 0.005625 0.0375
1 0.551875 0.360625 0.01 0.044375
1 0.541875 0.360625 0.01 0.0475
1 0.59125 0.350625 0.015625 0.043125
0 0.1075 0.35875 0.0375 0.03625