1 0.74765625 0.64296875 0.01875 0.075
1 0.7234375 0.6421875 0.025 0.09296875
1 0.66875 0.646875 0.01328125 0.0765625
1 0.68515625 0.64375 0.01640625 0.078125
1 0.703125 0.61640625 0.01171875 0.034375
1 0.7921875 0.6390625 0.02265625 0.08203125
1 0.57578125 0.59765625 0.01171875 0.0265625
1 0.2421875 0.640625 0.01171875 0.05390625
1 0.26015625 0.61796875 0.0078125 0.01953125
1 0.26875 0.61953125 0.00546875 0.02109375
1 0.2328125 0.63359375 0.0078125 0.0234375
1 0.2265625 0.628125 0.0046875 0.021875
1 0.221875 0.628125 0.00703125 0.0265625
1 0.2078125 0.628125 0.0109375 0.021875
1 0.19609375 0.63125 0.01171875 0.02109375
1 0.18046875 0.6296875 0.009375 0.02109375
1 0.1859375 0.6296875 0.00859375 0.0234375
1 0.171875 0.63203125 0.00703125 0.021875
1 0.1609375 0.63046875 0.009375 0.021875
1 0.115625 0.63671875 0.0078125 0.0515625
1 0.12265625 0.63125 0.0078125 0.034375
0 0.065625 0.74921875 0.13046875 0.33046875
0 0.4765625 0.6125 0.01328125 0.021875
0 0.49765625 0.64296875 0.04453125 0.065625
0 0.634375 0.62890625 0.059375 0.0859375
0 0.565625 0.68203125 0.12109375 0.1375
0 0.40703125 0.68125 0.16015625 0.2390625
1 0.1421875 0.63046875 0.01484375 0.04140625