1 0.7475 0.643125 0.01875 0.075
1 0.723125 0.6425 0.025 0.093125
1 0.669375 0.64625 0.013125 0.07625
1 0.685 0.64375 0.01625 0.0775
1 0.703125 0.616875 0.011875 0.035
1 0.791875 0.63875 0.0225 0.081875
1 0.575625 0.598125 0.011875 0.02625
1 0.241875 0.64125 0.011875 0.054375
1 0.26 0.618125 0.0075 0.019375
1 0.269375 0.619375 0.005625 0.020625
1 0.2325 0.633125 0.0075 0.02375
1 0.22625 0.62875 0.005 0.0225
1 0.221875 0.62875 0.006875 0.02625
1 0.208125 0.62875 0.01125 0.0225
1 0.19625 0.63125 0.011875 0.020625
1 0.180625 0.63 0.009375 0.020625
1 0.185625 0.63 0.00875 0.02375
1 0.171875 0.631875 0.006875 0.0225
1 0.16125 0.630625 0.009375 0.0225
1 0.11625 0.636875 0.0075 0.05125
1 0.1225 0.63125 0.0075 0.035
0 0.065 0.74875 0.13 0.33
0 0.47625 0.6125 0.013125 0.0225
0 0.4975 0.643125 0.044375 0.065
0 0.635 0.629375 0.059375 0.08625
0 0.565625 0.681875 0.12125 0.1375
0 0.406875 0.68125 0.16 0.23875
1 0.141875 0.630625 0.015 0.041875