0 0.0525 0.545 0.105 0.275
0 0.12625 0.520625 0.09875 0.105625
0 0.21625 0.516875 0.05125 0.065
0 0.316875 0.515 0.025 0.0475
0 0.34 0.52 0.02125 0.0375
0 0.359375 0.520625 0.01875 0.03625
0 0.37 0.52 0.011875 0.035
0 0.465 0.51875 0.0275 0.05
0 0.48375 0.524375 0.019375 0.029375
0 0.5175 0.5525 0.08375 0.120625
0 0.425 0.53625 0.0625 0.081875
0 0.27125 0.524375 0.095 0.1125
2 0.104375 0.46625 0.20875 0.1975
2 0.40375 0.489375 0.06 0.12375
2 0.291875 0.48125 0.059375 0.068125
0 0.985 0.55875 0.024375 0.019375