0 0.55 0.435625 0.009375 0.025
0 0.54125 0.439375 0.018125 0.035
0 0.51875 0.44875 0.038125 0.0625
0 0.495 0.45 0.00875 0.025
0 0.483125 0.44625 0.018125 0.02375
0 0.435 0.44375 0.053125 0.035
0 0.438125 0.56125 0.144375 0.21
0 0.644375 0.50125 0.12375 0.154375
0 0.35125 0.46875 0.0225 0.043125
0 0.378125 0.465 0.02 0.031875
0 0.325625 0.486875 0.038125 0.0525
0 0.2125 0.526875 0.06875 0.095625
0 0.135625 0.558125 0.124375 0.13875
1 0.2725 0.485625 0.01125 0.041875
1 0.26 0.498125 0.009375 0.06125
1 0.284375 0.480625 0.0125 0.06125