0 0.60375 0.635625 0.02375 0.031875
0 0.59 0.638125 0.009375 0.02375
0 0.5825 0.6375 0.009375 0.0225
0 0.53625 0.6425 0.018125 0.05125
0 0.525625 0.64 0.01875 0.068125
0 0.66125 0.638125 0.0125 0.02375
0 0.69125 0.63625 0.02125 0.0725
0 0.715 0.645625 0.056875 0.11375
0 0.31375 0.683125 0.136875 0.191875
0 0.135625 0.68875 0.27125 0.25
0 0.73625 0.65625 0.03 0.156875
0 0.8725 0.520625 0.25375 0.6
0 0.48625 0.645 0.071875 0.094375
0 0.57125 0.63875 0.02125 0.029375
0 0.631875 0.6325 0.04125 0.0525
1 0.55375 0.6425 0.0075 0.025
1 0.56 0.641875 0.006875 0.0225
0 0.439375 0.63875 0.021875 0.020625