1 0.909375 0.6125 0.040625 0.15
0 0.433125 0.625 0.015 0.04
0 0.416875 0.62625 0.02625 0.05125
0 0.39875 0.631875 0.02625 0.058125
0 0.37875 0.633125 0.034375 0.055625
0 0.346875 0.6425 0.055625 0.075
0 0.299375 0.65 0.0575 0.08875
0 0.555625 0.613125 0.015 0.020625
1 0.5725 0.605 0.01 0.0375
0 0.589375 0.618125 0.044375 0.068125
0 0.60125 0.62625 0.0425 0.075
0 0.623125 0.63125 0.04625 0.093125
0 0.4575 0.62 0.024375 0.03875
0 0.515625 0.635625 0.086875 0.116875
0 0.681875 0.63875 0.1075 0.12375
0 0.21 0.6575 0.14 0.16125
0 0.03375 0.698125 0.0675 0.185
0 0.97875 0.749375 0.0425 0.115