0 0.03 0.5175 0.006875 0.0125
0 0.038125 0.519375 0.01 0.016875
0 0.0475 0.519375 0.009375 0.020625
0 0.05375 0.52125 0.01375 0.016875
0 0.04875 0.53625 0.00625 0.016875
0 0.061875 0.531875 0.02125 0.029375
0 0.064375 0.54375 0.0175 0.030625
0 0.065 0.5525 0.0075 0.030625
0 0.07625 0.554375 0.021875 0.0475
0 0.09 0.558125 0.02375 0.055625
0 0.09875 0.563125 0.02 0.06
0 0.1225 0.566875 0.04375 0.080625
0 0.135 0.57 0.03625 0.08875
0 0.168125 0.575625 0.069375 0.108125
0 0.22125 0.593125 0.1025 0.165
0 0.008125 0.5125 0.009375 0.0125
0 0.02125 0.494375 0.0075 0.005625
0 0.021875 0.501875 0.009375 0.01
0 0.33625 0.619375 0.2225 0.241875
1 0.51375 0.5825 0.07 0.28625
1 0.606875 0.566875 0.081875 0.28625
0 0.8425 0.8075 0.313125 0.320625