1 0.028125 0.516875 0.02875 0.1525
1 0.06 0.5225 0.02625 0.12625
1 0.9475 0.565 0.09 0.319375
1 0.87125 0.53125 0.0475 0.133125
0 0.23375 0.53375 0.09 0.0975
0 0.330625 0.5375 0.09375 0.09
0 0.569375 0.54875 0.074375 0.091875
0 0.383125 0.52875 0.043125 0.07625
0 0.281875 0.53375 0.02375 0.065
0 0.530625 0.5425 0.035 0.0625
0 0.519375 0.5325 0.034375 0.06375
0 0.500625 0.53375 0.015 0.035
0 0.490625 0.529375 0.028125 0.0475
0 0.47 0.53375 0.019375 0.035
0 0.456875 0.525625 0.025 0.03625
0 0.43625 0.529375 0.0125 0.0225
0 0.43125 0.525625 0.02 0.029375
0 0.419375 0.525 0.0075 0.02375
0 0.41125 0.526875 0.0075 0.0275