1 0.77375 0.46875 0.01875 0.04875
1 0.739375 0.516875 0.04 0.17625
1 0.82625 0.430625 0.0225 0.065
1 0.09625 0.52 0.011875 0.03625
1 0.08 0.510625 0.013125 0.02375
1 0.00625 0.513125 0.0125 0.02625
1 0.16625 0.525625 0.015 0.069375
1 0.17125 0.526875 0.015 0.070625
0 0.2775 0.5325 0.01375 0.0475
0 0.43875 0.51625 0.01375 0.020625
0 0.425 0.519375 0.01875 0.030625
2 0.48625 0.50125 0.03375 0.075
0 0.511875 0.516875 0.04375 0.06375
0 0.351875 0.541875 0.146875 0.216875
0 0.05875 0.576875 0.1175 0.141875
0 0.614375 0.5425 0.159375 0.21
0 0.855625 0.545 0.286875 0.643125