0 0.219375 0.54 0.11625 0.12375
0 0.291875 0.51875 0.09 0.093125
0 0.34625 0.52375 0.03875 0.04875
0 0.38375 0.51375 0.036875 0.044375
0 0.395 0.50375 0.03625 0.05
0 0.425625 0.506875 0.0175 0.025
0 0.56 0.506875 0.01 0.045625
0 0.51625 0.505 0.01125 0.019375
0 0.485 0.50875 0.025 0.04
0 0.4425 0.5075 0.013125 0.020625
0 0.45375 0.505 0.009375 0.0125
0 0.51875 0.506875 0.006875 0.018125
0 0.505625 0.505625 0.011875 0.01375
0 0.531875 0.51125 0.0175 0.0275
0 0.6175 0.53625 0.05375 0.06125
2 0.5975 0.485 0.069375 0.12375
1 0.605625 0.476875 0.015 0.0475
1 0.646875 0.515 0.01125 0.05
1 0.66375 0.51625 0.01125 0.066875
1 0.6775 0.511875 0.01 0.044375
1 0.695 0.51125 0.013125 0.045625
1 0.7175 0.5125 0.011875 0.06125
1 0.74875 0.524375 0.013125 0.0625
1 0.78625 0.524375 0.02 0.080625
1 0.8 0.514375 0.013125 0.055625
1 0.831875 0.535625 0.019375 0.10125
1 0.70875 0.523125 0.011875 0.085
1 0.768125 0.524375 0.019375 0.105625