0 0.29375 0.3375 0.006875 0.01
0 0.285 0.336875 0.00875 0.01375
0 0.275625 0.338125 0.01 0.01375
0 0.26375 0.338125 0.01625 0.016875
0 0.2425 0.335625 0.030625 0.035
0 0.209375 0.32375 0.01875 0.01
0 0.204375 0.343125 0.04375 0.035
0 0.119375 0.34 0.10125 0.07625
0 0.34125 0.345625 0.009375 0.02375
0 0.37375 0.350625 0.015625 0.02625
0 0.311875 0.354375 0.00875 0.030625
0 0.0325 0.3525 0.065 0.07625
2 0.1775 0.32375 0.0625 0.07375
2 0.745 0.395625 0.505 0.79125
0 0.355 0.34375 0.015625 0.025
0 0.325 0.358125 0.0325 0.044375
0 0.39 0.350625 0.02 0.035