0 0.29375 0.3375 0.00703125 0.009375
0 0.28515625 0.33671875 0.00859375 0.0140625
0 0.275 0.33828125 0.01015625 0.0140625
0 0.2640625 0.33828125 0.01640625 0.01640625
0 0.2421875 0.33515625 0.03046875 0.034375
0 0.209375 0.3234375 0.01875 0.009375
0 0.2046875 0.34296875 0.04375 0.034375
0 0.11953125 0.340625 0.1015625 0.0765625
0 0.34140625 0.34609375 0.009375 0.0234375
0 0.3734375 0.35078125 0.015625 0.0265625
0 0.31171875 0.35390625 0.00859375 0.03046875
0 0.0328125 0.353125 0.06484375 0.0765625
2 0.178125 0.3234375 0.0625 0.0734375
2 0.7453125 0.39609375 0.5046875 0.79140625
0 0.3546875 0.34375 0.015625 0.025
0 0.325 0.35859375 0.0328125 0.04453125
0 0.390625 0.35078125 0.0203125 0.034375