0 0.6875 0.5078125 0.01484375 0.0109375
2 0.4953125 0.45 0.2171875 0.4171875
1 0.7265625 0.51875 0.01171875 0.0546875
1 0.3484375 0.515625 0.0078125 0.0390625
1 0.91640625 0.50625 0.0046875 0.01484375
1 0.328125 0.51875 0.0109375 0.0453125
1 0.7328125 0.50546875 0.00390625 0.0140625
1 0.9390625 0.5125 0.0125 0.03515625
1 0.7828125 0.50625 0.00390625 0.01484375
1 0.02421875 0.54296875 0.0484375 0.12890625
1 0.75625 0.540625 0.03203125 0.13359375
1 0.8109375 0.50546875 0.00390625 0.0140625
1 0.790625 0.50546875 0.00390625 0.01640625
1 0.7703125 0.51171875 0.00703125 0.03359375