1 0.838125 0.39625 0.015 0.05125
1 0.7825 0.406875 0.0175 0.04875
1 0.766875 0.401875 0.0175 0.068125
1 0.68125 0.398125 0.015 0.054375
1 0.64625 0.395 0.01 0.04875
0 0.158125 0.411875 0.02625 0.030625
0 0.29 0.391875 0.02375 0.02375
0 0.08 0.40375 0.130625 0.085
0 0.36625 0.393125 0.015 0.020625
0 0.37375 0.398125 0.015 0.016875
0 0.38375 0.39625 0.01 0.018125
0 0.403125 0.39875 0.011875 0.018125
0 0.41125 0.39625 0.013125 0.02375
0 0.424375 0.394375 0.015625 0.0275
0 0.44 0.398125 0.019375 0.030625
0 0.48 0.4 0.01875 0.02625
0 0.55375 0.39875 0.02875 0.0375
0 0.569375 0.40375 0.02625 0.0475
0 0.458125 0.401875 0.0275 0.044375
0 0.510625 0.425625 0.07125 0.095625
0 0.590625 0.40375 0.044375 0.0475
0 0.9275 0.408125 0.059375 0.055625