0 0.168125 0.45875 0.0175 0.05125
0 0.1025 0.4575 0.078125 0.08625
0 0.0425 0.469375 0.084375 0.091875
2 0.21375 0.414375 0.0925 0.16
2 0.469375 0.42 0.02125 0.030625
0 0.47375 0.44875 0.02625 0.035
0 0.504375 0.455625 0.038125 0.058125
0 0.52125 0.464375 0.05125 0.06375
0 0.875625 0.533125 0.17625 0.26
0 0.7 0.5575 0.353125 0.393125
0 0.943125 0.583125 0.111875 0.31125
0 0.35 0.48875 0.230625 0.36375
1 0.86125 0.395 0.015 0.030625
1 0.884375 0.395625 0.015 0.033125
0 0.909375 0.406875 0.03625 0.0725
1 0.988125 0.43 0.02125 0.081875