0 0.16796875 0.459375 0.0171875 0.0515625
0 0.10234375 0.4578125 0.078125 0.0859375
0 0.0421875 0.46953125 0.084375 0.09140625
2 0.2140625 0.41484375 0.0921875 0.159375
2 0.46875 0.4203125 0.02109375 0.03046875
0 0.4734375 0.4484375 0.0265625 0.034375
0 0.5046875 0.45546875 0.03828125 0.05859375
0 0.521875 0.46484375 0.0515625 0.0640625
0 0.87578125 0.53359375 0.1765625 0.259375
0 0.7 0.5578125 0.353125 0.39296875
0 0.94375 0.58359375 0.11171875 0.3109375
0 0.35 0.4890625 0.23046875 0.3640625
1 0.8609375 0.3953125 0.01484375 0.03046875
1 0.884375 0.39609375 0.01484375 0.03359375
0 0.909375 0.40703125 0.0359375 0.071875
1 0.9875 0.4296875 0.02109375 0.08203125