0 0.4375 0.34875 0.009375 0.016875
0 0.4275 0.345625 0.02 0.019375
2 0.409375 0.336875 0.019375 0.030625
2 0.403125 0.34125 0.02 0.033125
0 0.395625 0.351875 0.02375 0.02375
2 0.38 0.349375 0.0325 0.054375
0 0.36125 0.364375 0.031875 0.041875
0 0.351875 0.373125 0.02125 0.044375
0 0.331875 0.375 0.0425 0.055625
0 0.278125 0.381875 0.04375 0.04875
0 0.4975 0.348125 0.01625 0.0225
0 0.5075 0.355625 0.01875 0.0275
0 0.615625 0.43125 0.075 0.09875
0 0.624375 0.39125 0.08875 0.056875
0 0.4475 0.349375 0.019375 0.02625
0 0.39375 0.415 0.074375 0.119375
0 0.304375 0.411875 0.08375 0.116875
2 0.53375 0.36125 0.04375 0.079375
0 0.12625 0.429375 0.134375 0.119375
0 0.02125 0.46125 0.0425 0.1275
2 0.815 0.37625 0.36875 0.554375
1 0.19625 0.418125 0.02125 0.093125
1 0.206875 0.391875 0.019375 0.069375
1 0.2125 0.38 0.015625 0.065
1 0.2325 0.3875 0.0125 0.06375
1 0.249375 0.39625 0.011875 0.070625
1 0.26375 0.405 0.01625 0.075
1 0.06625 0.38375 0.019375 0.054375
1 0.04125 0.405625 0.0225 0.09
1 0.569375 0.3725 0.011875 0.05
1 0.62375 0.454375 0.050625 0.183125