1 0.300625 0.5325 0.011875 0.0375
1 0.289375 0.560625 0.0125 0.0625
1 0.274375 0.555625 0.0175 0.0725
1 0.668125 0.545625 0.0125 0.075
1 0.756875 0.54 0.015625 0.070625
0 0.229375 0.54 0.040625 0.04
0 0.1975 0.535 0.0225 0.035
0 0.17125 0.54 0.0425 0.03625
0 0.68 0.52875 0.028125 0.043125
0 0.715625 0.524375 0.025 0.044375
0 0.755 0.535625 0.0525 0.05
0 0.8675 0.498125 0.030625 0.016875
0 0.965 0.536875 0.068125 0.081875
0 0.869375 0.6225 0.253125 0.2375
0 0.09 0.670625 0.18 0.54125
2 0.495 0.63875 0.33875 0.480625