1 0.05125 0.424375 0.04 0.145625
1 0.03 0.435 0.019375 0.133125
0 0.413125 0.37625 0.015625 0.030625
0 0.405625 0.383125 0.015 0.030625
0 0.388125 0.38875 0.019375 0.041875
0 0.37875 0.400625 0.013125 0.0475
0 0.358125 0.401875 0.03625 0.06375
0 0.330625 0.414375 0.065 0.065
0 0.45125 0.380625 0.01 0.02625
0 0.46125 0.38 0.011875 0.0375
0 0.468125 0.39375 0.01875 0.0475
0 0.48375 0.38875 0.02625 0.055625
0 0.49125 0.400625 0.0275 0.06125
0 0.498125 0.410625 0.019375 0.055625
0 0.50875 0.419375 0.02125 0.070625
2 0.62 0.443125 0.231875 0.280625
0 0.74875 0.400625 0.0275 0.065
0 0.80875 0.418125 0.125 0.119375
0 0.85375 0.539375 0.29125 0.3