1 0.17125 0.405 0.0425 0.144375
1 0.885 0.52 0.075 0.333125
1 0.989375 0.57625 0.0175 0.316875
0 0.443125 0.461875 0.015 0.04
0 0.42875 0.4575 0.01875 0.04875
0 0.41375 0.454375 0.0125 0.04875
0 0.40125 0.445 0.02 0.0625
0 0.375625 0.43625 0.06 0.08875
0 0.309375 0.43125 0.111875 0.11125
0 0.47625 0.458125 0.0425 0.054375
0 0.50125 0.47125 0.015 0.0275
0 0.515 0.468125 0.00875 0.0275
0 0.525625 0.47125 0.011875 0.030625
0 0.539375 0.4675 0.02 0.0475
0 0.550625 0.46375 0.03125 0.06375
0 0.57875 0.4625 0.04375 0.083125
0 0.643125 0.46375 0.11375 0.165
0 0.7475 0.50375 0.215 0.233125