1 0.490625 0.61484375 0.01171875 0.0140625
1 0.478125 0.61328125 0.01171875 0.0109375
1 0.4640625 0.6125 0.01015625 0.00859375
1 0.453125 0.6125 0.01015625 0.00859375
1 0.421875 0.61328125 0.01171875 0.015625
0 0.521875 0.62734375 0.03515625 0.0625
0 0.5890625 0.62890625 0.02265625 0.05
2 0.6046875 0.6125 0.028125 0.05859375
0 0.1359375 0.615625 0.071875 0.05859375
0 0.21328125 0.609375 0.03515625 0.02890625
0 0.2734375 0.6171875 0.05546875 0.0359375
0 0.33046875 0.61328125 0.040625 0.03203125
0 0.40546875 0.615625 0.02421875 0.021875
0 0.71796875 0.646875 0.071875 0.071875
0 0.6375 0.63359375 0.03125 0.0359375
0 0.5515625 0.665625 0.09296875 0.13203125
0 0.4359375 0.615625 0.01640625 0.01796875