2 0.295 0.345 0.045 0.0725
0 0.806875 0.4325 0.0175 0.05125
0 0.99125 0.424375 0.015 0.03625
0 0.98375 0.425 0.02375 0.03625
0 0.961875 0.426875 0.02 0.0375
0 0.950625 0.43 0.02125 0.03625
0 0.911875 0.42 0.06 0.0625
1 0.836875 0.413125 0.009375 0.019375
1 0.858125 0.4275 0.015625 0.0525
0 0.835 0.424375 0.04625 0.056875
2 0.8725 0.416875 0.04 0.0725
0 0.749375 0.42625 0.093125 0.070625
0 0.385 0.398125 0.0725 0.120625
1 0.210625 0.375 0.02 0.075
1 0.47 0.40375 0.02 0.075
1 0.265625 0.3575 0.005625 0.04875