0 0.555625 0.551875 0.006875 0.0125
0 0.546875 0.548125 0.006875 0.01
0 0.546875 0.560625 0.01 0.0125
0 0.539375 0.544375 0.005625 0.01125
0 0.5325 0.545625 0.00625 0.01125
0 0.536875 0.555625 0.00875 0.01125
0 0.525625 0.54875 0.00625 0.01125
0 0.5275 0.56375 0.009375 0.01375
0 0.515625 0.550625 0.011875 0.01
0 0.52125 0.56125 0.006875 0.01375
0 0.508125 0.560625 0.005 0.015
0 0.501875 0.55875 0.011875 0.018125
0 0.51375 0.56625 0.011875 0.020625
0 0.505625 0.570625 0.013125 0.025
0 0.19 0.685625 0.2325 0.1725
0 0.799375 0.62625 0.1475 0.169375
0 0.44375 0.598125 0.040625 0.04875
0 0.095 0.67625 0.086875 0.105625
0 0.285625 0.616875 0.03375 0.035
0 0.485625 0.5675 0.01875 0.04
0 0.72 0.623125 0.056875 0.1125
0 0.690625 0.605625 0.0675 0.0975
0 0.655 0.601875 0.04375 0.079375
0 0.623125 0.58375 0.04875 0.07625
0 0.5875 0.56875 0.025625 0.055625
0 0.471875 0.576875 0.02 0.030625
0 0.5725 0.555 0.01 0.01125
0 0.568125 0.550625 0.00875 0.01375
0 0.36375 0.600625 0.034375 0.041875
1 0.403125 0.600625 0.003125 0.020625
1 0.408125 0.600625 0.005 0.02625
1 0.41625 0.598125 0.005 0.033125
1 0.41875 0.599375 0.005625 0.031875
1 0.475625 0.59625 0.0075 0.030625
1 0.57 0.58375 0.011875 0.035
0 0.53375 0.58125 0.019375 0.02625
2 0.0275 0.473125 0.05375 0.858125