1 0.743125 0.53625 0.028125 0.083125
1 0.82125 0.555625 0.049375 0.115
1 0.56375 0.49 0.01 0.02625
1 0.584375 0.4975 0.009375 0.019375
1 0.60875 0.5 0.01 0.029375
1 0.62625 0.504375 0.009375 0.0275
1 0.620625 0.500625 0.005 0.0275
1 0.32875 0.5575 0.053125 0.24875
1 0.38 0.5825 0.045 0.279375
0 0.14125 0.451875 0.030625 0.045625
0 0.1075 0.44875 0.061875 0.0725
0 0.293125 0.4625 0.0425 0.0375
0 0.531875 0.494375 0.05875 0.070625
0 0.485 0.493125 0.04375 0.0475
0 0.39625 0.56875 0.131875 0.225
0 0.559375 0.519375 0.075 0.043125
0 0.481875 0.535 0.053125 0.07375
0 0.58625 0.7475 0.34 0.441875