2 0.2671875 0.3609375 0.0265625 0.034375
2 0.24375 0.36875 0.02265625 0.025
2 0.221875 0.359375 0.0125 0.0359375
0 0.2078125 0.375 0.02421875 0.02109375
0 0.109375 0.3828125 0.03828125 0.0359375
0 0.14921875 0.37734375 0.071875 0.05546875
0 0.0546875 0.3921875 0.10546875 0.05
1 0.996875 0.38125 0.00625 0.09140625
1 0.76328125 0.3671875 0.00703125 0.05859375
0 0.7453125 0.3703125 0.02421875 0.025
0 0.4265625 0.384375 0.0515625 0.0765625
0 0.340625 0.41328125 0.14765625 0.190625
0 0.50625 0.40625 0.0734375 0.1
0 0.475 0.36640625 0.02421875 0.0234375