1 0.068125 0.61875 0.03 0.11125
1 0.9675 0.65375 0.061875 0.283125
1 0.913125 0.65625 0.0475 0.1725
1 0.7925 0.6375 0.03625 0.18625
1 0.758125 0.64375 0.0425 0.19875
1 0.7275 0.633125 0.03375 0.156875
1 0.27875 0.6175 0.036875 0.1125
1 0.50375 0.643125 0.00875 0.03875
1 0.47 0.6375 0.009375 0.043125
1 0.335 0.64125 0.01 0.03625
0 0.30375 0.6375 0.035 0.056875
0 0.2525 0.63125 0.056875 0.079375
0 0.38625 0.641875 0.03 0.04
0 0.4175 0.64125 0.030625 0.031875
0 0.545 0.63375 0.06125 0.094375
0 0.444375 0.644375 0.03125 0.016875
1 0.4925 0.62875 0.00875 0.03875
0 0.48625 0.63875 0.013125 0.018125