0 0.259375 0.49375 0.02890625 0.034375
0 0.2015625 0.49140625 0.08984375 0.05390625
0 0.521875 0.5140625 0.03671875 0.07109375
0 0.3671875 0.50625 0.01484375 0.0140625
0 0.3515625 0.50625 0.015625 0.0140625
0 0.42578125 0.496875 0.01328125 0.0234375
0 0.4703125 0.4703125 0.03046875 0.02109375
0 0.5 0.49140625 0.0171875 0.0265625
2 0.3234375 0.503125 0.02109375 0.02109375
0 0.3703125 0.45546875 0.0171875 0.0140625
0 0.4109375 0.5109375 0.0359375 0.05546875
0 0.46875 0.540625 0.0765625 0.12890625
2 0.06015625 0.44765625 0.1203125 0.15390625