1 0.13875 0.519375 0.0275 0.09
2 0.059375 0.523125 0.1175 0.0975
0 0.1325 0.525625 0.06375 0.0625
0 0.92125 0.67 0.155625 0.366875
1 0.99 0.48375 0.015 0.106875
1 0.94875 0.5 0.035 0.104375
1 0.884375 0.50125 0.024375 0.13625
1 0.82875 0.488125 0.01875 0.09
1 0.328125 0.506875 0.009375 0.05125
1 0.80375 0.486875 0.013125 0.0725
1 0.7875 0.474375 0.013125 0.043125
1 0.743125 0.46375 0.009375 0.0225
1 0.724375 0.46375 0.0075 0.0225
1 0.7125 0.4625 0.01125 0.019375
1 0.8475 0.486875 0.01125 0.068125
1 0.629375 0.488125 0.01125 0.045625
1 0.618125 0.480625 0.0075 0.03625
1 0.63375 0.475625 0.006875 0.02625
1 0.7575 0.45125 0.0075 0.03625
1 0.660625 0.488125 0.0075 0.045625
1 0.6925 0.47375 0.0125 0.03625
1 0.644375 0.48875 0.01125 0.04875
0 0.74 0.55375 0.16375 0.168125
0 0.515 0.5425 0.1275 0.185
0 0.595 0.483125 0.024375 0.041875
0 0.400625 0.50125 0.045 0.0525
0 0.36875 0.50125 0.02875 0.0525
0 0.35 0.47875 0.03125 0.031875
0 0.463125 0.481875 0.02 0.0525
0 0.571875 0.49375 0.013125 0.033125