0 0.435 0.791875 0.009375 0.016875
0 0.429375 0.795 0.0075 0.0125
0 0.40875 0.8 0.009375 0.02375
0 0.37375 0.81 0.01875 0.0275
0 0.17125 0.836875 0.11 0.075
0 0.063125 0.84625 0.106875 0.085
0 0.04125 0.873125 0.081875 0.080625
0 0.73375 0.863125 0.2475 0.269375
1 0.475625 0.78875 0.00625 0.025
2 0.475625 0.785625 0.015625 0.025
2 0.496875 0.783125 0.0225 0.03875
0 0.566875 0.80875 0.086875 0.133125
0 0.42125 0.79625 0.01 0.019375
0 0.394375 0.805625 0.02 0.030625
0 0.346875 0.81875 0.03875 0.05
0 0.264375 0.83375 0.07 0.094375
0 0.443125 0.793125 0.009375 0.0125
0 0.450625 0.789375 0.0075 0.015