0 0.380625 0.505625 0.01375 0.02625
0 0.39125 0.498125 0.01 0.01125
0 0.4325 0.494375 0.01 0.018125
0 0.444375 0.488125 0.009375 0.019375
0 0.45125 0.494375 0.01 0.020625
2 0.46375 0.485625 0.021875 0.0475
0 0.480625 0.498125 0.009375 0.020625
0 0.491875 0.498125 0.009375 0.029375
0 0.5075 0.498125 0.025 0.043125
0 0.52625 0.486875 0.028125 0.043125
0 0.53375 0.500625 0.02125 0.04875
0 0.55125 0.48875 0.02625 0.068125
0 0.585 0.49 0.06625 0.0725
0 0.781875 0.493125 0.19625 0.195625
0 0.363125 0.51125 0.0075 0.02625
0 0.34625 0.510625 0.02625 0.031875
0 0.31125 0.508125 0.05 0.06375
2 0.25625 0.501875 0.053125 0.080625
2 0.185 0.500625 0.09125 0.119375
2 0.085 0.48625 0.168125 0.21
0 0.0425 0.59875 0.0825 0.1625
0 0.89125 0.73875 0.2175 0.4775
0 0.93375 0.443125 0.12625 0.135