0 0.4703125 0.5125 0.01875 0.0265625
0 0.5015625 0.5125 0.0125 0.0265625
0 0.4484375 0.515625 0.02578125 0.0359375
0 0.4265625 0.51171875 0.021875 0.02890625
0 0.4875 0.515625 0.02734375 0.04140625
0 0.3453125 0.5140625 0.03828125 0.053125
0 0.303125 0.5265625 0.0515625 0.06796875
2 0.10859375 0.52890625 0.16015625 0.16953125
0 0.5234375 0.521875 0.02890625 0.02890625
2 0.56484375 0.515625 0.0640625 0.09453125
0 0.615625 0.52890625 0.065625 0.15546875
0 0.6765625 0.5453125 0.140625 0.19140625
0 0.8015625 0.603125 0.2734375 0.284375
0 0.921875 0.66328125 0.1546875 0.32109375
0 0.02265625 0.5421875 0.04375 0.17890625
1 0.2546875 0.5109375 0.01875 0.05859375
1 0.971875 0.496875 0.0296875 0.09140625
1 0.903125 0.46484375 0.02734375 0.1015625