0 0.47 0.5125 0.01875 0.02625
0 0.501875 0.5125 0.0125 0.02625
0 0.44875 0.515 0.025625 0.03625
0 0.42625 0.511875 0.021875 0.029375
0 0.4875 0.515 0.0275 0.041875
0 0.345625 0.51375 0.038125 0.0525
0 0.303125 0.52625 0.05125 0.068125
2 0.10875 0.529375 0.16 0.169375
0 0.52375 0.5225 0.02875 0.029375
2 0.565 0.51625 0.06375 0.094375
0 0.615625 0.529375 0.065625 0.155625
0 0.67625 0.545 0.140625 0.191875
0 0.80125 0.6025 0.27375 0.285
0 0.9225 0.663125 0.155 0.320625
0 0.0225 0.5425 0.04375 0.179375
1 0.255 0.51125 0.01875 0.058125
1 0.971875 0.49625 0.03 0.091875
1 0.90375 0.464375 0.0275 0.10125