2 0.41625 0.3775 0.040625 0.069375
1 0.14125 0.385625 0.04375 0.168125
1 0.211875 0.40125 0.05375 0.18875
1 0.254375 0.39625 0.02875 0.125
1 0.2725 0.383125 0.030625 0.093125
1 0.28375 0.408125 0.01875 0.09875
1 0.30375 0.40375 0.01125 0.08625
1 0.3325 0.4025 0.01625 0.06375
1 0.3175 0.395625 0.015 0.081875
1 0.7525 0.504375 0.015625 0.079375
1 0.7375 0.479375 0.01125 0.0775
1 0.713125 0.5025 0.015 0.083125
1 0.76375 0.50125 0.019375 0.091875
1 0.655 0.475625 0.013125 0.068125
1 0.645 0.444375 0.00875 0.019375
0 0.380625 0.424375 0.07125 0.09
0 0.6025 0.47625 0.043125 0.093125
0 0.886875 0.558125 0.218125 0.180625
0 0.895625 0.68625 0.206875 0.3125
0 0.49625 0.530625 0.205625 0.305625
0 0.57875 0.44125 0.02625 0.0775