0 0.433125 0.275625 0.011875 0.016875
0 0.430625 0.294375 0.0175 0.020625
0 0.4175 0.31375 0.015 0.018125
0 0.410625 0.329375 0.015 0.020625
0 0.40375 0.344375 0.019375 0.0275
0 0.386875 0.349375 0.0175 0.033125
0 0.3675 0.35125 0.03625 0.0475
0 0.361875 0.361875 0.025 0.035
0 0.3425 0.373125 0.036875 0.041875
0 0.2925 0.386875 0.0575 0.079375
0 0.186875 0.43625 0.09 0.1225
0 0.121875 0.470625 0.111875 0.16
1 0.0725 0.556875 0.12625 0.40125
1 0.02875 0.5675 0.0575 0.375
0 0.4525 0.3425 0.01 0.0275
0 0.466875 0.3375 0.01 0.0375
0 0.474375 0.345625 0.015625 0.04
0 0.488125 0.35625 0.03125 0.05125
0 0.500625 0.366875 0.04 0.0725
0 0.518125 0.38375 0.044375 0.093125
0 0.550625 0.3925 0.069375 0.12375
0 0.58375 0.419375 0.1075 0.154375
0 0.4425 0.348125 0.0225 0.035
0 0.640625 0.474375 0.145 0.17625