0 0.45125 0.393125 0.019375 0.01375
0 0.473125 0.4075 0.011875 0.0275
0 0.4675 0.40875 0.0125 0.019375
0 0.485625 0.425 0.028125 0.03625
0 0.4525 0.413125 0.021875 0.030625
0 0.44875 0.42125 0.019375 0.0225
0 0.430625 0.4025 0.013125 0.015
0 0.731875 0.451875 0.063125 0.1125
0 0.11375 0.593125 0.2275 0.55
1 0.245 0.425 0.01 0.05
1 0.959375 0.476875 0.019375 0.16125
1 0.981875 0.46875 0.019375 0.16125
1 0.99125 0.473125 0.015625 0.181875
1 0.824375 0.448125 0.01375 0.0775
1 0.813125 0.439375 0.01625 0.0875
1 0.795625 0.439375 0.01375 0.081875
1 0.9375 0.466875 0.04375 0.179375
1 0.97125 0.480625 0.0325 0.168125
1 0.25625 0.425625 0.011875 0.054375
0 0.413125 0.4425 0.05625 0.081875
0 0.59875 0.49 0.231875 0.32625