1 0.816875 0.389375 0.0275 0.13625
1 0.715 0.39125 0.02125 0.129375
1 0.67875 0.38625 0.025 0.13875
1 0.63875 0.394375 0.0275 0.1225
1 0.596875 0.385 0.019375 0.116875
1 0.72625 0.383125 0.01875 0.10125
1 0.69375 0.388125 0.02125 0.129375
1 0.66375 0.388125 0.015 0.129375
1 0.651875 0.395 0.0175 0.115
1 0.614375 0.3775 0.02625 0.1125
1 0.556875 0.3425 0.011875 0.02375
0 0.224375 0.35 0.0425 0.06125
0 0.323125 0.35 0.015625 0.041875
0 0.30875 0.34875 0.02625 0.06375
0 0.39 0.355625 0.02375 0.044375
0 0.35375 0.3575 0.0475 0.068125
0 0.273125 0.350625 0.063125 0.08625
0 0.468125 0.3825 0.213125 0.12625
0 0.94875 0.40375 0.10125 0.145625
0 0.01625 0.335625 0.0325 0.03875