0 0.496875 0.43875 0.011875 0.025
0 0.47 0.450625 0.01625 0.02375
0 0.46 0.44875 0.009375 0.03625
0 0.43 0.45375 0.03125 0.0475
0 0.365 0.46875 0.03 0.068125
0 0.4 0.47375 0.056875 0.056875
0 0.33375 0.47875 0.05625 0.06125
1 0.151875 0.47 0.01125 0.0475
1 0.1425 0.48125 0.013125 0.05125
1 0.12875 0.485625 0.015625 0.068125
1 0.10875 0.505625 0.025 0.095625
1 0.06125 0.51 0.018125 0.091875
1 0.04625 0.518125 0.01875 0.091875
0 0.21375 0.50375 0.175625 0.095625
0 0.545 0.425 0.013125 0.056875
0 0.6275 0.475625 0.169375 0.129375
1 0.745 0.58625 0.10125 0.40125
0 0.796875 0.398125 0.034375 0.03875
0 0.8275 0.405 0.02625 0.033125
0 0.85 0.41 0.02875 0.04
0 0.88375 0.406875 0.04 0.03875
0 0.5275 0.43125 0.021875 0.031875
1 0.55625 0.438125 0.011875 0.03875