0 0.02125 0.825625 0.04125 0.318125
0 0.018125 0.661875 0.034375 0.091875
1 0.095 0.6375 0.0275 0.081875
1 0.13 0.6425 0.018125 0.081875
1 0.006875 0.600625 0.013125 0.058125
1 0.038125 0.635 0.02 0.0875
1 0.051875 0.63625 0.0125 0.080625
1 0.1575 0.643125 0.015 0.06125
1 0.813125 0.685625 0.025625 0.11125
1 0.8475 0.683125 0.0325 0.130625
1 0.873125 0.699375 0.025625 0.094375
0 0.244375 0.650625 0.111875 0.065
0 0.455 0.7125 0.1875 0.31125
0 0.08625 0.63625 0.08375 0.065
0 0.365625 0.68 0.05125 0.143125
2 0.638125 0.69375 0.1625 0.24
0 0.32 0.664375 0.036875 0.043125