1 0.88359375 0.47578125 0.0265625 0.109375
1 0.82890625 0.4578125 0.01875 0.08203125
1 0.77421875 0.45859375 0.01875 0.08046875
1 0.7390625 0.46015625 0.025 0.09453125
1 0.2546875 0.4234375 0.01171875 0.071875
1 0.134375 0.42265625 0.0171875 0.09453125
1 0.153125 0.428125 0.01953125 0.10546875
1 0.0796875 0.43359375 0.0375 0.134375
1 0.09921875 0.4078125 0.0125 0.10390625
1 0.1046875 0.42578125 0.0125 0.1
1 0.11875 0.43203125 0.0140625 0.10390625
1 0.26640625 0.421875 0.0109375 0.06640625
1 0.7140625 0.4515625 0.01171875 0.059375
1 0.6921875 0.43046875 0.00859375 0.03359375
1 0.984375 0.465625 0.0296875 0.2265625
0 0.32734375 0.4296875 0.0625 0.0765625
0 0.4078125 0.440625 0.0734375 0.09609375
0 0.35546875 0.421875 0.040625 0.07109375
0 0.4515625 0.43359375 0.01953125 0.028125
1 0.2421875 0.421875 0.01171875 0.075