1 0.88375 0.475625 0.02625 0.11
1 0.82875 0.4575 0.01875 0.081875
1 0.774375 0.458125 0.01875 0.080625
1 0.73875 0.460625 0.025 0.094375
1 0.254375 0.42375 0.011875 0.0725
1 0.135 0.423125 0.0175 0.094375
1 0.15375 0.4275 0.019375 0.105625
1 0.08 0.433125 0.0375 0.135
1 0.099375 0.4075 0.0125 0.104375
1 0.104375 0.425625 0.0125 0.1
1 0.118125 0.431875 0.01375 0.104375
1 0.26625 0.42125 0.01125 0.066875
1 0.71375 0.45125 0.011875 0.06
1 0.6925 0.430625 0.00875 0.033125
1 0.98375 0.46625 0.03 0.22625
0 0.3275 0.43 0.0625 0.07625
0 0.4075 0.44 0.07375 0.095625
0 0.355625 0.4225 0.040625 0.070625
0 0.451875 0.433125 0.019375 0.0275
1 0.241875 0.4225 0.011875 0.075