0 0.44375 0.573125 0.01 0.0275
0 0.425625 0.575625 0.03 0.0475
0 0.4225 0.585 0.025625 0.044375
0 0.40875 0.599375 0.02375 0.055625
0 0.355 0.61375 0.0825 0.118125
0 0.394375 0.6075 0.03 0.075
0 0.331875 0.6475 0.10875 0.154375
0 0.5425 0.57125 0.013125 0.02625
0 0.555625 0.57875 0.021875 0.045625
0 0.575625 0.588125 0.046875 0.0625
0 0.6275 0.5975 0.080625 0.09875
0 0.771875 0.655625 0.175625 0.16
0 0.46 0.563125 0.021875 0.0275
0 0.47875 0.560625 0.015625 0.02625
0 0.51625 0.55375 0.01625 0.020625
1 0.063125 0.686875 0.056875 0.285
1 0.513125 0.62 0.093125 0.12625
1 0.783125 0.5575 0.015625 0.06375
1 0.7625 0.57375 0.015625 0.058125