1 0.078125 0.589375 0.02875 0.10125
1 0.14875 0.575625 0.025 0.095625
1 0.18375 0.57 0.01875 0.085
1 0.298125 0.54875 0.015625 0.06125
1 0.02375 0.598125 0.034375 0.12625
1 0.285625 0.55 0.011875 0.054375
1 0.263125 0.55625 0.015 0.05125
1 0.384375 0.55125 0.009375 0.033125
1 0.37625 0.55625 0.011875 0.0275
1 0.66875 0.539375 0.01 0.0375
1 0.67875 0.539375 0.009375 0.0375
1 0.65625 0.538125 0.011875 0.04
1 0.64125 0.54125 0.009375 0.04
1 0.00375 0.62375 0.0075 0.168125
0 0.200625 0.56 0.06875 0.04
0 0.1225 0.555 0.05 0.02625
0 0.598125 0.54875 0.0225 0.0475
0 0.925 0.501875 0.0325 0.0275
0 0.875625 0.519375 0.084375 0.0725
0 0.81875 0.51875 0.02875 0.033125
0 0.0725 0.579375 0.145 0.075
0 0.75125 0.55 0.153125 0.133125
0 0.5125 0.6475 0.206875 0.31
0 0.964375 0.500625 0.038125 0.04