0 0.545625 0.585625 0.011875 0.019375
0 0.515625 0.58375 0.015625 0.016875
0 0.4925 0.586875 0.0175 0.015
0 0.56125 0.5825 0.01875 0.01375
0 0.581875 0.580625 0.015625 0.01375
0 0.1675 0.58875 0.050625 0.0475
0 0.5325 0.5875 0.02375 0.030625
0 0.67125 0.6025 0.08875 0.12375
2 0.4075 0.575625 0.02625 0.035
2 0.391875 0.56875 0.02375 0.04875
2 0.355 0.564375 0.05875 0.056875
2 0.304375 0.5675 0.0625 0.058125
2 0.231875 0.561875 0.140625 0.07625
0 0.03 0.586875 0.06 0.068125
2 0.07625 0.54625 0.1525 0.135