0 0.503125 0.416875 0.006875 0.015
0 0.51125 0.4175 0.00625 0.01375
0 0.52625 0.43375 0.011875 0.04
0 0.543125 0.4375 0.040625 0.068125
0 0.561875 0.456875 0.055625 0.08875
0 0.4425 0.4125 0.006875 0.0125
0 0.4375 0.4225 0.009375 0.0275
0 0.43375 0.42125 0.015 0.0275
0 0.42125 0.425 0.021875 0.03875
0 0.405625 0.424375 0.02875 0.054375
0 0.383125 0.426875 0.0425 0.065
0 0.368125 0.431875 0.03625 0.069375
1 0.29625 0.430625 0.02 0.1275
1 0.3275 0.439375 0.0225 0.108125
1 0.3075 0.43125 0.01875 0.129375
1 0.2725 0.43 0.01875 0.083125
1 0.58 0.404375 0.0075 0.019375
1 0.59875 0.4125 0.01125 0.030625
1 0.6175 0.425625 0.01 0.0525
1 0.62375 0.44375 0.01 0.07625
1 0.601875 0.4525 0.015 0.080625
1 0.630625 0.46125 0.021875 0.116875
1 0.73 0.45875 0.03125 0.15125
1 0.76375 0.45625 0.02 0.145625
1 0.7925 0.4625 0.018125 0.120625
1 0.814375 0.448125 0.0225 0.130625
1 0.8475 0.450625 0.024375 0.130625
1 0.766875 0.465 0.03875 0.14875
0 0.93625 0.48 0.125 0.14875
1 0.018125 0.363125 0.028125 0.056875
0 0.1325 0.41 0.261875 0.245625
0 0.47375 0.445625 0.07625 0.115