1 0.36796875 0.5328125 0.02265625 0.13359375
1 0.5125 0.534375 0.015625 0.06953125
0 0.63671875 0.528125 0.01328125 0.028125
0 0.625 0.53203125 0.01640625 0.04453125
0 0.6125 0.53125 0.01953125 0.05703125
0 0.5796875 0.5390625 0.059375 0.07890625
0 0.0828125 0.54296875 0.165625 0.1234375
0 0.6828125 0.52890625 0.01171875 0.0265625
2 0.7015625 0.5171875 0.02734375 0.05
0 0.70625 0.53828125 0.02734375 0.04296875
0 0.73125 0.53203125 0.03125 0.05859375
0 0.76328125 0.53828125 0.0640625 0.084375
1 0.76875 0.53046875 0.025 0.1109375
0 0.9328125 0.553125 0.13125 0.459375