1 0.01640625 0.5140625 0.009375 0.04453125
1 0.35625 0.4765625 0.009375 0.0515625
1 0.8890625 0.46796875 0.0203125 0.0765625
1 0.9171875 0.34453125 0.021875 0.08046875
0 0.3890625 0.459375 0.0109375 0.01953125
0 0.38125 0.46484375 0.01328125 0.02109375
0 0.36875 0.4640625 0.0140625 0.0234375
0 0.325 0.47578125 0.0203125 0.02109375
0 0.296875 0.48359375 0.02734375 0.028125
0 0.2234375 0.4796875 0.03359375 0.02890625
0 0.196875 0.48203125 0.040625 0.0390625
0 0.1546875 0.4921875 0.071875 0.0390625
0 0.25625 0.4859375 0.04296875 0.04296875
0 0.48359375 0.4625 0.00703125 0.04453125
0 0.50234375 0.465625 0.02734375 0.046875
0 0.5328125 0.48125 0.0421875 0.06796875
0 0.6578125 0.49609375 0.04921875 0.071875
0 0.440625 0.478125 0.08671875 0.13203125
0 0.6 0.50546875 0.10546875 0.13203125
0 0.746875 0.48984375 0.13203125 0.159375
0 0.95859375 0.471875 0.0828125 0.08046875