1 0.01625 0.51375 0.009375 0.044375
1 0.355625 0.47625 0.009375 0.05125
1 0.88875 0.468125 0.02 0.07625
1 0.9175 0.344375 0.021875 0.080625
0 0.38875 0.46 0.01125 0.019375
0 0.38125 0.464375 0.013125 0.020625
0 0.36875 0.46375 0.01375 0.02375
0 0.325 0.475625 0.02 0.020625
0 0.2975 0.483125 0.0275 0.0275
0 0.22375 0.48 0.03375 0.029375
0 0.1975 0.481875 0.040625 0.03875
0 0.155 0.4925 0.071875 0.03875
0 0.255625 0.48625 0.043125 0.043125
0 0.48375 0.4625 0.006875 0.044375
0 0.5025 0.46625 0.0275 0.0475
0 0.5325 0.48125 0.0425 0.068125
0 0.658125 0.495625 0.049375 0.0725
0 0.44125 0.4775 0.086875 0.131875
0 0.599375 0.505625 0.105625 0.131875
0 0.746875 0.489375 0.131875 0.16
0 0.95875 0.47125 0.0825 0.080625