0 0.335625 0.3725 0.01625 0.018125
0 0.318125 0.37 0.015 0.0275
0 0.303125 0.375 0.0175 0.031875
0 0.281875 0.3725 0.0325 0.054375
0 0.264375 0.38625 0.04375 0.05
0 0.21875 0.398125 0.0425 0.068125
0 0.16625 0.3975 0.068125 0.093125
0 0.405 0.375 0.00375 0.030625
0 0.41125 0.375625 0.01375 0.03625
0 0.42 0.37875 0.018125 0.043125
0 0.430625 0.3825 0.035 0.05
0 0.44875 0.391875 0.040625 0.05125
0 0.09625 0.414375 0.13375 0.108125
0 0.55875 0.44125 0.08 0.1975
2 0.665 0.46125 0.193125 0.31375
0 0.87 0.638125 0.256875 0.558125
1 0.49625 0.383125 0.01 0.0525
1 0.53375 0.389375 0.01625 0.055625
0 0.380625 0.3675 0.0175 0.02375