1 0.019375 0.516875 0.036875 0.335
1 0.059375 0.510625 0.028125 0.204375
1 0.751875 0.501875 0.00625 0.0225
1 0.74625 0.501875 0.006875 0.033125
1 0.73875 0.504375 0.009375 0.0275
1 0.723125 0.51125 0.009375 0.035
1 0.70375 0.5175 0.01 0.04
1 0.693125 0.511875 0.01 0.045625
1 0.713125 0.510625 0.011875 0.055625
0 0.63 0.523125 0.045 0.08625
0 0.47625 0.50125 0.019375 0.04875
0 0.48875 0.513125 0.02125 0.0475
0 0.51125 0.5175 0.0375 0.0725
0 0.845 0.555625 0.305625 0.42625
0 0.3625 0.549375 0.234375 0.3275
0 0.56625 0.526875 0.111875 0.16375
1 0.128125 0.46875 0.03 0.0875
2 0.450625 0.455625 0.03625 0.0975