0 0.12 0.53625 0.238125 0.2475
0 0.56875 0.53875 0.01625 0.066875
0 0.619375 0.560625 0.0925 0.130625
1 0.323125 0.55 0.0325 0.115
1 0.285 0.551875 0.01875 0.1025
1 0.255 0.56 0.015625 0.108125
1 0.243125 0.551875 0.015625 0.11375
1 0.23 0.5575 0.01875 0.125
1 0.21125 0.525625 0.0175 0.058125
1 0.190625 0.523125 0.024375 0.0625
1 0.38625 0.550625 0.01375 0.075
1 0.395625 0.550625 0.011875 0.080625
1 0.359375 0.536875 0.009375 0.0375
1 0.71375 0.53 0.019375 0.119375
1 0.728125 0.52875 0.01875 0.1125
1 0.75125 0.524375 0.038125 0.143125
1 0.900625 0.523125 0.025625 0.105625
1 0.87 0.516875 0.01125 0.08875
1 0.778125 0.514375 0.01375 0.081875
1 0.69875 0.533125 0.01625 0.120625