0 0.1203125 0.5359375 0.23828125 0.246875
0 0.56875 0.5390625 0.01640625 0.06640625
0 0.61875 0.56015625 0.0921875 0.13046875
1 0.3234375 0.55 0.0328125 0.115625
1 0.28515625 0.55234375 0.01875 0.103125
1 0.2546875 0.559375 0.015625 0.10859375
1 0.24296875 0.55234375 0.015625 0.1140625
1 0.2296875 0.5578125 0.01875 0.125
1 0.2109375 0.52578125 0.0171875 0.05859375
1 0.190625 0.52265625 0.02421875 0.0625
1 0.3859375 0.55078125 0.0140625 0.075
1 0.3953125 0.55078125 0.01171875 0.08046875
1 0.359375 0.53671875 0.009375 0.0375
1 0.7140625 0.5296875 0.01953125 0.11953125
1 0.728125 0.528125 0.01875 0.1125
1 0.7515625 0.52421875 0.03828125 0.14296875
1 0.90078125 0.52265625 0.02578125 0.10546875
1 0.8703125 0.51640625 0.0109375 0.0890625
1 0.778125 0.51484375 0.0140625 0.08203125
1 0.6984375 0.53359375 0.01640625 0.12109375