0 0.52875 0.385 0.0075 0.0225
0 0.536875 0.3975 0.01125 0.0225
0 0.539375 0.4125 0.01125 0.01375
0 0.543125 0.42125 0.0125 0.0225
0 0.53625 0.425 0.0125 0.019375
0 0.52875 0.4175 0.0075 0.02375
0 0.56375 0.425 0.01625 0.02375
0 0.574375 0.42875 0.025625 0.03625
0 0.589375 0.43125 0.02 0.045625
0 0.603125 0.43125 0.025625 0.045625
0 0.610625 0.438125 0.021875 0.055625
0 0.63625 0.439375 0.045 0.068125
0 0.6475 0.45125 0.038125 0.0625
0 0.669375 0.4575 0.05125 0.080625
0 0.71625 0.46875 0.08875 0.11125
0 0.7825 0.495 0.136875 0.130625
0 0.48875 0.406875 0.021875 0.03625
2 0.4525 0.404375 0.019375 0.045625
0 0.43375 0.411875 0.02375 0.03625
0 0.425625 0.416875 0.018125 0.031875
0 0.4275 0.448125 0.01875 0.03625
1 0.95125 0.4575 0.038125 0.1
1 0.819375 0.405625 0.01625 0.043125