0 0.25375 0.4225 0.05375 0.055625
0 0.21125 0.4225 0.065625 0.065
0 0.42125 0.4225 0.015 0.0275
0 0.408125 0.420625 0.0225 0.030625
0 0.38875 0.420625 0.036875 0.044375
0 0.519375 0.411875 0.009375 0.020625
0 0.526875 0.413125 0.015 0.02375
0 0.535 0.416875 0.011875 0.030625
0 0.54625 0.420625 0.0225 0.04
0 0.5625 0.431875 0.0175 0.0375
0 0.57375 0.430625 0.01875 0.04875
0 0.601875 0.420625 0.05125 0.08625
0 0.6125 0.44375 0.04875 0.075
0 0.635625 0.455 0.05 0.08875
2 0.43875 0.40375 0.02875 0.055625
0 0.49625 0.406875 0.011875 0.016875
0 0.4575 0.41 0.01 0.02625
0 0.465 0.40625 0.015 0.02375
0 0.688125 0.473125 0.10375 0.11
0 0.36125 0.4325 0.038125 0.04875
0 0.310625 0.43625 0.059375 0.055625
2 0.491875 0.39625 0.01875 0.0375
0 0.02875 0.431875 0.056875 0.085
0 0.87625 0.51875 0.246875 0.3275