1 0.035625 0.45375 0.015625 0.020625
1 0.100625 0.46125 0.013125 0.02375
1 0.69625 0.505625 0.015 0.116875
1 0.684375 0.5275 0.02125 0.12375
1 0.599375 0.50875 0.02375 0.14
1 0.5775 0.508125 0.035 0.130625
1 0.630625 0.4775 0.013125 0.07375
1 0.52125 0.450625 0.009375 0.041875
1 0.406875 0.46375 0.00875 0.03625
0 0.430625 0.46125 0.01125 0.02375
0 0.425 0.46 0.01125 0.0275
0 0.41375 0.464375 0.01625 0.0225
0 0.400625 0.4575 0.018125 0.029375
0 0.39375 0.460625 0.011875 0.02625
0 0.38625 0.461875 0.01 0.029375
0 0.38 0.4625 0.01 0.030625
0 0.37375 0.4625 0.011875 0.030625
0 0.36375 0.4625 0.015 0.033125
0 0.351875 0.46625 0.02 0.03625
0 0.30375 0.474375 0.025 0.035
0 0.28375 0.47375 0.031875 0.041875
0 0.270625 0.480625 0.028125 0.03875
0 0.253125 0.4525 0.03625 0.016875
0 0.24125 0.475625 0.04375 0.056875
0 0.475625 0.54125 0.1325 0.193125
0 0.44 0.445625 0.015 0.015
0 0.17125 0.48625 0.06 0.065
0 0.144375 0.48625 0.02 0.065
0 0.1175 0.498125 0.069375 0.056875
0 0.05125 0.50125 0.09375 0.083125
0 0.013125 0.52 0.025625 0.069375