1 0.055625 0.501875 0.01875 0.0625
1 0.155 0.481875 0.00875 0.04
1 0.16625 0.483125 0.01125 0.043125
1 0.185 0.501875 0.035 0.104375
1 0.22875 0.494375 0.021875 0.09
1 0.265625 0.4875 0.02625 0.08875
1 0.3475 0.47125 0.015 0.07625
1 0.3425 0.4525 0.01 0.054375
1 0.561875 0.523125 0.074375 0.36375
1 0.586875 0.54625 0.061875 0.206875
1 0.669375 0.4775 0.04125 0.26375
1 0.82 0.44375 0.03875 0.22375
1 0.855 0.44125 0.05 0.23875
1 0.9025 0.466875 0.04 0.205625
0 0.1125 0.508125 0.065 0.07625
0 0.144375 0.48625 0.018125 0.035
0 0.195625 0.4825 0.0325 0.03875
0 0.241875 0.4775 0.018125 0.043125
0 0.299375 0.461875 0.0175 0.02625
0 0.6325 0.455 0.0325 0.070625
0 0.790625 0.435 0.219375 0.183125
0 0.0175 0.77 0.034375 0.269375