1 0.1125 0.57625 0.049375 0.22625
1 0.145625 0.56625 0.046875 0.19875
1 0.4275 0.543125 0.024375 0.11375
1 0.6575 0.53875 0.018125 0.065
1 0.58 0.539375 0.02 0.07375
1 0.62125 0.54 0.02 0.08625
0 0.8575 0.529375 0.011875 0.018125
0 0.825 0.531875 0.025 0.029375
0 0.8075 0.531875 0.0125 0.016875
0 0.8025 0.539375 0.021875 0.03875
0 0.970625 0.541875 0.034375 0.05125
0 0.78125 0.53625 0.04 0.056875
0 0.766875 0.545 0.036875 0.0475
0 0.84625 0.53375 0.018125 0.0225
0 0.711875 0.53625 0.06875 0.091875
0 0.90125 0.539375 0.04625 0.056875
2 0.9425 0.52 0.04375 0.075
0 0.9875 0.54875 0.024375 0.0775