2 0.349375 0.53 0.0125 0.0275
0 0.365 0.536875 0.0125 0.0225
0 0.375625 0.5375 0.01 0.0125
0 0.336875 0.5375 0.006875 0.016875
0 0.3275 0.54 0.018125 0.018125
0 0.313125 0.543125 0.02125 0.03875
0 0.30625 0.545 0.02375 0.03875
0 0.2825 0.545625 0.036875 0.044375
0 0.263125 0.56125 0.03875 0.0525
0 0.38875 0.5425 0.015 0.033125
0 0.394375 0.545625 0.015 0.033125
0 0.39875 0.548125 0.015 0.030625
0 0.408125 0.54875 0.0175 0.043125
0 0.42875 0.554375 0.036875 0.058125
0 0.5175 0.581875 0.109375 0.194375
0 0.595 0.643125 0.161875 0.185
0 0.80375 0.754375 0.39 0.35125
0 0.97125 0.885625 0.056875 0.216875
0 0.010625 0.6975 0.02125 0.14
0 0.07 0.613125 0.1375 0.2125
1 0.15375 0.566875 0.02125 0.079375
1 0.46 0.549375 0.015625 0.06125