0 0.381875 0.42375 0.0125 0.018125
0 0.394375 0.416875 0.01375 0.016875
0 0.37125 0.423125 0.015625 0.020625
0 0.358125 0.420625 0.0175 0.0225
0 0.343125 0.441875 0.0175 0.03875
0 0.36375 0.435 0.02375 0.029375
0 0.398125 0.44125 0.031875 0.04
0 0.41625 0.419375 0.02 0.019375
0 0.33 0.465 0.025625 0.06
0 0.44125 0.42375 0.019375 0.016875
0 0.46125 0.423125 0.024375 0.018125
0 0.486875 0.44625 0.038125 0.06
0 0.50875 0.460625 0.0525 0.0625
0 0.415 0.460625 0.03 0.0625
0 0.39875 0.454375 0.028125 0.0525
0 0.36125 0.445625 0.025 0.033125
0 0.2225 0.501875 0.22125 0.169375
0 0.449375 0.460625 0.061875 0.083125
0 0.57625 0.455625 0.09125 0.08875
1 0.123125 0.49125 0.01875 0.058125
1 0.06625 0.488125 0.01875 0.0875
1 0.015 0.513125 0.01875 0.075