0 0.554375 0.31875 0.01 0.020625
0 0.56125 0.329375 0.005625 0.02375
0 0.5675 0.331875 0.0075 0.0275
0 0.574375 0.33625 0.013125 0.0275
0 0.585 0.3375 0.009375 0.04
0 0.59375 0.34125 0.013125 0.0375
0 0.603125 0.339375 0.013125 0.04
0 0.610625 0.344375 0.011875 0.04
0 0.485 0.316875 0.009375 0.04
0 0.49875 0.301875 0.011875 0.016875
0 0.51375 0.31875 0.00625 0.030625
0 0.525625 0.320625 0.01 0.030625
0 0.475625 0.32375 0.015 0.035
0 0.46125 0.325625 0.015 0.030625
0 0.445 0.33625 0.02125 0.06125
0 0.406875 0.3375 0.055625 0.115
0 0.54375 0.345625 0.02625 0.0475
0 0.635625 0.361875 0.04375 0.05125
0 0.52 0.3575 0.02375 0.033125
0 0.50125 0.3275 0.02125 0.030625
1 0.049375 0.318125 0.018125 0.085
1 0.026875 0.313125 0.015625 0.09