0 0.290625 0.49875 0.006875 0.015
0 0.280625 0.499375 0.00625 0.01375
0 0.27375 0.4975 0.00625 0.0125
0 0.269375 0.5 0.01 0.018125
0 0.25625 0.5 0.01375 0.018125
0 0.335 0.494375 0.01 0.0125
0 0.3375 0.5 0.01625 0.015
0 0.350625 0.499375 0.01875 0.035
0 0.369375 0.50375 0.028125 0.045625
0 0.39 0.510625 0.0275 0.06
0 0.425625 0.51875 0.06125 0.081875
0 0.055 0.510625 0.10625 0.141875
0 0.92875 0.506875 0.134375 0.120625
1 0.756875 0.51 0.02375 0.130625
1 0.655 0.504375 0.019375 0.108125
1 0.49875 0.4975 0.034375 0.11