0 0.455625 0.441875 0.015 0.029375
0 0.49125 0.4375 0.01625 0.01375
0 0.47 0.431875 0.009375 0.019375
0 0.886875 0.475625 0.146875 0.133125
0 0.36125 0.4575 0.01 0.020625
0 0.343125 0.45625 0.0325 0.0375
0 0.33625 0.473125 0.035 0.04875
0 0.32 0.479375 0.034375 0.058125
0 0.294375 0.48625 0.046875 0.0725
0 0.5825 0.4375 0.030625 0.02625
0 0.47875 0.455 0.015625 0.02375
0 0.24625 0.49 0.08625 0.10125
0 0.409375 0.50625 0.11875 0.180625
0 0.05375 0.555625 0.1075 0.231875
0 0.96 0.499375 0.07625 0.13875
2 0.540625 0.4475 0.081875 0.06375
1 0.491875 0.45625 0.0125 0.055625