0 0.42421875 0.45859375 0.034375 0.040625
0 0.4828125 0.446875 0.01484375 0.021875
0 0.49375 0.4421875 0.0125 0.01953125
0 0.6453125 0.446875 0.02421875 0.05
0 0.6578125 0.4546875 0.02265625 0.0484375
0 0.6796875 0.45546875 0.0359375 0.075
0 0.6078125 0.434375 0.01328125 0.028125
0 0.27734375 0.47890625 0.078125 0.1015625
0 0.21640625 0.48828125 0.08359375 0.11796875
0 0.3859375 0.465625 0.0484375 0.0515625
0 0.46875 0.4515625 0.02578125 0.03359375
0 0.61796875 0.43828125 0.025 0.03203125
0 0.584375 0.43203125 0.02109375 0.03359375
0 0.72109375 0.46015625 0.06875 0.09453125
0 0.5578125 0.43359375 0.015625 0.025
0 0.140625 0.49609375 0.09375 0.13203125
0 0.053125 0.51796875 0.10625 0.1390625
1 0.9640625 0.43984375 0.0234375 0.1265625
1 0.9390625 0.440625 0.0234375 0.10859375