1 0.728125 0.530625 0.0325 0.141875
1 0.581875 0.4875 0.015625 0.0775
0 0.021875 0.565 0.04375 0.21125
0 0.04125 0.499375 0.038125 0.041875
2 0.099375 0.48375 0.06 0.081875
0 0.066875 0.51 0.015 0.0275
0 0.119375 0.5 0.04 0.03625
0 0.16 0.49375 0.036875 0.030625
0 0.193125 0.49625 0.0225 0.02625
0 0.21625 0.493125 0.02375 0.0225
0 0.20125 0.475 0.02 0.01375
0 0.2225 0.475625 0.0125 0.0125
0 0.241875 0.515 0.050625 0.06375
0 0.343125 0.504375 0.0325 0.044375
0 0.364375 0.499375 0.015625 0.035
0 0.37625 0.493125 0.0075 0.02625
0 0.38125 0.4825 0.011875 0.019375
0 0.36375 0.475 0.013125 0.01
0 0.29125 0.5275 0.075625 0.091875
0 0.405625 0.505 0.04625 0.075
1 0.485 0.50375 0.011875 0.0475
0 0.513125 0.48375 0.0175 0.0275