2 0.06375 0.32875 0.1275 0.320625
2 0.86 0.389375 0.28 0.3225
2 0.663125 0.37875 0.155 0.21
0 0.141875 0.415 0.03 0.056875
0 0.17875 0.400625 0.10125 0.08875
0 0.205625 0.386875 0.09375 0.080625
0 0.401875 0.39625 0.02875 0.06375
0 0.385 0.39375 0.013125 0.033125
0 0.44625 0.39875 0.061875 0.129375
0 0.32 0.4625 0.14875 0.183125
1 0.544375 0.404375 0.01125 0.04875
1 0.50625 0.391875 0.01 0.033125
1 0.498125 0.391875 0.009375 0.041875
2 0.2925 0.3675 0.069375 0.030625
2 0.39375 0.3625 0.030625 0.04875
0 0.358125 0.369375 0.0175 0.020625