1 0.475625 0.356875 0.015625 0.083125
1 0.498125 0.3675 0.011875 0.065
0 0.1025 0.424375 0.20375 0.25
0 0.96625 0.48125 0.065625 0.1375
0 0.9775 0.38875 0.040625 0.0475
0 0.849375 0.43625 0.168125 0.133125
0 0.719375 0.410625 0.109375 0.08625
0 0.639375 0.394375 0.078125 0.06125
0 0.58625 0.373125 0.0575 0.044375
0 0.53 0.366875 0.028125 0.03625
0 0.679375 0.3625 0.044375 0.030625
0 0.88375 0.370625 0.0775 0.035
0 0.54875 0.34625 0.043125 0.016875
0 0.474375 0.34875 0.031875 0.0375
0 0.451875 0.341875 0.02 0.02375
0 0.4325 0.33625 0.013125 0.02375
0 0.41625 0.3325 0.015625 0.020625
0 0.405 0.33 0.009375 0.015
0 0.281875 0.314375 0.009375 0.015
0 0.22625 0.3075 0.0075 0.015
0 0.2375 0.308125 0.00875 0.01375
0 0.251875 0.311875 0.00875 0.01
0 0.015625 0.29125 0.0275 0.020625
0 0.03875 0.294375 0.019375 0.01375