1 0.27 0.67375 0.03125 0.119375
1 0.20125 0.654375 0.018125 0.09
0 0.368125 0.645625 0.03125 0.058125
0 0.454375 0.639375 0.00875 0.035
0 0.465 0.639375 0.013125 0.029375
0 0.48125 0.6475 0.035 0.06125
0 0.5175 0.651875 0.034375 0.04
0 0.66125 0.643125 0.034375 0.01125
0 0.650625 0.6575 0.04 0.02375
0 0.33375 0.655 0.05375 0.07625
2 0.415 0.60375 0.086875 0.169375
2 0.041875 0.60875 0.08375 0.079375
0 0.09125 0.69375 0.1825 0.16375
0 0.59 0.644375 0.045 0.043125
0 0.55875 0.649375 0.04625 0.033125