0 0.27375 0.49375 0.1875 0.18625
0 0.41375 0.45625 0.07 0.08625
0 0.52 0.455 0.065 0.094375
0 0.58 0.43625 0.04125 0.065
0 0.17625 0.46875 0.099375 0.15
0 0.07375 0.48875 0.1475 0.165
0 0.461875 0.448125 0.034375 0.05
1 0.708125 0.43375 0.019375 0.06125
1 0.68375 0.433125 0.015 0.068125
1 0.755 0.454375 0.0225 0.106875
1 0.780625 0.455625 0.01625 0.093125
1 0.814375 0.449375 0.024375 0.1225
1 0.86375 0.46125 0.040625 0.14
1 0.924375 0.451875 0.034375 0.155625
1 0.949375 0.46875 0.02875 0.1475
1 0.976875 0.443125 0.025 0.1375
1 0.991875 0.445 0.015625 0.130625
0 0.64375 0.45 0.0425 0.0475
0 0.618125 0.445625 0.02 0.044375