0 0.500625 0.550625 0.009375 0.016875
0 0.506875 0.554375 0.013125 0.02375
0 0.480625 0.554375 0.0125 0.020625
0 0.436875 0.55125 0.009375 0.018125
0 0.4125 0.550625 0.02375 0.041875
0 0.248125 0.551875 0.01875 0.0125
0 0.268125 0.554375 0.015625 0.0125
0 0.29875 0.576875 0.07 0.080625
2 0.16625 0.533125 0.06125 0.0625
2 0.123125 0.544375 0.04125 0.05125
2 0.465625 0.541875 0.01625 0.033125
2 0.610625 0.51625 0.1475 0.231875
0 0.4275 0.550625 0.015625 0.02375
0 0.51625 0.556875 0.01875 0.029375
0 0.490625 0.56 0.02 0.030625
0 0.448125 0.56125 0.028125 0.03625
0 0.37375 0.581875 0.0875 0.119375