0 0.47625 0.56875 0.0075 0.020625
0 0.5175 0.57375 0.013125 0.02375
0 0.563125 0.57375 0.0075 0.016875
2 0.4975 0.55125 0.02875 0.0375
0 0.3425 0.561875 0.0325 0.020625
0 0.313125 0.570625 0.02625 0.02625
0 0.291875 0.59125 0.05 0.058125
0 0.279375 0.6025 0.04375 0.0625
0 0.33875 0.5975 0.043125 0.056875
0 0.180625 0.598125 0.071875 0.0975
0 0.215625 0.625 0.1225 0.12625
0 0.076875 0.513125 0.06375 0.0275
0 0.07125 0.655 0.14125 0.305625
0 0.143125 0.623125 0.01625 0.0775
0 0.494375 0.58875 0.028125 0.041875
2 0.440625 0.556875 0.06625 0.154375
0 0.725625 0.58875 0.01875 0.016875
0 0.913125 0.594375 0.011875 0.01