0 0.061875 0.523125 0.11875 0.185
0 0.89125 0.54125 0.213125 0.333125
0 0.14125 0.480625 0.09875 0.11
0 0.72125 0.506875 0.17625 0.168125
0 0.315625 0.483125 0.075 0.09
0 0.3575 0.483125 0.034375 0.075
0 0.39875 0.4675 0.035 0.04875
0 0.2675 0.589375 0.2075 0.28875
2 0.26625 0.43375 0.036875 0.02375
1 0.61125 0.481875 0.01625 0.0775
1 0.5225 0.464375 0.0075 0.068125
1 0.535625 0.454375 0.009375 0.06125
1 0.4475 0.4675 0.005625 0.033125
1 0.5775 0.474375 0.0125 0.041875
1 0.50875 0.4725 0.011875 0.066875