0 0.363125 0.415 0.14125 0.16125
0 0.566875 0.37875 0.061875 0.09875
0 0.644375 0.3775 0.05625 0.079375
0 0.51625 0.35375 0.0225 0.035
0 0.07625 0.375 0.125625 0.08875
2 0.261875 0.291875 0.244375 0.21
2 0.4425 0.31875 0.046875 0.07625
0 0.470625 0.333125 0.009375 0.029375
0 0.48375 0.336875 0.019375 0.015
0 0.49875 0.325625 0.01125 0.020625
0 0.525625 0.335625 0.01875 0.029375
0 0.5475 0.325 0.009375 0.0225
0 0.6 0.34375 0.01875 0.03625
0 0.51 0.325625 0.009375 0.016875
2 0.48125 0.315 0.01625 0.0275