0 0.260625 0.51125 0.015 0.01375
0 0.249375 0.518125 0.01875 0.025
0 0.2375 0.526875 0.0325 0.03625
0 0.22 0.539375 0.045 0.045625
0 0.189375 0.541875 0.086875 0.080625
0 0.16875 0.5625 0.075625 0.0775
0 0.13625 0.579375 0.09125 0.080625
0 0.113125 0.588125 0.0825 0.0875
0 0.0825 0.59375 0.096875 0.0875
0 0.013125 0.629375 0.025625 0.129375
0 0.04 0.60625 0.08 0.1175
1 0.35375 0.556875 0.015 0.068125
0 0.279375 0.51 0.013125 0.016875
0 0.2975 0.513125 0.0175 0.02375
0 0.316875 0.514375 0.0075 0.018125
0 0.325 0.518125 0.01375 0.018125
0 0.331875 0.526875 0.0175 0.025
0 0.349375 0.5375 0.0225 0.031875
0 0.3675 0.544375 0.01875 0.0275
0 0.379375 0.561875 0.0275 0.058125
0 0.405 0.563125 0.038125 0.0625
0 0.44125 0.581875 0.065 0.095625
0 0.4775 0.6 0.065 0.1025
0 0.553125 0.605 0.121875 0.16
2 0.688125 0.633125 0.234375 0.26375
0 0.865 0.74625 0.268125 0.35