0 0.573125 0.545625 0.02875 0.055625
0 0.51375 0.55125 0.015625 0.02375
0 0.481875 0.548125 0.024375 0.029375
0 0.4625 0.56125 0.02875 0.03875
0 0.3975 0.569375 0.065625 0.06375
0 0.5475 0.570625 0.06 0.066875
0 0.65 0.555625 0.0475 0.056875
0 0.43875 0.561875 0.0225 0.044375
0 0.345 0.551875 0.019375 0.020625
0 0.293125 0.554375 0.03 0.043125
0 0.24125 0.5675 0.035 0.035
0 0.1925 0.569375 0.02625 0.03875
2 0.095 0.455625 0.188125 0.71375
2 0.96125 0.616875 0.075625 0.166875
0 0.494375 0.556875 0.02125 0.041875