1 0.75875 0.4575 0.015 0.05125
1 0.72625 0.469375 0.01 0.065
1 0.818125 0.4425 0.011875 0.044375
1 0.2175 0.475625 0.02375 0.07375
1 0.315 0.510625 0.01875 0.11
1 0.268125 0.523125 0.038125 0.1025
0 0.45125 0.464375 0.030625 0.0475
0 0.413125 0.485625 0.0475 0.070625
0 0.50375 0.46 0.036875 0.0275
0 0.55 0.449375 0.01 0.02625
0 0.55875 0.450625 0.015625 0.0275
0 0.5975 0.449375 0.03125 0.06375
2 0.538125 0.439375 0.015625 0.030625
0 0.568125 0.455 0.02125 0.02375
0 0.62875 0.455 0.056875 0.085
0 0.49 0.5125 0.088125 0.119375
0 0.386875 0.505625 0.061875 0.081875