0 0.406875 0.31875 0.01125 0.019375
0 0.38875 0.319375 0.011875 0.018125
0 0.375 0.320625 0.015625 0.02375
0 0.415 0.32125 0.01 0.033125
0 0.43375 0.32625 0.030625 0.07625
1 0.25875 0.3325 0.01 0.033125
1 0.22 0.3375 0.01125 0.033125
1 0.21 0.351875 0.006875 0.0475
0 0.175625 0.364375 0.065625 0.070625
0 0.54 0.3275 0.05125 0.068125
0 0.470625 0.34 0.065625 0.11125
0 0.318125 0.35625 0.12875 0.181875
1 0.70375 0.283125 0.01625 0.04875
1 0.683125 0.304375 0.01 0.075
1 0.574375 0.3 0.00875 0.02375
1 0.609375 0.298125 0.01125 0.043125
1 0.619375 0.319375 0.02 0.069375
1 0.676875 0.288125 0.01 0.0375
1 0.66375 0.2875 0.005625 0.033125
1 0.19125 0.31875 0.009375 0.0225
1 0.18375 0.32 0.00625 0.016875
1 0.16375 0.32125 0.006875 0.0225