0 0.37375 0.245 0.01875 0.02625
0 0.4625 0.23875 0.01875 0.01375
0 0.463125 0.265 0.02375 0.044375
0 0.47625 0.26625 0.00875 0.043125
0 0.4925 0.27125 0.02875 0.056875
0 0.519375 0.28625 0.06 0.093125
0 0.58625 0.311875 0.099375 0.1275
0 0.755 0.3775 0.27875 0.29875
0 0.346875 0.2575 0.0275 0.03625
0 0.369375 0.2525 0.02 0.0275
0 0.3325 0.25875 0.015 0.043125
0 0.31875 0.258125 0.0325 0.05125
0 0.30875 0.2625 0.01625 0.05
0 0.293125 0.26 0.025 0.069375
0 0.268125 0.263125 0.04875 0.079375
0 0.234375 0.27625 0.0575 0.075
0 0.16875 0.289375 0.095 0.1
0 0.41875 0.318125 0.11375 0.16125
0 0.891875 0.50375 0.2125 0.480625
1 0.1425 0.235 0.013125 0.03625
1 0.011875 0.229375 0.02375 0.05625