1 0.151875 0.70125 0.02625 0.16375
1 0.78875 0.6575 0.028125 0.1125
1 0.749375 0.685625 0.02375 0.081875
1 0.8275 0.654375 0.03875 0.125
1 0.561875 0.63625 0.01375 0.055625
1 0.643125 0.63875 0.015625 0.0775
1 0.6775 0.645625 0.015625 0.094375
1 0.92625 0.66625 0.036875 0.1375
1 0.935625 0.6425 0.02625 0.1375
1 0.97 0.65625 0.031875 0.1625
1 0.5325 0.6325 0.01375 0.07625
1 0.544375 0.641875 0.0075 0.06125
0 0.29 0.67 0.07375 0.120625
0 0.36625 0.650625 0.04125 0.04875
0 0.3275 0.63 0.0225 0.054375
0 0.311875 0.606875 0.015 0.025
0 0.145 0.64875 0.04875 0.0475
0 0.225 0.64 0.03375 0.03625
0 0.268125 0.61125 0.01625 0.019375
0 0.288125 0.5975 0.013125 0.016875
0 0.299375 0.595625 0.0075 0.016875
0 0.32 0.5875 0.011875 0.01375
0 0.330625 0.5875 0.009375 0.01125
0 0.33875 0.601875 0.013125 0.015
1 0.491875 0.626875 0.013125 0.069375
1 0.4725 0.630625 0.01 0.05125
0 0.44375 0.601875 0.043125 0.081875