1 0.088125 0.43125 0.031875 0.12375
1 0.13625 0.419375 0.0275 0.104375
1 0.6275 0.470625 0.01125 0.056875
1 0.86125 0.50375 0.02125 0.070625
0 0.25375 0.398125 0.0075 0.030625
0 0.26375 0.4 0.015 0.0275
0 0.3025 0.405 0.009375 0.019375
0 0.31625 0.411875 0.025 0.04
0 0.32625 0.4225 0.025 0.04875
0 0.34125 0.424375 0.03625 0.07375
0 0.44 0.439375 0.06125 0.058125
0 0.58625 0.45875 0.04125 0.058125
0 0.92 0.505 0.075625 0.05125
0 0.280625 0.429375 0.0425 0.056875
0 0.37875 0.43875 0.061875 0.080625
0 0.51 0.448125 0.11375 0.0775
0 0.986875 0.5175 0.025 0.03625
0 0.28375 0.39375 0.019375 0.01125