2 0.16875 0.575 0.1075 0.09875
0 0.2425 0.576875 0.09625 0.093125
0 0.314375 0.575625 0.075 0.081875
0 0.421875 0.57375 0.02625 0.04875
0 0.4525 0.56 0.055625 0.068125
0 0.525625 0.5275 0.040625 0.01375
0 0.5625 0.5325 0.030625 0.01375
0 0.61 0.563125 0.075 0.085
0 0.67875 0.558125 0.08625 0.08875
0 0.634375 0.5325 0.01875 0.018125
0 0.74125 0.55375 0.07375 0.085
0 0.844375 0.555 0.12 0.08625
0 0.380625 0.5675 0.069375 0.093125
0 0.525 0.645 0.224375 0.229375
2 0.07875 0.55 0.156875 0.091875
0 0.0525 0.5975 0.105 0.091875
0 0.98875 0.51625 0.02125 0.0275
0 0.93875 0.548125 0.12125 0.095625