0 0.470625 0.63125 0.00875 0.015
0 0.476875 0.64375 0.013125 0.018125
0 0.61 0.660625 0.018125 0.0275
0 0.62375 0.67125 0.0325 0.05125
0 0.663125 0.670625 0.07125 0.080625
2 0.44125 0.631875 0.034375 0.065
0 0.449375 0.65125 0.0425 0.065
0 0.521875 0.655625 0.02875 0.0375
0 0.409375 0.6425 0.0175 0.03875
0 0.395 0.650625 0.03375 0.044375
0 0.184375 0.625625 0.01 0.01375
0 0.173125 0.62625 0.013125 0.018125
0 0.135625 0.625625 0.053125 0.030625
0 0.11125 0.611875 0.021875 0.035
0 0.04875 0.611875 0.096875 0.056875
0 0.2375 0.620625 0.021875 0.018125
0 0.4925 0.644375 0.015625 0.0225
0 0.730625 0.6825 0.075 0.106875
1 0.910625 0.71125 0.019375 0.129375
1 0.8925 0.71625 0.02 0.12625
1 0.798125 0.686875 0.01875 0.10125
0 0.359375 0.64125 0.006875 0.01125
1 0.986875 0.73375 0.02375 0.156875