1 0.779375 0.818125 0.013125 0.094375
1 0.799375 0.850625 0.02875 0.1225
1 0.77375 0.82 0.02375 0.0975
1 0.7425 0.816875 0.01625 0.09
1 0.755625 0.82375 0.018125 0.0975
1 0.881875 0.8475 0.050625 0.205625
1 0.85375 0.841875 0.03375 0.16125
1 0.90375 0.80625 0.02625 0.11
1 0.936875 0.8375 0.02625 0.165
1 0.968125 0.8525 0.034375 0.1525
1 0.930625 0.84625 0.0325 0.179375
1 0.515 0.8125 0.01375 0.093125
1 0.506875 0.80125 0.006875 0.05125
0 0.50625 0.805625 0.09125 0.075
1 0.499375 0.795 0.011875 0.03875
1 0.48875 0.811875 0.015 0.079375
1 0.05125 0.8175 0.01625 0.081875
0 0.34625 0.781875 0.01875 0.031875
0 0.3725 0.79375 0.025625 0.03625
0 0.33125 0.79375 0.018125 0.02625
0 0.28125 0.7925 0.018125 0.02625
0 0.246875 0.793125 0.028125 0.03625
0 0.410625 0.805 0.063125 0.105625
0 0.3075 0.804375 0.050625 0.0875
0 0.22 0.786875 0.05875 0.065