0 0.028125 0.84 0.05625 0.194375
0 0.3525 0.81875 0.0775 0.12625
0 0.605625 0.86375 0.16 0.165
0 0.480625 0.818125 0.06375 0.07625
0 0.295625 0.791875 0.024375 0.030625
0 0.088125 0.838125 0.1025 0.11
0 0.453125 0.800625 0.050625 0.083125
2 0.4125 0.78 0.035 0.0725
0 0.319375 0.79375 0.02 0.069375
1 0.03 0.78625 0.015 0.05
1 0.041875 0.7825 0.009375 0.03625
1 0.050625 0.774375 0.013125 0.030625
1 0.69 0.81875 0.025 0.133125
1 0.69625 0.810625 0.028125 0.130625
1 0.63 0.768125 0.0125 0.044375
1 0.604375 0.768125 0.011875 0.0275
1 0.591875 0.77125 0.013125 0.020625
1 0.135625 0.7825 0.009375 0.033125