1 0.41375 0.756875 0.00875 0.029375
1 0.42125 0.750625 0.009375 0.020625
1 0.269375 0.76875 0.01625 0.075
1 0.406875 0.75875 0.01125 0.033125
0 0.22 0.78625 0.074375 0.14875
0 0.32625 0.754375 0.024375 0.033125
0 0.39375 0.755 0.024375 0.03625
0 0.42 0.776875 0.03125 0.06375
0 0.43125 0.779375 0.025 0.093125
0 0.48125 0.77875 0.1075 0.1725
0 0.518125 0.81125 0.12875 0.1875
0 0.643125 0.863125 0.218125 0.269375
0 0.143125 0.81875 0.1675 0.205625
0 0.3575 0.7825 0.065 0.091875
0 0.835625 0.85125 0.32625 0.28875