0 0.276875 0.78 0.0075 0.04
0 0.264375 0.785 0.025 0.044375
0 0.250625 0.78875 0.01875 0.04875
2 0.140625 0.786875 0.065 0.068125
0 0.08875 0.764375 0.02625 0.055625
0 0.361875 0.77125 0.009375 0.033125
0 0.333125 0.77625 0.015 0.02375
0 0.399375 0.78125 0.015625 0.0475
0 0.41375 0.78125 0.03125 0.0475
0 0.41875 0.78875 0.0175 0.044375
0 0.435 0.7925 0.0275 0.055625
0 0.454375 0.7975 0.038125 0.065
0 0.485 0.804375 0.0575 0.075
0 0.53625 0.8125 0.0725 0.11
0 0.600625 0.82625 0.106875 0.143125
0 0.705625 0.84625 0.1975 0.1975
2 0.560625 0.745625 0.0475 0.0375
2 0.2075 0.78 0.078125 0.119375
0 0.346875 0.785625 0.02875 0.041875
0 0.37375 0.77875 0.019375 0.0275
0 0.05875 0.85 0.1175 0.293125
0 0.87 0.87875 0.25875 0.241875
0 0.29375 0.76875 0.01 0.02375
0 0.310625 0.76875 0.009375 0.019375
2 0.323125 0.7675 0.0075 0.02375