2 0.305 0.4225 0.035 0.065
0 0.29625 0.436875 0.024375 0.043125
2 0.275 0.420625 0.025 0.07625
2 0.178125 0.420625 0.02875 0.1225
2 0.124375 0.4175 0.10375 0.16
2 0.044375 0.41625 0.0875 0.215
2 0.23125 0.4225 0.0825 0.129375
1 0.523125 0.441875 0.00875 0.033125
1 0.4975 0.439375 0.009375 0.03875
2 0.471875 0.429375 0.02125 0.030625
0 0.48875 0.436875 0.015 0.025
0 0.4425 0.430625 0.009375 0.018125
0 0.418125 0.431875 0.00875 0.016875
2 0.37875 0.42625 0.01375 0.029375
2 0.35125 0.423125 0.038125 0.0375
0 0.393125 0.42875 0.01875 0.030625
0 0.456875 0.43125 0.00875 0.016875
2 0.42875 0.426875 0.011875 0.035
0 0.450625 0.43375 0.01375 0.019375
0 0.40625 0.43 0.009375 0.025
1 0.506875 0.435 0.009375 0.0275
1 0.605625 0.441875 0.009375 0.03625
1 0.99 0.48875 0.019375 0.130625