0 0.015625 0.7325 0.03125 0.1125
0 0.915625 0.60625 0.16125 0.2225
0 0.06125 0.72125 0.0675 0.068125
0 0.11625 0.699375 0.06625 0.06125
0 0.16375 0.685 0.043125 0.0525
0 0.1975 0.675 0.038125 0.043125
0 0.22 0.67 0.028125 0.04
0 0.24 0.661875 0.02125 0.029375
0 0.78375 0.589375 0.194375 0.20125
0 0.675 0.605625 0.075 0.11375
0 0.625625 0.6025 0.0575 0.09
0 0.590625 0.561875 0.061875 0.025
0 0.52125 0.5925 0.015625 0.043125
0 0.50875 0.595 0.02 0.035
0 0.498125 0.5925 0.024375 0.03625
0 0.47125 0.589375 0.006875 0.018125
0 0.47625 0.593125 0.009375 0.02625
0 0.561875 0.615 0.07875 0.1
0 0.41375 0.62375 0.055625 0.0725
0 0.340625 0.6275 0.03 0.055625
0 0.305625 0.63125 0.03125 0.0475
0 0.275625 0.645625 0.02625 0.04875
0 0.441875 0.605625 0.015 0.0375
2 0.374375 0.605625 0.02375 0.056875
2 0.409375 0.581875 0.01875 0.025
0 0.4525 0.595625 0.013125 0.030625