0 0.499375 0.535 0.015 0.01375
0 0.52375 0.545 0.013125 0.035
0 0.494375 0.55125 0.04 0.02375
0 0.574375 0.555 0.040625 0.068125
0 0.62625 0.55625 0.036875 0.06125
0 0.65375 0.566875 0.0525 0.0725
0 0.713125 0.53125 0.02375 0.020625
2 0.52125 0.520625 0.013125 0.018125
2 0.625625 0.51875 0.0325 0.0275
2 0.55 0.5325 0.04 0.09875
0 0.758125 0.57375 0.05 0.0725
0 0.704375 0.581875 0.081875 0.085
0 0.593125 0.581875 0.063125 0.085
0 0.490625 0.651875 0.131875 0.191875
2 0.936875 0.4925 0.125 0.1125
0 0.855 0.69875 0.28875 0.355625