0 0.428125 0.44375 0.0125 0.03875
0 0.411875 0.45125 0.02125 0.0475
0 0.363125 0.4525 0.01625 0.0275
0 0.345 0.455625 0.024375 0.043125
0 0.318125 0.46625 0.038125 0.0525
0 0.4825 0.45 0.03 0.04
0 0.705625 0.4125 0.06375 0.068125
0 0.7475 0.413125 0.03125 0.06
0 0.03375 0.53625 0.0675 0.1125
0 0.16375 0.499375 0.09375 0.104375
0 0.26 0.4825 0.08625 0.11125
0 0.390625 0.458125 0.0375 0.06
0 0.44875 0.45375 0.0425 0.066875
1 0.09625 0.491875 0.025625 0.065
1 0.719375 0.444375 0.0225 0.07375
1 0.743125 0.435 0.02 0.083125