0 0.795 0.50375 0.015 0.019375
0 0.7675 0.525625 0.036875 0.04875
0 0.6625 0.514375 0.025625 0.03625
0 0.690625 0.519375 0.055 0.045625
0 0.7025 0.5375 0.069375 0.058125
0 0.720625 0.5375 0.07375 0.04875
0 0.308125 0.530625 0.01625 0.033125
0 0.30125 0.53875 0.01875 0.041875
0 0.28375 0.5425 0.0275 0.04875
1 0.803125 0.50625 0.0125 0.033125
1 0.65875 0.564375 0.0125 0.058125
1 0.649375 0.560625 0.005625 0.055625
1 0.6275 0.550625 0.01125 0.070625
1 0.528125 0.525625 0.0075 0.043125
1 0.6225 0.50375 0.005625 0.02375
1 0.6425 0.51 0.01125 0.02625
1 0.63 0.5025 0.009375 0.0225
1 0.565 0.530625 0.01125 0.0525
1 0.555625 0.5375 0.009375 0.03875
1 0.54 0.523125 0.009375 0.043125
1 0.60875 0.558125 0.01875 0.11
1 0.639375 0.566875 0.015 0.13625
1 0.639375 0.568125 0.03125 0.094375
0 0.255 0.54875 0.04625 0.055625
0 0.415 0.6675 0.32875 0.39
0 0.89625 0.49 0.02 0.02625