1 0.90125 0.1525 0.024375 0.143125
1 0.863125 0.15375 0.019375 0.094375
1 0.7825 0.16125 0.025 0.0875
1 0.700625 0.169375 0.01375 0.070625
1 0.6875 0.170625 0.01125 0.07625
1 0.65125 0.179375 0.03 0.09875
0 0.4075 0.22625 0.038125 0.068125
0 0.318125 0.24125 0.04 0.055625
1 0.25875 0.2625 0.019375 0.07625
0 0.279375 0.243125 0.053125 0.07625
0 0.235 0.2525 0.038125 0.066875
0 0.1925 0.27625 0.074375 0.091875
0 0.468125 0.233125 0.013125 0.015
0 0.480625 0.219375 0.006875 0.029375
0 0.49375 0.214375 0.01375 0.03625