0 0.484375 0.49921875 0.00546875 0.00859375
2 0.82265625 0.57890625 0.353125 0.525
0 0.41875 0.5203125 0.04453125 0.04765625
0 0.4734375 0.4984375 0.01328125 0.0171875
0 0.5 0.50234375 0.0046875 0.0125
0 0.47109375 0.49921875 0.015625 0.02109375
1 0.49609375 0.52578125 0.0140625 0.08359375
1 0.553125 0.5046875 0.00859375 0.03515625
1 0.390625 0.50546875 0.0078125 0.04140625
1 0.31796875 0.5234375 0.0046875 0.02734375
1 0.578125 0.5140625 0.0140625 0.06484375
1 0.38984375 0.50625 0.00625 0.0421875
1 0.5609375 0.5046875 0.00703125 0.0359375
1 0.3125 0.52109375 0.01875 0.0828125
1 0.384375 0.50703125 0.0078125 0.04375
1 0.4 0.50859375 0.00390625 0.0125