0 0.8203125 0.546875 0.0921875 0.06640625
2 0.9453125 0.51875 0.10859375 0.175
0 0.0046875 0.51015625 0.009375 0.0125
1 0.0375 0.509375 0.0078125 0.0265625
1 0.03828125 0.50703125 0.009375 0.0234375
1 0.88984375 0.50859375 0.00625 0.025
1 0.06328125 0.52265625 0.0203125 0.06484375
1 0.0328125 0.509375 0.00625 0.0265625
1 0.11796875 0.52421875 0.0203125 0.0765625
1 0.959375 0.6328125 0.08046875 0.35
1 0.1140625 0.5078125 0.0046875 0.0359375
1 0.0296875 0.509375 0.00546875 0.0265625
1 0.8828125 0.50859375 0.00703125 0.025
1 0.678125 0.521875 0.015625 0.06640625
1 0.0296875 0.5078125 0.00390625 0.0265625
1 0.57734375 0.5796875 0.0421875 0.19765625