0 0.4325 0.51625 0.038125 0.0225
2 0.3425 0.529375 0.145 0.16125
0 0.4325 0.52875 0.036875 0.0425
2 0.503125 0.525625 0.1125 0.16625
1 0.6175 0.525625 0.013125 0.06875
1 0.424375 0.504375 0.00375 0.00875
1 0.675625 0.5725 0.018125 0.0825
1 0.715 0.5525 0.0275 0.16
1 0.570625 0.51625 0.00875 0.0375
1 0.64875 0.5425 0.0075 0.05
1 0.56 0.524375 0.00375 0.02125
1 0.64 0.534375 0.021875 0.09625
1 0.725 0.556875 0.0375 0.17125
1 0.6075 0.521875 0.01 0.05375
1 0.58375 0.5225 0.013125 0.06
1 0.555 0.515625 0.005625 0.03625
1 0.99625 0.753125 0.00625 0.01375