0 0.48375 0.499375 0.005625 0.00875
2 0.8225 0.57875 0.353125 0.525
0 0.419375 0.52 0.044375 0.0475
0 0.47375 0.49875 0.013125 0.0175
0 0.5 0.5025 0.005 0.0125
0 0.47125 0.499375 0.015625 0.02125
1 0.49625 0.525625 0.01375 0.08375
1 0.55375 0.505 0.00875 0.035
1 0.390625 0.505625 0.0075 0.04125
1 0.318125 0.52375 0.005 0.0275
1 0.578125 0.51375 0.01375 0.065
1 0.39 0.50625 0.00625 0.0425
1 0.56125 0.504375 0.006875 0.03625
1 0.3125 0.52125 0.01875 0.0825
1 0.384375 0.506875 0.0075 0.04375
1 0.399375 0.50875 0.00375 0.0125