0 0.82 0.546875 0.0925 0.06625
2 0.945 0.51875 0.10875 0.175
0 0.005 0.51 0.009375 0.0125
1 0.0375 0.509375 0.0075 0.02625
1 0.038125 0.506875 0.009375 0.02375
1 0.89 0.50875 0.00625 0.025
1 0.063125 0.5225 0.02 0.065
1 0.0325 0.509375 0.00625 0.02625
1 0.118125 0.524375 0.02 0.07625
1 0.95875 0.6325 0.080625 0.35
1 0.11375 0.508125 0.005 0.03625
1 0.03 0.509375 0.005625 0.02625
1 0.8825 0.50875 0.006875 0.025
1 0.678125 0.521875 0.015625 0.06625
1 0.029375 0.508125 0.00375 0.02625
1 0.5775 0.58 0.0425 0.1975