0 0.88125 0.515 0.075 0.0275
2 0.491875 0.51625 0.11625 0.17
0 0.095 0.683125 0.19 0.31375
1 0.604375 0.513125 0.01 0.06125
1 0.959375 0.504375 0.01125 0.03375
1 0.650625 0.52125 0.00875 0.03
1 0.848125 0.509375 0.01 0.04875
1 0.359375 0.510625 0.01125 0.05125
1 0.400625 0.510625 0.00375 0.01625
1 0.58125 0.50875 0.00625 0.0375
1 0.436875 0.50625 0.00375 0.0325
1 0.88 0.51 0.015625 0.05
1 0.62375 0.50625 0.0075 0.035
1 0.6725 0.526875 0.02 0.10375
1 0.98875 0.4975 0.0075 0.0175
1 0.78 0.505 0.01125 0.035
1 0.980625 0.5875 0.036875 0.2675