0 0.0425 0.47875 0.084375 0.10125
0 0.1025 0.458125 0.074375 0.095625
0 0.18125 0.44375 0.04875 0.081875
0 0.349375 0.45 0.03625 0.085
0 0.36375 0.433125 0.015625 0.0275
0 0.381875 0.43625 0.00875 0.01125
0 0.388125 0.430625 0.011875 0.019375
0 0.394375 0.4325 0.011875 0.0225
0 0.403125 0.436875 0.0125 0.033125
0 0.42125 0.444375 0.03375 0.045625
0 0.905625 0.476875 0.185 0.15125
0 0.25875 0.504375 0.194375 0.24875
1 0.6425 0.47125 0.02625 0.1275
1 0.555625 0.45125 0.01625 0.07625
1 0.51625 0.449375 0.0175 0.070625
1 0.44875 0.444375 0.005625 0.031875
1 0.455625 0.441875 0.006875 0.04
1 0.48125 0.443125 0.0125 0.065
1 0.493125 0.43125 0.0075 0.044375
0 0.375625 0.4325 0.00625 0.016875
1 0.5775 0.44 0.015625 0.058125