1 0.193125 0.564375 0.015 0.11375
1 0.381875 0.56875 0.01875 0.081875
0 0.43875 0.5375 0.02375 0.043125
0 0.42375 0.5475 0.015 0.041875
0 0.415625 0.5525 0.0175 0.045625
0 0.405625 0.555 0.019375 0.054375
2 0.4975 0.4975 0.04875 0.05
1 0.3425 0.58375 0.034375 0.175
0 0.465625 0.560625 0.04875 0.0875
0 0.5825 0.545625 0.055 0.1025
0 0.634375 0.531875 0.056875 0.130625
0 0.686875 0.556875 0.081875 0.125
0 0.531875 0.586875 0.13625 0.2525
0 0.0975 0.48625 0.19375 0.76375
1 0.766875 0.5575 0.0125 0.041875
1 0.750625 0.58875 0.01875 0.11125
1 0.83 0.59375 0.025625 0.10125