1 0.760625 0.595 0.0375 0.13875
1 0.62875 0.566875 0.0175 0.125
1 0.585625 0.568125 0.01875 0.104375
1 0.075 0.56875 0.03125 0.14875
1 0.0125 0.57 0.025 0.15125
0 0.4325 0.555 0.06125 0.080625
0 0.33125 0.535 0.04125 0.055625
0 0.29875 0.52625 0.0175 0.030625
0 0.398125 0.54125 0.009375 0.031875
0 0.469375 0.55 0.02 0.05
0 0.38875 0.52875 0.02125 0.0375
0 0.281875 0.52875 0.0175 0.029375
0 0.369375 0.535625 0.02 0.0275
0 0.358125 0.52875 0.00875 0.019375
0 0.256875 0.535625 0.02375 0.0275
1 0.534375 0.558125 0.0125 0.055625
1 0.505625 0.548125 0.009375 0.045625