0 0.3075 0.385625 0.059375 0.068125
0 0.62875 0.42875 0.1025 0.104375
0 0.35375 0.38375 0.031875 0.04875
0 0.381875 0.37625 0.03125 0.0475
0 0.3975 0.36875 0.018125 0.03625
0 0.413125 0.36875 0.021875 0.04
0 0.424375 0.36875 0.01875 0.03625
1 0.4725 0.3725 0.011875 0.020625
1 0.48375 0.373125 0.013125 0.02375
0 0.493125 0.379375 0.01375 0.031875
0 0.50375 0.380625 0.021875 0.03875
0 0.514375 0.38375 0.01875 0.044375
0 0.528125 0.385 0.0275 0.06
0 0.54875 0.3925 0.04 0.070625
0 0.575625 0.406875 0.056875 0.075
0 0.449375 0.37875 0.013125 0.025
0 0.459375 0.374375 0.009375 0.016875
0 0.435 0.374375 0.01125 0.025