0 0.515 0.635 0.00875 0.02625
0 0.506875 0.64125 0.013125 0.03875
0 0.49125 0.64625 0.034375 0.056875
0 0.48625 0.6575 0.03125 0.0725
0 0.459375 0.674375 0.061875 0.10125
0 0.536875 0.64125 0.01125 0.018125
0 0.55 0.64125 0.013125 0.0225
0 0.565 0.6425 0.009375 0.031875
0 0.57125 0.648125 0.01125 0.056875
0 0.589375 0.649375 0.02625 0.0725
0 0.593125 0.65375 0.0325 0.080625
0 0.625625 0.6675 0.07125 0.108125
0 0.11 0.799375 0.218125 0.4
0 0.911875 0.770625 0.17625 0.23625
1 0.519375 0.648125 0.013125 0.08625
1 0.70375 0.666875 0.015625 0.07625
1 0.411875 0.650625 0.015625 0.068125
0 0.160625 0.7225 0.07625 0.094375