1 0.1525 0.45375 0.015625 0.079375
1 0.13625 0.445625 0.019375 0.104375
1 0.096875 0.445 0.030625 0.095625
1 0.065 0.4475 0.035 0.129375
1 0.745 0.483125 0.0225 0.09
0 0.465625 0.43625 0.0075 0.0125
0 0.47375 0.448125 0.024375 0.035
0 0.5 0.44125 0.01625 0.0125
0 0.504375 0.45 0.01625 0.018125
0 0.5175 0.463125 0.02625 0.0475
0 0.53875 0.47 0.046875 0.066875
0 0.44125 0.448125 0.00875 0.01375
0 0.434375 0.448125 0.00875 0.016875
0 0.4275 0.44875 0.00875 0.018125
0 0.42 0.44875 0.015625 0.0275
0 0.41625 0.455625 0.01125 0.029375
0 0.41 0.4525 0.01375 0.03625
0 0.4025 0.455625 0.019375 0.041875
0 0.395 0.46 0.02 0.041875
0 0.381875 0.460625 0.019375 0.04875
0 0.369375 0.464375 0.02625 0.056875
0 0.451875 0.448125 0.0075 0.0125
0 0.486875 0.46625 0.034375 0.05125
0 0.621875 0.5575 0.18875 0.269375
0 0.34 0.4675 0.053125 0.07375