0 0.4375 0.286875 0.01625 0.015
0 0.419375 0.2925 0.01625 0.0125
0 0.475625 0.286875 0.01125 0.006875
0 0.451875 0.29 0.011875 0.0125
0 0.49875 0.28625 0.01625 0.008125
0 0.515625 0.2925 0.019375 0.0125
0 0.550625 0.299375 0.01125 0.019375
0 0.5475 0.318125 0.0275 0.0125
0 0.544375 0.3325 0.019375 0.025
0 0.561875 0.33375 0.05 0.02375
0 0.571875 0.34125 0.053125 0.025
0 0.5925 0.301875 0.02875 0.019375
0 0.605625 0.306875 0.03625 0.016875
0 0.655 0.30625 0.0475 0.0275
0 0.616875 0.343125 0.07125 0.0475
0 0.68625 0.316875 0.043125 0.031875
0 0.72625 0.32 0.06875 0.035
0 0.714375 0.366875 0.09625 0.06375
0 0.3525 0.306875 0.0275 0.025
0 0.325625 0.3125 0.024375 0.019375
0 0.313125 0.320625 0.01625 0.02375
0 0.29625 0.3225 0.021875 0.020625
0 0.281875 0.326875 0.021875 0.015
0 0.260625 0.32875 0.018125 0.016875
0 0.246875 0.33375 0.02875 0.01125
0 0.34625 0.354375 0.03625 0.025
0 0.325625 0.356875 0.03375 0.031875
0 0.2975 0.360625 0.044375 0.055625
2 0.243125 0.37 0.1275 0.070625
0 0.1775 0.35 0.05375 0.035
0 0.1325 0.3625 0.06 0.043125
0 0.094375 0.3625 0.0475 0.0475
0 0.080625 0.37 0.05125 0.044375
0 0.029375 0.37625 0.05875 0.066875
0 0.018125 0.398125 0.03625 0.04875
2 0.396875 0.314375 0.01625 0.031875