0 0.4675 0.4 0.011875 0.016875
0 0.43875 0.401875 0.011875 0.016875
0 0.425625 0.395625 0.011875 0.025
0 0.41375 0.4 0.013125 0.020625
0 0.400625 0.401875 0.018125 0.029375
0 0.381875 0.401875 0.0225 0.033125
0 0.260625 0.411875 0.0475 0.065
0 0.09125 0.419375 0.10875 0.080625
0 0.356875 0.405625 0.025 0.03625
0 0.205 0.420625 0.07875 0.08875
0 0.449375 0.404375 0.00875 0.016875
0 0.49875 0.4 0.013125 0.016875
0 0.48625 0.40375 0.01 0.016875
0 0.48 0.376875 0.005625 0.01375
0 0.295 0.400625 0.02125 0.0275
0 0.32 0.405 0.024375 0.029375
0 0.338125 0.398125 0.01 0.018125
1 0.76125 0.443125 0.043125 0.13625
1 0.803125 0.25625 0.00625 0.0275