1 0.259375 0.43875 0.030625 0.130625
1 0.10125 0.433125 0.03875 0.125
1 0.159375 0.441875 0.034375 0.12625
1 0.044375 0.43 0.04625 0.158125
1 0.143125 0.4325 0.025625 0.129375
1 0.480625 0.43375 0.01375 0.054375
1 0.4725 0.42375 0.01 0.06
1 0.39875 0.39875 0.006875 0.015
1 0.39 0.399375 0.00625 0.016875
1 0.37875 0.4 0.011875 0.020625
1 0.37 0.406875 0.009375 0.035
1 0.333125 0.395625 0.006875 0.0125
1 0.32125 0.39125 0.00875 0.018125
1 0.3075 0.39125 0.01625 0.02625
1 0.769375 0.44 0.003125 0.03625
1 0.774375 0.443125 0.003125 0.03625
1 0.763125 0.4425 0.005625 0.041875
1 0.781875 0.45 0.00625 0.054375
1 0.793125 0.445 0.006875 0.044375
1 0.800625 0.44375 0.00375 0.05
1 0.788125 0.44625 0.005 0.044375
1 0.736875 0.43125 0.009375 0.019375
0 0.71625 0.44625 0.01375 0.045625
0 0.585 0.418125 0.04375 0.07375
0 0.49625 0.44125 0.019375 0.069375
0 0.43 0.43 0.0525 0.070625
0 0.4 0.44 0.061875 0.07625
0 0.689375 0.44375 0.04625 0.10125
0 0.6325 0.448125 0.075625 0.133125
2 0.699375 0.39625 0.0475 0.03625
2 0.644375 0.37625 0.0575 0.043125
2 0.4975 0.3975 0.0325 0.031875
0 0.543125 0.481875 0.1175 0.168125
0 0.331875 0.44625 0.086875 0.095625
0 0.88 0.486875 0.16875 0.183125