0 0.51484375 0.5921875 0.0625 0.0984375
2 0.384375 0.615625 0.178125 0.14453125
0 0.0421875 0.66875 0.084375 0.134375
0 0.6296875 0.62578125 0.2171875 0.1390625
1 0.74609375 0.615625 0.028125 0.1125
1 0.82890625 0.6 0.02265625 0.09140625
1 0.47890625 0.615625 0.02265625 0.090625
1 0.2453125 0.6265625 0.02265625 0.09296875
1 0.22890625 0.596875 0.00703125 0.05859375
1 0.125 0.61875 0.025 0.08203125
1 0.190625 0.60390625 0.01796875 0.08046875
1 0.2109375 0.60546875 0.015625 0.059375
1 0.25625 0.6171875 0.02421875 0.10703125
1 0.85 0.62421875 0.0421875 0.13046875