1 0.1046875 0.596875 0.04921875 0.190625
1 0.05703125 0.5859375 0.0453125 0.215625
1 0.253125 0.5859375 0.01640625 0.0875
1 0.01796875 0.58046875 0.0359375 0.19609375
1 0.1921875 0.58828125 0.03125 0.10859375
1 0.32890625 0.578125 0.015625 0.08359375
1 0.359375 0.59765625 0.02265625 0.1109375
1 0.465625 0.5859375 0.00859375 0.0484375
1 0.47578125 0.59609375 0.00703125 0.04296875
1 0.4890625 0.5734375 0.01171875 0.04453125
1 0.5015625 0.571875 0.009375 0.046875
1 0.66640625 0.58828125 0.0046875 0.02890625
1 0.6578125 0.59140625 0.009375 0.04453125
1 0.675 0.59453125 0.0046875 0.0390625
1 0.6859375 0.59140625 0.009375 0.0234375
0 0.6 0.584375 0.01171875 0.01640625
0 0.58125 0.5703125 0.01640625 0.040625
0 0.61484375 0.58984375 0.0265625 0.040625
0 0.55 0.609375 0.07578125 0.128125
0 0.72578125 0.6328125 0.10703125 0.121875