1 0.105 0.59625 0.049375 0.19
1 0.056875 0.58625 0.045 0.215
1 0.2525 0.58625 0.01625 0.0875
1 0.018125 0.580625 0.03625 0.195625
1 0.1925 0.588125 0.03125 0.108125
1 0.32875 0.5775 0.015625 0.083125
1 0.35875 0.598125 0.0225 0.11125
1 0.465625 0.58625 0.00875 0.04875
1 0.475625 0.595625 0.006875 0.043125
1 0.48875 0.57375 0.011875 0.044375
1 0.50125 0.5725 0.009375 0.0475
1 0.66625 0.588125 0.005 0.029375
1 0.658125 0.591875 0.009375 0.044375
1 0.675 0.594375 0.005 0.03875
1 0.68625 0.591875 0.009375 0.02375
0 0.600625 0.58375 0.011875 0.016875
0 0.58125 0.57 0.01625 0.04
0 0.615 0.589375 0.02625 0.04
0 0.549375 0.61 0.075625 0.1275
0 0.725625 0.6325 0.106875 0.1225