0 0.2675 0.47375 0.084375 0.08875
0 0.35125 0.455 0.013125 0.02625
0 0.336875 0.454375 0.01625 0.029375
0 0.316875 0.4575 0.024375 0.031875
0 0.21125 0.481875 0.034375 0.066875
0 0.170625 0.488125 0.0525 0.068125
0 0.09875 0.50125 0.1125 0.09875
0 0.4575 0.435625 0.028125 0.030625
0 0.4275 0.4375 0.01625 0.019375
0 0.379375 0.444375 0.0175 0.030625
0 0.47625 0.438125 0.02 0.029375
0 0.4975 0.43875 0.025 0.044375
0 0.52 0.441875 0.04 0.06375
0 0.5625 0.4425 0.0675 0.091875
0 0.97625 0.44125 0.044375 0.091875
1 0.8 0.439375 0.0275 0.11375
1 0.77125 0.435 0.028125 0.11375
1 0.748125 0.420625 0.021875 0.085
1 0.725625 0.42875 0.03125 0.091875
0 0.396875 0.444375 0.01375 0.02375
0 0.415 0.441875 0.009375 0.031875