0 0.4125 0.38625 0.01625 0.006875
0 0.391875 0.401875 0.018125 0.029375
0 0.406875 0.408125 0.02625 0.03875
0 0.488125 0.395 0.01375 0.025
0 0.5 0.400625 0.009375 0.02375
0 0.511875 0.4025 0.01375 0.0275
0 0.520625 0.40625 0.02 0.025
0 0.543125 0.408125 0.0275 0.033125
0 0.350625 0.406875 0.01625 0.0275
0 0.335625 0.406875 0.00875 0.031875
2 0.36375 0.393125 0.0275 0.0475
2 0.30875 0.394375 0.045 0.065
1 0.2675 0.4125 0.00875 0.03875
0 0.450625 0.420625 0.080625 0.1275
0 0.904375 0.455 0.188125 0.331875
0 0.1225 0.525 0.245 0.33625
1 0.68 0.4025 0.015 0.043125