0 0.039375 0.69625 0.07875 0.258125
0 0.175625 0.645625 0.3175 0.31
0 0.31375 0.56625 0.1625 0.208125
0 0.39875 0.5625 0.044375 0.130625
0 0.41625 0.548125 0.04 0.085
0 0.42625 0.536875 0.056875 0.091875
0 0.44625 0.5325 0.01875 0.075
0 0.456875 0.535 0.021875 0.0625
0 0.46375 0.523125 0.035 0.055625
0 0.481875 0.5225 0.01375 0.0375
0 0.49 0.51875 0.006875 0.0225
2 0.4825 0.505625 0.024375 0.045625
0 0.863125 0.59125 0.27125 0.458125
0 0.705 0.59125 0.086875 0.170625
2 0.64625 0.51625 0.100625 0.166875
0 0.595 0.539375 0.02125 0.0725
0 0.579375 0.533125 0.024375 0.06
0 0.5675 0.526875 0.03625 0.05125
0 0.54875 0.523125 0.01625 0.043125
0 0.538125 0.51875 0.015 0.02625
0 0.5275 0.520625 0.0075 0.018125