0 0.223125 0.51875 0.03 0.031875
0 0.200625 0.5275 0.05 0.033125
0 0.16125 0.525 0.05875 0.04
0 0.11625 0.52125 0.03375 0.020625
0 0.09 0.530625 0.07 0.043125
0 0.018125 0.54375 0.03375 0.056875
0 0.355625 0.52125 0.05125 0.033125
0 0.44 0.53125 0.02875 0.04
0 0.486875 0.520625 0.03125 0.044375
0 0.40875 0.5375 0.0475 0.056875
0 0.600625 0.525 0.01375 0.015
0 0.62 0.519375 0.018125 0.016875
0 0.5725 0.52125 0.00875 0.016875
0 0.5625 0.520625 0.015625 0.019375
0 0.5375 0.519375 0.018125 0.020625
0 0.656875 0.55125 0.0525 0.055625
0 0.779375 0.539375 0.046875 0.031875
0 0.77625 0.523125 0.045 0.02375
0 0.835 0.533125 0.04 0.044375
0 0.73625 0.539375 0.065625 0.03625
0 0.70375 0.533125 0.0225 0.0275
1 0.686875 0.543125 0.01125 0.05125
1 0.6825 0.52125 0.01125 0.0375
2 0.286875 0.48375 0.09875 0.108125
1 0.05 0.541875 0.01625 0.085
1 0.03875 0.554375 0.009375 0.06
0 0.275625 0.545 0.124375 0.13625