1 0.658125 0.485 0.065625 0.194375
1 0.64875 0.3725 0.044375 0.095625
1 0.60375 0.42375 0.038125 0.208125
1 0.5825 0.411875 0.019375 0.095625
1 0.565625 0.41 0.01875 0.081875
1 0.543125 0.40625 0.013125 0.070625
1 0.553125 0.408125 0.0175 0.085
1 0.49125 0.401875 0.015 0.06375
1 0.470625 0.39125 0.0075 0.035
2 0.45375 0.38125 0.01875 0.044375
0 0.38375 0.393125 0.02875 0.091875
0 0.345625 0.4 0.07625 0.12375
0 0.066875 0.338125 0.0325 0.0275
0 0.035625 0.391875 0.07125 0.220625
0 0.1925 0.405 0.256875 0.316875