0 0.4725 0.264375 0.006875 0.01125
0 0.47625 0.274375 0.0075 0.015
0 0.48 0.280625 0.01 0.019375
0 0.485 0.28375 0.0175 0.02375
0 0.50375 0.29 0.009375 0.015
0 0.483125 0.30125 0.01625 0.029375
0 0.51125 0.30875 0.01875 0.02625
0 0.49375 0.305 0.0225 0.035
0 0.5225 0.308125 0.01625 0.025
0 0.548125 0.3125 0.011875 0.025
0 0.553125 0.31375 0.011875 0.02375
0 0.565 0.31625 0.01625 0.02375
0 0.605 0.3025 0.009375 0.0125
0 0.5875 0.316875 0.0375 0.05125
0 0.6275 0.325625 0.0475 0.05
2 0.4175 0.279375 0.021875 0.025
2 0.39 0.275625 0.0275 0.0225
0 0.331875 0.283125 0.025625 0.016875
0 0.320625 0.2875 0.01875 0.016875
0 0.288125 0.29 0.02125 0.029375
0 0.269375 0.286875 0.025625 0.04875
0 0.24125 0.2925 0.061875 0.066875
0 0.1775 0.29125 0.08625 0.08875
2 0.20375 0.2475 0.075625 0.070625
0 0.111875 0.29375 0.05375 0.080625
0 0.02625 0.2825 0.0525 0.079375
1 0.07625 0.3675 0.05875 0.4125
1 0.791875 0.3625 0.02875 0.104375
0 0.46375 0.2775 0.01125 0.01
0 0.461875 0.30375 0.0225 0.043125