0 0.5296875 0.41171875 0.00859375 0.0140625
0 0.5421875 0.41953125 0.0140625 0.03203125
0 0.55625 0.41875 0.0125 0.03359375
0 0.565625 0.41953125 0.01328125 0.04296875
0 0.5765625 0.42421875 0.02109375 0.059375
0 0.59921875 0.428125 0.0390625 0.0734375
0 0.484375 0.41796875 0.00859375 0.0125
0 0.4546875 0.42734375 0.015625 0.0234375
0 0.43046875 0.43046875 0.015625 0.028125
0 0.5203125 0.41796875 0.01171875 0.01796875
0 0.50703125 0.41796875 0.009375 0.015625
0 0.4953125 0.41796875 0.00859375 0.015625
0 0.4796875 0.42265625 0.01171875 0.015625
0 0.625 0.440625 0.06328125 0.1
0 0.39609375 0.44765625 0.04609375 0.065625
1 0.69375 0.40859375 0.00703125 0.0515625
1 0.6640625 0.4296875 0.00859375 0.06953125
1 0.7109375 0.44140625 0.015625 0.0859375
1 0.703125 0.45 0.0125 0.06953125
1 0.690625 0.44296875 0.01640625 0.11640625
1 0.7359375 0.44140625 0.0171875 0.1
1 0.2265625 0.46796875 0.01015625 0.0515625
1 0.3421875 0.4421875 0.00546875 0.03046875
1 0.6765625 0.440625 0.015625 0.12109375
1 0.7546875 0.4515625 0.02421875 0.05390625
1 0.146875 0.496875 0.015625 0.08203125