0 0.529375 0.411875 0.00875 0.01375
0 0.5425 0.419375 0.01375 0.031875
0 0.55625 0.41875 0.0125 0.033125
0 0.56625 0.419375 0.013125 0.043125
0 0.57625 0.424375 0.02125 0.06
0 0.599375 0.4275 0.03875 0.07375
0 0.484375 0.418125 0.00875 0.0125
0 0.455 0.426875 0.015625 0.02375
0 0.430625 0.430625 0.015625 0.0275
0 0.52 0.418125 0.011875 0.018125
0 0.506875 0.418125 0.009375 0.015
0 0.495625 0.418125 0.00875 0.015
0 0.48 0.423125 0.011875 0.015
0 0.625625 0.44 0.063125 0.1
0 0.39625 0.448125 0.04625 0.065
1 0.694375 0.408125 0.006875 0.05125
1 0.664375 0.43 0.00875 0.069375
1 0.71125 0.441875 0.015625 0.08625
1 0.70375 0.45 0.0125 0.069375
1 0.69 0.443125 0.01625 0.116875
1 0.735625 0.441875 0.0175 0.1
1 0.22625 0.468125 0.01 0.05125
1 0.3425 0.4425 0.005625 0.030625
1 0.676875 0.44 0.015625 0.120625
1 0.754375 0.45125 0.024375 0.054375
1 0.146875 0.4975 0.015625 0.081875