1 0.57 0.385 0.0175 0.07625
1 0.988125 0.491875 0.021875 0.306875
1 0.69625 0.39875 0.030625 0.12375
1 0.6425 0.451875 0.040625 0.2475
1 0.619375 0.38625 0.01875 0.07375
1 0.8025 0.481875 0.04375 0.29
1 0.7475 0.48 0.071875 0.2775
1 0.91375 0.4925 0.056875 0.29
1 0.8675 0.485 0.05 0.26375
0 0.368125 0.36625 0.01875 0.030625
0 0.358125 0.373125 0.021875 0.029375
0 0.32875 0.375 0.0325 0.05
1 0.34625 0.3725 0.01 0.0475
0 0.319375 0.380625 0.021875 0.0475
0 0.300625 0.380625 0.03125 0.05125
0 0.29625 0.3875 0.02375 0.05
0 0.26875 0.38875 0.04625 0.06
0 0.24625 0.4 0.03875 0.058125
0 0.213125 0.395625 0.059375 0.081875
0 0.13 0.376875 0.088125 0.054375
0 0.0575 0.43375 0.09375 0.11
0 0.46375 0.3725 0.009375 0.02625
0 0.4575 0.37 0.009375 0.030625
0 0.473125 0.370625 0.01875 0.029375
0 0.48875 0.37625 0.02625 0.0475
0 0.49875 0.379375 0.030625 0.054375
0 0.498125 0.385625 0.019375 0.054375
0 0.388125 0.37625 0.024375 0.0475
0 0.023125 0.4425 0.04625 0.12625
0 0.1625 0.435625 0.153125 0.154375
0 0.42625 0.393125 0.065 0.12375
0 0.5175 0.39 0.04375 0.06
1 0.961875 0.443125 0.053125 0.269375