0 0.500625 0.48375 0.011875 0.01
0 0.50375 0.486875 0.00875 0.01
0 0.51 0.4875 0.00875 0.01125
0 0.489375 0.48625 0.01125 0.01125
0 0.481875 0.488125 0.011875 0.0125
0 0.470625 0.4875 0.0075 0.01125
0 0.4775 0.49625 0.01 0.0125
0 0.461875 0.488125 0.006875 0.01
0 0.4675 0.495625 0.01125 0.01375
0 0.443125 0.4925 0.006875 0.01
0 0.4425 0.489375 0.01 0.01
0 0.443125 0.494375 0.00875 0.01125
0 0.436875 0.4975 0.0075 0.016875
0 0.444375 0.501875 0.01125 0.018125
0 0.455625 0.498125 0.0125 0.01
0 0.45375 0.5025 0.015 0.016875
0 0.470625 0.51125 0.015625 0.02625
0 0.466875 0.519375 0.0125 0.031875
0 0.45875 0.525 0.02375 0.0375
0 0.529375 0.5125 0.02375 0.029375
0 0.543125 0.511875 0.009375 0.016875
0 0.418125 0.506875 0.0225 0.02375
0 0.415 0.510625 0.02375 0.01375
0 0.43875 0.533125 0.035 0.054375
0 0.379375 0.5025 0.02125 0.01375
0 0.380625 0.525 0.025 0.043125
0 0.406875 0.54375 0.055625 0.0725
0 0.3575 0.518125 0.021875 0.031875
0 0.29375 0.5125 0.03125 0.031875
2 0.255 0.53375 0.075 0.08625
0 0.195625 0.51625 0.0275 0.019375
0 0.1325 0.57125 0.169375 0.158125
0 0.326875 0.5725 0.118125 0.135
0 0.510625 0.59625 0.11375 0.169375
0 0.5725 0.513125 0.015625 0.019375
0 0.600625 0.549375 0.0575 0.075
0 0.6475 0.50875 0.0325 0.030625
0 0.71375 0.51375 0.015625 0.02625
0 0.744375 0.516875 0.030625 0.04
0 0.731875 0.525625 0.043125 0.044375
0 0.776875 0.51375 0.0325 0.035
0 0.78 0.525625 0.034375 0.044375
0 0.82375 0.49375 0.04375 0.020625
0 0.813125 0.52125 0.03875 0.04
0 0.846875 0.5125 0.046875 0.041875
2 0.90875 0.506875 0.07 0.041875
0 0.965 0.508125 0.031875 0.033125
0 0.0125 0.866875 0.025 0.2125
0 0.04125 0.5725 0.036875 0.06375
2 0.025 0.515 0.05 0.055625