0 0.675625 0.363125 0.065625 0.06
0 0.45375 0.33875 0.055 0.083125
1 0.049375 0.31625 0.0225 0.091875
1 0.08875 0.330625 0.01875 0.0875
1 0.111875 0.3125 0.018125 0.0725
1 0.12625 0.3025 0.013125 0.03625
1 0.138125 0.306875 0.01875 0.04
1 0.1525 0.305 0.013125 0.04
1 0.1675 0.300625 0.01375 0.044375
1 0.77125 0.34875 0.01375 0.07625
1 0.750625 0.33 0.013125 0.029375
1 0.73 0.3325 0.009375 0.056875
1 0.721875 0.335 0.013125 0.056875
1 0.67125 0.32 0.015625 0.0275
0 0.29125 0.330625 0.05125 0.075
0 0.32375 0.323125 0.046875 0.06
0 0.344375 0.31875 0.025 0.05125
0 0.35875 0.31375 0.024375 0.044375
0 0.375625 0.310625 0.01875 0.033125
0 0.4 0.30625 0.02 0.029375
0 0.4825 0.31875 0.02 0.05125
0 0.538125 0.326875 0.018125 0.033125
0 0.551875 0.33 0.025 0.029375
0 0.57625 0.33625 0.01875 0.043125
0 0.599375 0.33875 0.040625 0.065
0 0.633125 0.34 0.06125 0.068125
0 0.51125 0.324375 0.021875 0.031875
0 0.4225 0.32 0.009375 0.044375
0 0.4175 0.30875 0.011875 0.03625
1 0.206875 0.298125 0.011875 0.020625
0 0.23375 0.308125 0.065625 0.025
0 0.3925 0.32 0.03 0.044375
0 0.4925 0.314375 0.01125 0.020625