1 0.9925 0.335625 0.013125 0.1125
1 0.935 0.33 0.031875 0.11375
1 0.90875 0.326875 0.0225 0.104375
1 0.888125 0.355 0.055625 0.27375
1 0.834375 0.310625 0.0125 0.070625
1 0.82125 0.31125 0.015625 0.07375
1 0.84625 0.335625 0.021875 0.1025
1 0.736875 0.300625 0.0075 0.0275
1 0.730625 0.300625 0.006875 0.0275
1 0.70875 0.293125 0.01375 0.041875
1 0.520625 0.2925 0.0075 0.019375
1 0.5075 0.3125 0.0075 0.043125
1 0.49625 0.31625 0.006875 0.041875
1 0.49125 0.31625 0.00875 0.041875
1 0.48625 0.31625 0.00875 0.0375
1 0.480625 0.315 0.0125 0.043125
1 0.471875 0.313125 0.01125 0.044375
1 0.4575 0.313125 0.011875 0.041875
1 0.440625 0.32375 0.02125 0.08875
1 0.39875 0.293125 0.018125 0.056875
1 0.386875 0.30125 0.01375 0.070625
1 0.3825 0.3025 0.02125 0.07375
1 0.35625 0.3025 0.015625 0.068125
1 0.3525 0.294375 0.0075 0.030625
1 0.309375 0.31375 0.01875 0.1
1 0.28875 0.308125 0.013125 0.0625
1 0.26 0.3025 0.043125 0.170625
1 0.238125 0.323125 0.015625 0.143125
1 0.181875 0.313125 0.0125 0.0625
1 0.16 0.31625 0.015 0.065
1 0.13125 0.316875 0.015625 0.06125
1 0.105625 0.298125 0.0325 0.104375
0 0.649375 0.33625 0.228125 0.156875
0 0.170625 0.2925 0.0475 0.030625
0 0.126875 0.30875 0.05875 0.069375
0 0.209375 0.316875 0.0475 0.0525
0 0.0625 0.3 0.07 0.066875