1 0.29 0.4425 0.01625 0.066875
1 0.27625 0.43125 0.01375 0.075
1 0.25375 0.41125 0.011875 0.025
1 0.183125 0.43125 0.01375 0.04875
1 0.1725 0.429375 0.01375 0.066875
1 0.24125 0.426875 0.01125 0.04
1 0.44 0.438125 0.013125 0.044375
0 0.35125 0.46125 0.0725 0.079375
0 0.500625 0.436875 0.05625 0.0625
0 0.5675 0.43875 0.03 0.03625
0 0.595 0.475625 0.049375 0.083125
0 0.520625 0.49625 0.105 0.155625
0 0.69 0.480625 0.031875 0.055625
0 0.71375 0.491875 0.044375 0.06375
0 0.75875 0.50375 0.08375 0.083125
0 0.888125 0.58375 0.22375 0.53875
1 0.741875 0.450625 0.0175 0.0275
1 0.2325 0.43875 0.011875 0.070625