2 0.093125 0.45125 0.01125 0.0275
0 0.11375 0.44625 0.009375 0.0125
0 0.128125 0.45 0.009375 0.0125
0 0.144375 0.46 0.011875 0.018125
0 0.10875 0.461875 0.0075 0.018125
0 0.1175 0.461875 0.0075 0.018125
0 0.1225 0.468125 0.011875 0.019375
0 0.133125 0.47625 0.013125 0.01375
0 0.04125 0.483125 0.025 0.020625
0 0.10875 0.49375 0.025625 0.03875
2 0.1675 0.44 0.013125 0.020625
0 0.174375 0.449375 0.011875 0.018125
0 0.19875 0.454375 0.011875 0.019375
0 0.204375 0.465 0.01125 0.01375
0 0.2175 0.45625 0.01125 0.018125
0 0.20875 0.44875 0.01 0.016875
0 0.231875 0.458125 0.01 0.01375
0 0.163125 0.476875 0.02125 0.019375
0 0.290625 0.47625 0.015625 0.01375
0 0.32125 0.48375 0.01875 0.02375
0 0.183125 0.4675 0.013125 0.025
0 0.19875 0.475 0.01375 0.019375
0 0.218125 0.480625 0.015 0.02375
0 0.33 0.513125 0.045 0.06
0 0.144375 0.495625 0.028125 0.031875
0 0.1775 0.501875 0.0325 0.04
2 0.074375 0.498125 0.063125 0.065
2 0.249375 0.470625 0.025 0.045625