1 0.27625 0.475 0.00625 0.04875
1 0.251875 0.48875 0.018125 0.0725
1 0.18375 0.47625 0.01 0.055625
1 0.163125 0.45875 0.013125 0.029375
1 0.755 0.516875 0.015625 0.085
1 0.68375 0.486875 0.015625 0.043125
1 0.670625 0.504375 0.01125 0.05125
1 0.65875 0.504375 0.00875 0.06
1 0.65125 0.501875 0.006875 0.055625
1 0.595 0.501875 0.013125 0.055625
0 0.648125 0.50625 0.063125 0.05125
1 0.9825 0.54375 0.034375 0.12625
0 0.40875 0.479375 0.01375 0.04
0 0.395 0.493125 0.03375 0.0475
0 0.3325 0.48875 0.05125 0.055625
0 0.131875 0.69125 0.263125 0.51
0 0.46875 0.495625 0.103125 0.21375
0 0.52625 0.488125 0.011875 0.044375
1 0.193125 0.48 0.009375 0.06375