1 0.0296875 0.6015625 0.0171875 0.0640625
1 0.60625 0.59765625 0.0265625 0.1265625
1 0.52890625 0.58984375 0.01328125 0.06796875
1 0.56328125 0.590625 0.01328125 0.0890625
0 0.1578125 0.6265625 0.078125 0.084375
0 0.20390625 0.5921875 0.01953125 0.03046875
0 0.3 0.59609375 0.0171875 0.04140625
0 0.35 0.590625 0.01328125 0.028125
0 0.396875 0.58203125 0.0171875 0.028125
2 0.3265625 0.5734375 0.03671875 0.0859375
0 0.23203125 0.6109375 0.07890625 0.09140625
0 0.4203125 0.609375 0.05390625 0.084375
1 0.453125 0.61328125 0.025 0.09609375