1 0.03 0.545625 0.025 0.11375
1 0.095 0.52875 0.02625 0.135
1 0.446875 0.51 0.00875 0.041875
1 0.005625 0.53375 0.009375 0.09
1 0.138125 0.51375 0.0125 0.04
1 0.166875 0.545625 0.013125 0.09
1 0.23375 0.52125 0.01875 0.065
1 0.434375 0.508125 0.006875 0.056875
1 0.424375 0.51 0.009375 0.04875
1 0.399375 0.514375 0.006875 0.05125
1 0.38625 0.526875 0.013125 0.030625
1 0.490625 0.50125 0.005 0.03625
0 0.543125 0.506875 0.0225 0.033125
0 0.513125 0.513125 0.028125 0.0375
0 0.68875 0.495625 0.015 0.0275
0 0.655625 0.498125 0.009375 0.019375
0 0.674375 0.4975 0.01875 0.0375
0 0.7125 0.50625 0.025 0.035
2 0.720625 0.483125 0.05125 0.069375
0 0.6 0.55375 0.111875 0.16125
0 0.861875 0.665 0.27125 0.4475
1 0.075 0.526875 0.0175 0.0625
1 0.20125 0.524375 0.0125 0.056875
1 0.1825 0.525 0.015 0.058125