1 0.925625 0.415 0.01875 0.154375
1 0.918125 0.4175 0.0275 0.15
1 0.894375 0.41875 0.03125 0.166875
1 0.876875 0.36875 0.015625 0.065
1 0.864375 0.41375 0.0275 0.16125
0 0.363125 0.373125 0.02875 0.033125
0 0.386875 0.405 0.04875 0.081875
0 0.420625 0.3725 0.02375 0.058125
0 0.514375 0.379375 0.02625 0.035
0 0.530625 0.391875 0.0325 0.05125
0 0.5925 0.425 0.1075 0.13625
0 0.465625 0.373125 0.02875 0.033125
0 0.49 0.370625 0.0175 0.0275
0 0.445625 0.425 0.07375 0.1225
0 0.3225 0.405 0.10125 0.156875
0 0.73875 0.47125 0.230625 0.295625