1 0.246875 0.578125 0.0171875 0.096875
1 0.33828125 0.5859375 0.0140625 0.0765625
1 0.43125 0.56953125 0.0140625 0.05390625
1 0.26640625 0.609375 0.0140625 0.08203125
1 0.275 0.57265625 0.01171875 0.0359375
1 0.359375 0.55546875 0.015625 0.0359375
1 0.3859375 0.5578125 0.01328125 0.04609375
1 0.45703125 0.5640625 0.01171875 0.0390625
1 0.46875 0.5640625 0.00703125 0.0390625
1 0.83203125 0.58828125 0.02421875 0.1125
1 0.31015625 0.6 0.0359375 0.140625
1 0.2140625 0.603125 0.0171875 0.1015625
0 0.49921875 0.5640625 0.01875 0.03359375
0 0.5328125 0.53359375 0.02265625 0.0125
0 0.54296875 0.61875 0.10625 0.1625
2 0.6984375 0.56875 0.12734375 0.19453125
1 0.60546875 0.5640625 0.0046875 0.028125
1 0.61484375 0.56796875 0.00859375 0.040625