1 0.24625 0.57875 0.0175 0.0975
1 0.338125 0.58625 0.01375 0.07625
1 0.43125 0.569375 0.01375 0.054375
1 0.26625 0.60875 0.01375 0.081875
1 0.275 0.573125 0.011875 0.03625
1 0.35875 0.555625 0.015625 0.03625
1 0.38625 0.5575 0.013125 0.045625
1 0.456875 0.56375 0.011875 0.03875
1 0.469375 0.56375 0.006875 0.03875
1 0.831875 0.588125 0.024375 0.1125
1 0.31 0.6 0.03625 0.14
1 0.21375 0.60375 0.0175 0.10125
0 0.499375 0.56375 0.01875 0.033125
0 0.5325 0.533125 0.0225 0.0125
0 0.543125 0.61875 0.10625 0.1625
2 0.69875 0.56875 0.1275 0.194375
1 0.605625 0.56375 0.005 0.0275
1 0.615 0.568125 0.00875 0.04