0 0.44 0.65375 0.01125 0.01125
0 0.43 0.655 0.01125 0.008125
0 0.41 0.655 0.011875 0.0125
0 0.38875 0.655 0.013125 0.020625
0 0.32 0.658125 0.03125 0.044375
0 0.31 0.664375 0.0225 0.03625
0 0.2925 0.65875 0.034375 0.0475
0 0.2725 0.669375 0.03125 0.05125
0 0.236875 0.66875 0.0525 0.065
0 0.206875 0.680625 0.0525 0.068125
1 0.14875 0.64125 0.013125 0.02375
0 0.143125 0.691875 0.094375 0.0875
1 0.07875 0.685 0.034375 0.11125
0 0.37625 0.655 0.01875 0.025
0 0.42 0.655 0.00875 0.016875
0 0.4775 0.65375 0.024375 0.02375
0 0.451875 0.65375 0.021875 0.0275
0 0.398125 0.655 0.009375 0.020625
2 0.470625 0.63875 0.018125 0.019375
0 0.496875 0.65375 0.015625 0.0275
0 0.515 0.6525 0.011875 0.029375
0 0.530625 0.65125 0.025 0.03625
0 0.540625 0.656875 0.01875 0.03875
2 0.565 0.629375 0.04 0.115
2 0.63125 0.636875 0.1075 0.1725
0 0.87375 0.723125 0.203125 0.144375
1 0.3525 0.655625 0.006875 0.019375
1 0.343125 0.65875 0.009375 0.025