1 0.09125 0.516875 0.045 0.166875
1 0.046875 0.511875 0.021875 0.14875
1 0.02375 0.52 0.03125 0.1525
1 0.1475 0.5125 0.040625 0.169375
1 0.115 0.511875 0.02125 0.135
1 0.07125 0.483125 0.015 0.116875
1 0.01 0.508125 0.01375 0.145625
1 0.481875 0.4925 0.036875 0.17375
1 0.456875 0.488125 0.0275 0.11
1 0.57375 0.451875 0.018125 0.058125
1 0.56 0.489375 0.015625 0.119375
1 0.54125 0.470625 0.009375 0.0525
1 0.530625 0.47 0.0075 0.05125
1 0.5175 0.46625 0.011875 0.069375
1 0.506875 0.468125 0.01125 0.0625
1 0.438125 0.46125 0.013125 0.02625
0 0.4 0.49125 0.093125 0.183125
0 0.26875 0.610625 0.271875 0.375
2 0.733125 0.455625 0.315625 0.379375
0 0.935625 0.531875 0.12875 0.47625