0 0.01625 0.586875 0.031875 0.158125
1 0.2025 0.560625 0.09 0.341875
1 0.09 0.5075 0.0125 0.0625
0 0.458125 0.468125 0.081875 0.155625
0 0.599375 0.46625 0.10125 0.155625
0 0.383125 0.465 0.036875 0.056875
0 0.355625 0.46875 0.02125 0.043125
2 0.241875 0.474375 0.07 0.08875
0 0.525625 0.44625 0.006875 0.029375
0 0.515625 0.450625 0.013125 0.020625
1 0.96625 0.438125 0.02875 0.141875
1 0.838125 0.433125 0.028125 0.106875
1 0.765625 0.433125 0.01625 0.083125
1 0.706875 0.42 0.009375 0.033125
1 0.78875 0.438125 0.01625 0.08625
1 0.865 0.435 0.0175 0.093125