0 0.015625 0.5859375 0.03125 0.159375
1 0.203125 0.56015625 0.08984375 0.34140625
1 0.090625 0.5078125 0.0125 0.0625
0 0.4578125 0.46796875 0.08203125 0.15546875
0 0.6 0.465625 0.1015625 0.15546875
0 0.3828125 0.465625 0.03671875 0.05703125
0 0.35625 0.46875 0.02109375 0.04296875
2 0.2421875 0.47421875 0.0703125 0.0890625
0 0.52578125 0.446875 0.00703125 0.02890625
0 0.515625 0.45078125 0.01328125 0.02109375
1 0.965625 0.43828125 0.02890625 0.14140625
1 0.8375 0.43359375 0.028125 0.10703125
1 0.765625 0.43359375 0.01640625 0.08359375
1 0.70625 0.4203125 0.009375 0.03359375
1 0.7890625 0.43828125 0.01640625 0.0859375
1 0.86484375 0.434375 0.0171875 0.09296875