1 0.0475 0.57 0.028125 0.125
1 0.09625 0.56625 0.02 0.12375
1 0.19 0.548125 0.013125 0.079375
1 0.20625 0.5625 0.01875 0.075
1 0.2525 0.548125 0.013125 0.0625
1 0.269375 0.5325 0.011875 0.033125
1 0.83 0.5725 0.02 0.093125
1 0.7975 0.545 0.015625 0.081875
1 0.719375 0.52875 0.009375 0.0375
1 0.73125 0.541875 0.009375 0.075
1 0.665 0.529375 0.006875 0.029375
1 0.67375 0.5275 0.005625 0.029375
0 0.07875 0.57 0.135 0.065
0 0.005625 0.5775 0.00875 0.05
0 0.333125 0.55625 0.134375 0.16
0 0.47 0.544375 0.03875 0.055625
0 0.57375 0.535 0.01875 0.0225
0 0.4975 0.543125 0.0225 0.03625
0 0.518125 0.54125 0.01875 0.020625
0 0.525 0.531875 0.015 0.016875