1 0.758125 0.556875 0.02625 0.12625
0 0.5025 0.544375 0.03375 0.056875
0 0.47875 0.52875 0.018125 0.035
0 0.46 0.524375 0.0125 0.0225
0 0.469375 0.541875 0.0225 0.0375
0 0.445625 0.555625 0.028125 0.075
0 0.351875 0.538125 0.01125 0.029375
0 0.339375 0.549375 0.0225 0.0375
0 0.3175 0.5525 0.02375 0.044375
0 0.298125 0.550625 0.0125 0.05
0 0.395 0.550625 0.08375 0.16
0 0.59125 0.545625 0.040625 0.054375
0 0.100625 0.564375 0.03 0.06
0 0.05625 0.599375 0.109375 0.094375
1 0.09 0.548125 0.01125 0.044375