0 0.023125 0.558125 0.013125 0.019375
0 0.12625 0.555 0.0075 0.008125
0 0.0925 0.575625 0.015625 0.01125
0 0.111875 0.573125 0.038125 0.02375
0 0.211875 0.58 0.03125 0.018125
0 0.16625 0.580625 0.036875 0.030625
0 0.265 0.56625 0.01 0.020625
0 0.30125 0.558125 0.00875 0.006875
0 0.446875 0.57375 0.005625 0.006875
0 0.44 0.575625 0.006875 0.01
0 0.43125 0.566875 0.0075 0.005625
0 0.431875 0.57375 0.00875 0.006875
0 0.4225 0.5775 0.005625 0.0125
0 0.414375 0.576875 0.01125 0.01125
0 0.41875 0.594375 0.01 0.019375
0 0.443125 0.59375 0.011875 0.018125
2 0.443125 0.56125 0.00875 0.01375
2 0.455625 0.5675 0.01 0.035
0 0.25 0.56625 0.015 0.0225
0 0.31125 0.560625 0.00875 0.008125
0 0.36375 0.5875 0.02 0.025
0 0.3325 0.585625 0.02875 0.041875
0 0.395625 0.595 0.03875 0.055625
0 0.43125 0.58875 0.015 0.0225
0 0.51125 0.61 0.043125 0.06125
0 0.4 0.548125 0.006875 0.01