0 0.993125 0.489375 0.011875 0.0475
0 0.95625 0.4575 0.085 0.091875
0 0.891875 0.44875 0.075625 0.080625
0 0.788125 0.468125 0.128125 0.116875
0 0.805 0.41125 0.05 0.035
0 0.751875 0.41125 0.0425 0.043125
0 0.725625 0.413125 0.02875 0.043125
0 0.65375 0.40375 0.025625 0.041875
0 0.6725 0.395 0.01625 0.045625
0 0.631875 0.39625 0.015 0.02625
1 0.57875 0.57625 0.138125 0.4525
0 0.52875 0.41375 0.059375 0.1125
2 0.541875 0.365 0.040625 0.06375
1 0.46375 0.47875 0.049375 0.216875
1 0.415625 0.4725 0.055 0.220625
1 0.38625 0.4475 0.0325 0.154375
1 0.3475 0.49125 0.07 0.283125
1 0.32375 0.435 0.025625 0.183125
1 0.3025 0.436875 0.025625 0.183125
1 0.281875 0.37625 0.01875 0.0625
1 0.27125 0.4425 0.03375 0.168125
1 0.24625 0.42 0.030625 0.129375
1 0.225 0.36625 0.019375 0.0625
1 0.224375 0.486875 0.065625 0.258125
1 0.029375 0.42 0.05 0.1375
0 0.03375 0.386875 0.06625 0.116875
0 0.619375 0.400625 0.01 0.0375
1 0.19375 0.44375 0.015625 0.1275