1 0.693125 0.38125 0.061875 0.245625
1 0.03125 0.38 0.0175 0.05125
0 0.325625 0.33 0.02625 0.035
0 0.310625 0.341875 0.025 0.04
0 0.29 0.3475 0.03125 0.0475
0 0.255625 0.34875 0.05125 0.06375
0 0.2225 0.369375 0.059375 0.054375
0 0.16875 0.3875 0.065625 0.079375
0 0.09 0.40125 0.103125 0.116875
0 0.600625 0.28875 0.04625 0.041875
0 0.62625 0.313125 0.05 0.06375
0 0.65125 0.345 0.063125 0.1125
2 0.799375 0.36125 0.27 0.280625
0 0.899375 0.47375 0.2 0.36125
0 0.0225 0.43375 0.045 0.108125
1 0.01125 0.369375 0.015 0.035
0 0.52375 0.4375 0.22125 0.335