0 0.2275 0.335625 0.040625 0.044375
0 0.44875 0.28375 0.015625 0.030625
0 0.4325 0.280625 0.015625 0.018125
0 0.430625 0.28625 0.011875 0.02625
0 0.4225 0.29625 0.015625 0.0275
0 0.41375 0.3 0.02375 0.04875
0 0.4025 0.313125 0.02375 0.070625
0 0.31625 0.316875 0.04625 0.081875
0 0.2825 0.32 0.036875 0.065
0 0.091875 0.345 0.08625 0.119375
0 0.718125 0.32875 0.12125 0.16125
1 0.884375 0.294375 0.0325 0.168125
1 0.79125 0.274375 0.02375 0.14
1 0.92 0.26 0.03875 0.133125
0 0.17125 0.366875 0.106875 0.116875
0 0.365625 0.33875 0.084375 0.12375
0 0.555625 0.435 0.27125 0.41
1 0.005 0.36875 0.01 0.05125
1 0.839375 0.256875 0.019375 0.02625