1 0.09375 0.235 0.019375 0.0225
1 0.19125 0.245625 0.01625 0.0275
0 0.0475 0.4275 0.094375 0.2875
0 0.13 0.35625 0.231875 0.233125
0 0.2525 0.31625 0.109375 0.1375
0 0.30875 0.285625 0.07875 0.119375
0 0.345 0.276875 0.03875 0.093125
0 0.3675 0.276875 0.02 0.0625
0 0.3775 0.279375 0.0175 0.044375
0 0.391875 0.2725 0.02125 0.044375
0 0.40875 0.27625 0.015 0.03625
0 0.41875 0.27 0.006875 0.020625
0 0.433125 0.27375 0.01125 0.01375
0 0.87875 0.32125 0.240625 0.445625
0 0.715 0.324375 0.209375 0.23875
0 0.916875 0.21375 0.153125 0.056875
0 0.61 0.273125 0.046875 0.054375
0 0.58625 0.263125 0.04 0.04875
0 0.56375 0.27625 0.01625 0.03625
0 0.556875 0.266875 0.02125 0.0375
0 0.5425 0.27625 0.01125 0.029375
0 0.534375 0.27125 0.011875 0.03625
0 0.5025 0.27 0.031875 0.04875
0 0.48125 0.27125 0.0225 0.029375
0 0.46375 0.27125 0.01125 0.0225