1 0.555 0.34625 0.00375 0.01375
1 0.64 0.356875 0.00875 0.069375
1 0.840625 0.32625 0.0125 0.054375
1 0.678125 0.33 0.01125 0.019375
1 0.196875 0.3925 0.0275 0.081875
2 0.805 0.310625 0.07125 0.0375
0 0.859375 0.313125 0.0125 0.019375
0 0.98625 0.32 0.02625 0.08875
0 0.695625 0.316875 0.04375 0.0125
0 0.653125 0.34 0.025 0.0275
0 0.536875 0.345625 0.009375 0.019375
0 0.515 0.34125 0.015 0.02625
0 0.4525 0.363125 0.019375 0.04
0 0.4725 0.33125 0.0125 0.006875
0 0.424375 0.355625 0.05 0.08625
0 0.335 0.38625 0.043125 0.06375
0 0.38375 0.38 0.06375 0.08625
0 0.49 0.37 0.05625 0.081875
0 0.73625 0.385625 0.174375 0.131875