0 0.00875 0.61375 0.0175 0.0625
0 0.92875 0.6575 0.1425 0.179375
0 0.7875 0.601875 0.144375 0.15
0 0.631875 0.601875 0.0375 0.0525
0 0.62125 0.593125 0.034375 0.06
0 0.601875 0.594375 0.01375 0.041875
0 0.588125 0.59375 0.019375 0.029375
0 0.576875 0.59625 0.009375 0.02625
0 0.569375 0.59625 0.0075 0.02375
2 0.551875 0.580625 0.034375 0.0625
2 0.694375 0.57125 0.09875 0.15
0 0.15125 0.620625 0.100625 0.07625
0 0.2825 0.61 0.05 0.05
0 0.366875 0.6 0.04 0.044375
0 0.39875 0.60625 0.01625 0.0225
0 0.4275 0.60375 0.018125 0.02625
0 0.5225 0.594375 0.0175 0.02625
0 0.41125 0.61 0.01625 0.0225
0 0.4425 0.605625 0.01 0.019375
0 0.45125 0.60875 0.01 0.016875
0 0.46375 0.60375 0.0075 0.0125
0 0.47375 0.60625 0.013125 0.018125