0 0.518125 0.389375 0.01 0.018125
0 0.511875 0.393125 0.013125 0.02625
0 0.503125 0.394375 0.011875 0.02375
0 0.494375 0.40125 0.015625 0.02375
0 0.46 0.39625 0.025 0.041875
0 0.48125 0.40625 0.02375 0.033125
0 0.551875 0.39125 0.009375 0.020625
0 0.5575 0.401875 0.01 0.030625
0 0.4475 0.43625 0.04875 0.1125
0 0.39625 0.469375 0.10375 0.1975
2 0.375625 0.32375 0.088125 0.1125
2 0.670625 0.394375 0.225625 0.215
0 0.53875 0.391875 0.011875 0.018125
0 0.7025 0.506875 0.15 0.17375
0 0.174375 0.430625 0.34875 0.719375