0 0.0725 0.466875 0.08125 0.045625
0 0.0225 0.468125 0.044375 0.055625
0 0.011875 0.480625 0.02375 0.033125
0 0.340625 0.454375 0.025 0.030625
0 0.24 0.458125 0.06 0.033125
0 0.27 0.456875 0.01375 0.025
0 0.295625 0.4575 0.02375 0.02375
0 0.356875 0.4675 0.021875 0.09875
0 0.47125 0.44 0.035 0.05
0 0.50875 0.444375 0.0375 0.0275
0 0.725625 0.429375 0.0425 0.04
0 0.824375 0.42 0.03125 0.056875
0 0.788125 0.4225 0.021875 0.05
0 0.690625 0.4325 0.0225 0.029375
0 0.656875 0.4325 0.059375 0.03875
0 0.63375 0.433125 0.011875 0.0275
2 0.586875 0.425 0.09125 0.069375
1 0.534375 0.454375 0.02625 0.118125
0 0.969375 0.42125 0.05875 0.044375
1 0.185 0.455625 0.01375 0.0475
0 0.4125 0.45625 0.13 0.27625