1 0.0875 0.42 0.02 0.070625
0 0.35875 0.41 0.01125 0.018125
0 0.335 0.411875 0.028125 0.019375
0 0.29875 0.41375 0.021875 0.02625
0 0.27375 0.41625 0.02125 0.030625
0 0.256875 0.42375 0.031875 0.03625
2 0.38375 0.395625 0.03375 0.079375
0 0.410625 0.411875 0.01125 0.030625
0 0.425 0.419375 0.024375 0.0375
0 0.468125 0.425625 0.065625 0.05
0 0.566875 0.4575 0.050625 0.08875
0 0.636875 0.461875 0.115 0.144375
0 0.736875 0.479375 0.175625 0.21
0 0.86625 0.54875 0.265625 0.255625
0 0.135625 0.435625 0.07 0.06
0 0.19125 0.4125 0.02125 0.030625