0 0.39125 0.318125 0.0125 0.020625
0 0.38625 0.3475 0.011875 0.066875
0 0.37 0.338125 0.02625 0.06375
0 0.371875 0.355625 0.01375 0.045625
0 0.34625 0.34625 0.040625 0.0725
0 0.32625 0.30125 0.0125 0.0125
0 0.34125 0.30375 0.01375 0.016875
0 0.31625 0.31375 0.021875 0.020625
0 0.30375 0.30125 0.01375 0.0125
0 0.311875 0.32 0.025625 0.020625
0 0.280625 0.311875 0.0325 0.020625
0 0.30875 0.3775 0.06125 0.1225
0 0.34625 0.3675 0.0425 0.0725
0 0.238125 0.395 0.138125 0.183125
2 0.18625 0.27375 0.0925 0.0975
2 0.1075 0.265 0.065625 0.03875
0 0.545 0.36375 0.028125 0.0625
0 0.595 0.3775 0.09875 0.16
0 0.440625 0.288125 0.08 0.030625
0 0.111875 0.466875 0.22375 0.41
0 0.933125 0.604375 0.13125 0.343125
0 0.461875 0.445 0.180625 0.291875