2 0.033125 0.14125 0.030625 0.0225
2 0.280625 0.2275 0.021875 0.016875
2 0.35375 0.250625 0.021875 0.0225
2 0.3925 0.2625 0.03 0.018125
2 0.143125 0.40875 0.03375 0.043125
0 0.13375 0.418125 0.04 0.05
0 0.01 0.4025 0.02 0.043125
0 0.074375 0.38375 0.063125 0.03625
0 0.06875 0.4425 0.11 0.1225
0 0.186875 0.4425 0.04125 0.058125
0 0.28125 0.436875 0.009375 0.01
0 0.29125 0.44125 0.01 0.018125
0 0.300625 0.4475 0.01375 0.018125
0 0.356875 0.461875 0.00625 0.0225
0 0.365 0.466875 0.0175 0.020625
0 0.38 0.473125 0.01375 0.018125
0 0.39625 0.476875 0.02 0.02625
0 0.406875 0.483125 0.021875 0.025
0 0.424375 0.489375 0.015625 0.0225
0 0.4425 0.491875 0.024375 0.033125
0 0.461875 0.501875 0.02375 0.0275
0 0.485 0.51125 0.03625 0.03625
0 0.5575 0.535 0.056875 0.070625
0 0.24125 0.46875 0.0875 0.133125