0 0.386875 0.17875 0.011875 0.018125
0 0.3775 0.183125 0.015625 0.018125
0 0.369375 0.206875 0.01875 0.02375
0 0.36625 0.219375 0.019375 0.020625
0 0.36125 0.2325 0.030625 0.02375
0 0.440625 0.18875 0.01 0.020625
0 0.449375 0.19875 0.015 0.02625
0 0.449375 0.21125 0.011875 0.02375
0 0.46125 0.225625 0.01375 0.0275
0 0.461875 0.24125 0.0225 0.04
1 0.45125 0.27375 0.01 0.054375
0 0.48375 0.28625 0.02375 0.055625
0 0.493125 0.2925 0.02375 0.068125
0 0.485 0.275 0.040625 0.06125
0 0.536875 0.31 0.0425 0.08875
0 0.5275 0.2875 0.06125 0.105625
0 0.59625 0.319375 0.115625 0.13625
0 0.31375 0.294375 0.02125 0.054375
0 0.285625 0.294375 0.059375 0.095625
0 0.255625 0.308125 0.063125 0.095625
2 0.16375 0.316875 0.155625 0.20125
0 0.35375 0.261875 0.06875 0.044375
0 0.06875 0.383125 0.1375 0.255625
0 0.8575 0.4225 0.28375 0.4025
0 0.4025 0.17875 0.01375 0.019375
0 0.4175 0.169375 0.013125 0.020625
0 0.395 0.148125 0.015625 0.020625