0 0.896875 0.291875 0.0125 0.02375
0 0.8875 0.2975 0.00875 0.018125
0 0.87875 0.294375 0.015 0.029375
0 0.866875 0.29625 0.01875 0.031875
0 0.84625 0.295 0.02875 0.0375
0 0.83125 0.3025 0.01625 0.031875
0 0.816875 0.29875 0.02125 0.043125
0 0.746875 0.31 0.03625 0.055625
0 0.93125 0.2825 0.01375 0.019375
0 0.93 0.286875 0.01125 0.01375
0 0.793125 0.30125 0.04625 0.0475
0 0.713125 0.30875 0.065 0.0725
0 0.516875 0.341875 0.245 0.243125
2 0.043125 0.405625 0.08625 0.1875
2 0.973125 0.248125 0.050625 0.493125