2 0.02875 0.441875 0.0575 0.044375
0 0.5325 0.600625 0.33625 0.435
0 0.96625 0.776875 0.06625 0.31
0 0.82125 0.585625 0.25625 0.25
0 0.733125 0.48375 0.144375 0.1725
0 0.839375 0.448125 0.06375 0.04
0 0.32125 0.4725 0.05375 0.06375
0 0.2175 0.423125 0.02125 0.0375
0 0.394375 0.45375 0.02 0.03625
2 0.341875 0.395 0.04 0.04875
2 0.38 0.4025 0.03125 0.04
0 0.371875 0.44875 0.024375 0.02375
0 0.3525 0.44375 0.01875 0.0275
0 0.334375 0.433125 0.02125 0.01375
0 0.156875 0.419375 0.036875 0.041875
0 0.288125 0.40875 0.030625 0.0275
0 0.2675 0.39875 0.0125 0.016875
0 0.256875 0.391875 0.01125 0.01375
0 0.200625 0.4 0.019375 0.02375
0 0.223125 0.3925 0.019375 0.0225