0 0.344375 0.44 0.01 0.01
0 0.34375 0.441875 0.01 0.008125
0 0.356875 0.45375 0.011875 0.0275
0 0.394375 0.449375 0.015625 0.01375
0 0.4075 0.4625 0.0225 0.0275
0 0.37375 0.463125 0.03 0.043125
0 0.39125 0.485 0.0475 0.0625
0 0.445625 0.51 0.084375 0.131875
0 0.591875 0.6125 0.330625 0.391875
2 0.735 0.54875 0.11375 0.208125
0 0.804375 0.533125 0.0375 0.055625
0 0.910625 0.58375 0.175625 0.141875
0 0.328125 0.444375 0.0075 0.01375
2 0.32 0.436875 0.01 0.020625
0 0.3125 0.4425 0.0075 0.015
0 0.301875 0.44125 0.01375 0.018125
0 0.29625 0.444375 0.01 0.018125
0 0.34125 0.461875 0.025625 0.035
0 0.045 0.626875 0.09 0.41125
1 0.011875 0.4 0.02375 0.0525
1 0.0325 0.42 0.0175 0.035
1 0.75375 0.493125 0.015 0.029375
1 0.72875 0.493125 0.01 0.019375
1 0.228125 0.439375 0.01125 0.03875
1 0.23625 0.438125 0.009375 0.02625