0 0.4075 0.45875 0.01625 0.035
0 0.38875 0.479375 0.0425 0.0625
2 0.356875 0.464375 0.0475 0.083125
0 0.319375 0.4825 0.01125 0.035
0 0.291875 0.479375 0.04 0.04875
1 0.268125 0.47625 0.011875 0.05125
1 0.01375 0.504375 0.024375 0.068125
2 0.02375 0.47625 0.0475 0.106875
0 0.10875 0.50875 0.165625 0.16375
2 0.55625 0.45875 0.03125 0.055625
0 0.568125 0.48375 0.01625 0.02375
0 0.59125 0.475 0.03125 0.056875
0 0.60125 0.486875 0.031875 0.043125
1 0.6225 0.48875 0.011875 0.055625
1 0.6425 0.49125 0.009375 0.05125
1 0.713125 0.47875 0.011875 0.06
1 0.735 0.49875 0.01625 0.079375
1 0.95125 0.4625 0.0225 0.0525
0 0.86 0.535625 0.169375 0.169375
0 0.959375 0.54 0.08125 0.2775
2 0.47375 0.399375 0.136875 0.354375
0 0.763125 0.473125 0.05625 0.066875