0 0.038125 0.5225 0.075625 0.130625
0 0.104375 0.525625 0.0625 0.085
0 0.1 0.483125 0.055625 0.030625
0 0.161875 0.5225 0.1175 0.0775
0 0.265 0.50375 0.0775 0.068125
0 0.215 0.50625 0.04 0.04875
2 0.32 0.4925 0.05375 0.07625
0 0.3575 0.500625 0.028125 0.04875
0 0.379375 0.49 0.0325 0.04875
0 0.400625 0.495625 0.02125 0.030625
0 0.4225 0.494375 0.02125 0.02625
2 0.446875 0.48375 0.01875 0.033125
2 0.42875 0.470625 0.028125 0.033125
0 0.46 0.49 0.009375 0.016875
2 0.4675 0.48125 0.01875 0.029375
0 0.880625 0.5725 0.236875 0.204375
0 0.74875 0.52 0.12875 0.1525
0 0.6925 0.493125 0.09375 0.14
0 0.64125 0.51375 0.0075 0.068125
0 0.63375 0.51 0.024375 0.058125
0 0.62875 0.499375 0.03875 0.0725
0 0.508125 0.488125 0.02625 0.03625
0 0.53625 0.4875 0.0175 0.0225
0 0.5825 0.49 0.02375 0.02375
0 0.563125 0.489375 0.011875 0.015