0 0.40125 0.3325 0.009375 0.015
0 0.39125 0.32875 0.01 0.016875
0 0.39125 0.33375 0.00875 0.018125
0 0.380625 0.323125 0.01 0.006875
0 0.37875 0.330625 0.01625 0.0125
0 0.415 0.33125 0.009375 0.016875
0 0.42625 0.32625 0.009375 0.01
0 0.42 0.32625 0.009375 0.01375
0 0.425625 0.33875 0.01375 0.0225
0 0.42125 0.3375 0.01 0.0225
0 0.445625 0.3325 0.03 0.0125
0 0.481875 0.341875 0.013125 0.030625
0 0.499375 0.35375 0.0375 0.065
0 0.525625 0.364375 0.04625 0.07625
0 0.275625 0.370625 0.068125 0.095625
0 0.2125 0.41375 0.109375 0.23625
1 0.813125 0.35625 0.01375 0.045625
1 0.840625 0.3725 0.021875 0.085
0 0.408125 0.336875 0.01375 0.018125
0 0.449375 0.383125 0.07375 0.09875
0 0.3575 0.40125 0.115625 0.22625
0 0.62125 0.410625 0.1975 0.25125
0 0.10625 0.41625 0.21 0.50125