0 0.254375 0.44625 0.100625 0.031875
0 0.3625 0.433125 0.0425 0.029375
0 0.411875 0.43375 0.025 0.01125
0 0.43625 0.42875 0.024375 0.0125
0 0.48625 0.44625 0.055 0.0875
0 0.546875 0.448125 0.0225 0.05125
0 0.569375 0.46 0.05875 0.1
0 0.60125 0.433125 0.01875 0.03875
0 0.6675 0.43875 0.02 0.02625
0 0.65375 0.438125 0.009375 0.033125
2 0.68875 0.42125 0.055 0.044375
0 0.72375 0.429375 0.011875 0.019375
0 0.738125 0.426875 0.01375 0.015
2 0.97875 0.4375 0.04 0.116875
0 0.91625 0.438125 0.124375 0.068125
0 0.958125 0.44 0.040625 0.020625
0 0.83 0.436875 0.02875 0.031875
0 0.849375 0.44125 0.01875 0.03625