0 0.58625 0.46125 0.02625 0.080625
2 0.53 0.42875 0.096875 0.179375
0 0.450625 0.441875 0.05375 0.1025
0 0.48 0.43625 0.018125 0.06
0 0.35875 0.425625 0.036875 0.0875
0 0.385 0.430625 0.01875 0.06375
0 0.61875 0.46125 0.0275 0.06125
0 0.6525 0.461875 0.06375 0.09
0 0.68125 0.48625 0.08125 0.0975
0 0.423125 0.461875 0.084375 0.10125
0 0.31875 0.445 0.08625 0.119375
1 0.78 0.45875 0.011875 0.0475
1 0.798125 0.47125 0.015625 0.081875
1 0.81125 0.47 0.0125 0.065
1 0.824375 0.475625 0.0125 0.065
0 0.918125 0.50125 0.161875 0.09875
1 0.870625 0.524375 0.055625 0.269375