0 0.893125 0.6075 0.21 0.415
0 0.07125 0.48375 0.1425 0.3475
0 0.980625 0.38875 0.034375 0.0375
0 0.48375 0.52875 0.296875 0.3875
0 0.155 0.398125 0.090625 0.0725
0 0.215625 0.355625 0.05 0.0225
0 0.34125 0.42875 0.0875 0.13875
0 0.50125 0.361875 0.044375 0.0225
0 0.469375 0.36375 0.018125 0.015
0 0.609375 0.435 0.075625 0.11375
0 0.786875 0.551875 0.26875 0.315
0 0.94625 0.400625 0.046875 0.04
0 0.9175 0.398125 0.034375 0.0375
0 0.87 0.398125 0.0725 0.041875
0 0.81125 0.388125 0.0425 0.03625
0 0.778125 0.39125 0.06125 0.03625
0 0.681875 0.39 0.06125 0.035
0 0.6575 0.3825 0.044375 0.041875
2 0.361875 0.3675 0.059375 0.075
0 0.23 0.49 0.26125 0.265
2 0.26 0.34125 0.090625 0.066875
1 0.69625 0.398125 0.018125 0.09875
1 0.715 0.395 0.0175 0.080625