0 0.745 0.48375 0.08875 0.11
0 0.624375 0.4675 0.0225 0.04
0 0.92375 0.47625 0.149375 0.2225
0 0.583125 0.4875 0.094375 0.1275
0 0.27875 0.450625 0.04125 0.069375
0 0.649375 0.46375 0.025625 0.043125
0 0.67375 0.458125 0.030625 0.058125
0 0.544375 0.45125 0.024375 0.033125
1 0.06875 0.438125 0.034375 0.119375
1 0.42 0.450625 0.01375 0.04875
1 0.380625 0.44875 0.013125 0.058125
1 0.368125 0.455 0.01375 0.055625
1 0.330625 0.445625 0.01375 0.04875
1 0.52625 0.4625 0.015625 0.069375
1 0.459375 0.44875 0.01875 0.055625
1 0.819375 0.49125 0.01 0.054375
1 0.809375 0.489375 0.015625 0.045625
1 0.794375 0.494375 0.01375 0.066875
1 0.219375 0.43625 0.025625 0.055625