1 0.754375 0.46125 0.01125 0.056875
1 0.900625 0.485 0.02 0.108125
1 0.915 0.491875 0.024375 0.13875
1 0.93 0.49625 0.0475 0.144375
1 0.981875 0.525 0.035 0.130625
0 0.556875 0.43875 0.015625 0.02625
0 0.54 0.435625 0.025625 0.030625
0 0.53625 0.4425 0.019375 0.025
0 0.5425 0.4675 0.02125 0.03625
0 0.38625 0.4625 0.07125 0.1
0 0.625625 0.43375 0.03375 0.0725
0 0.585 0.460625 0.055 0.1125
0 0.474375 0.45875 0.128125 0.219375
0 0.193125 0.41625 0.255 0.345625
0 0.055 0.433125 0.109375 0.430625
0 0.70875 0.441875 0.096875 0.17625