1 0.219375 0.53125 0.044375 0.24
1 0.65875 0.500625 0.013125 0.05125
1 0.668125 0.504375 0.00875 0.030625
1 0.645 0.49625 0.0075 0.019375
0 0.454375 0.50125 0.0075 0.0225
0 0.445 0.4975 0.009375 0.02375
0 0.43875 0.508125 0.006875 0.043125
0 0.428125 0.510625 0.0175 0.070625
0 0.406875 0.5225 0.036875 0.09875
0 0.39625 0.5425 0.02 0.106875
0 0.489375 0.506875 0.015625 0.0475
0 0.500625 0.513125 0.0225 0.0625
0 0.51 0.52125 0.0275 0.0725
0 0.53875 0.52875 0.05 0.106875
0 0.57875 0.543125 0.093125 0.12625
0 0.344375 0.530625 0.10125 0.1525
0 0.62375 0.580625 0.12875 0.166875