1 0.77375 0.50625 0.02 0.11375
1 0.7575 0.4875 0.01625 0.085
1 0.74625 0.48375 0.015 0.0775
1 0.69 0.48875 0.01875 0.055625
1 0.676875 0.486875 0.015 0.058125
1 0.65125 0.4925 0.0125 0.04875
1 0.6375 0.48625 0.011875 0.05
1 0.563125 0.49625 0.00875 0.056875
0 0.5525 0.498125 0.019375 0.043125
0 0.526875 0.495625 0.034375 0.04875
0 0.59625 0.50375 0.05125 0.085
0 0.500625 0.49 0.01875 0.030625
0 0.43375 0.485625 0.013125 0.020625
0 0.3325 0.498125 0.015625 0.033125
0 0.31625 0.49375 0.0225 0.05125
1 0.243125 0.4675 0.015 0.015
0 0.47 0.5 0.061875 0.1125
0 0.38625 0.52125 0.119375 0.1975
0 0.273125 0.50375 0.078125 0.070625
0 0.17625 0.50125 0.09 0.095625
0 0.05875 0.52 0.1175 0.145