1 0.3975 0.510625 0.025 0.091875
1 0.42875 0.500625 0.01875 0.0775
1 0.355625 0.514375 0.030625 0.10125
1 0.445625 0.495 0.01 0.05125
1 0.466875 0.500625 0.013125 0.054375
1 0.49 0.4925 0.009375 0.0375
1 0.501875 0.491875 0.011875 0.035
0 0.68875 0.49875 0.05125 0.115
0 0.7325 0.5 0.088125 0.13625
0 0.7975 0.523125 0.115 0.17375
0 0.574375 0.48 0.0175 0.030625
0 0.589375 0.47125 0.013125 0.033125
0 0.54125 0.495625 0.0325 0.044375
0 0.61625 0.501875 0.069375 0.1125
0 0.911875 0.555 0.175 0.293125