0 0.51375 0.539375 0.015 0.029375
0 0.498125 0.545 0.02 0.044375
0 0.50875 0.535625 0.011875 0.030625
0 0.42 0.53625 0.0125 0.0225
0 0.40125 0.54 0.0275 0.030625
0 0.595 0.564375 0.0375 0.09
0 0.5525 0.55 0.075 0.1025
0 0.655 0.59625 0.124375 0.130625
0 0.67375 0.5275 0.04125 0.03875
1 0.630625 0.576875 0.028125 0.158125
1 0.68 0.62375 0.036875 0.104375
0 0.245625 0.55 0.02 0.029375
0 0.225625 0.548125 0.0225 0.030625
0 0.20375 0.555 0.0225 0.02625
0 0.18625 0.555 0.0175 0.0225
0 0.166875 0.55375 0.025625 0.033125
0 0.15125 0.555625 0.0175 0.025
0 0.128125 0.551875 0.021875 0.02625
0 0.1 0.55875 0.031875 0.030625
0 0.075 0.56 0.03125 0.033125
0 0.011875 0.561875 0.02375 0.045625
0 0.72625 0.536875 0.04625 0.0775
0 0.76 0.5375 0.065 0.1
0 0.78125 0.545625 0.0525 0.095625
0 0.811875 0.550625 0.061875 0.095625
0 0.8825 0.51125 0.09 0.0625
0 0.89 0.555625 0.09875 0.095625
0 0.931875 0.560625 0.135 0.119375
0 0.956875 0.569375 0.08375 0.13625
0 0.45875 0.5875 0.096875 0.14
0 0.3275 0.569375 0.105 0.14