2 0.5 0.38375 0.01875 0.03625
0 0.418125 0.380625 0.028125 0.0275
0 0.4025 0.385625 0.030625 0.041875
0 0.39375 0.38875 0.036875 0.0375
0 0.38625 0.39625 0.03625 0.0375
0 0.263125 0.3775 0.119375 0.066875
0 0.239375 0.38375 0.09375 0.069375
0 0.2225 0.3825 0.07875 0.069375
0 0.141875 0.370625 0.16375 0.09875
0 0.079375 0.39625 0.15875 0.15
0 0.009375 0.48875 0.01875 0.09875
2 0.52625 0.374375 0.01375 0.018125
2 0.55625 0.376875 0.03375 0.06125
0 0.525 0.40125 0.02125 0.0275
0 0.57875 0.4 0.015625 0.033125
0 0.60125 0.404375 0.0325 0.041875
0 0.626875 0.404375 0.025 0.0375
0 0.643125 0.406875 0.0325 0.043125
1 0.64625 0.4125 0.011875 0.054375
0 0.7425 0.426875 0.08 0.07625
0 0.45125 0.40125 0.04125 0.06125
0 0.858125 0.43 0.16375 0.156875