1 0.918125 0.4325 0.038125 0.179375
1 0.80375 0.519375 0.085 0.420625
1 0.693125 0.52625 0.105625 0.4375
1 0.34875 0.48125 0.01625 0.094375
1 0.330625 0.48375 0.02125 0.08625
1 0.285625 0.4825 0.0175 0.08875
1 0.266875 0.486875 0.02125 0.0975
1 0.245625 0.493125 0.0125 0.0875
1 0.238125 0.485 0.01375 0.070625
0 0.864375 0.455625 0.075 0.1025
0 0.705625 0.439375 0.1575 0.09875
0 0.936875 0.455625 0.124375 0.08875
0 0.569375 0.52875 0.436875 0.283125
0 0.179375 0.48125 0.005625 0.01375
0 0.1725 0.48125 0.006875 0.019375
0 0.18625 0.473125 0.005625 0.01375
0 0.194375 0.475625 0.009375 0.01375
0 0.206875 0.48625 0.013125 0.018125
0 0.160625 0.47 0.009375 0.01
0 0.1475 0.48375 0.00875 0.016875
0 0.128125 0.469375 0.009375 0.0125
0 0.136875 0.48 0.00875 0.0225
0 0.118125 0.46875 0.006875 0.01375
0 0.114375 0.479375 0.01625 0.01375
0 0.125625 0.48875 0.01875 0.020625
0 0.159375 0.488125 0.015 0.02375
0 0.10625 0.500625 0.030625 0.031875
0 0.09125 0.48375 0.011875 0.015
0 0.02125 0.5075 0.018125 0.0525
0 0.06 0.511875 0.06875 0.094375