1 0.854375 0.444375 0.07125 0.275
1 0.75125 0.388125 0.0275 0.104375
1 0.981875 0.416875 0.034375 0.254375
0 0.67375 0.41375 0.12875 0.135
0 0.6025 0.41625 0.061875 0.1
0 0.481875 0.4 0.0525 0.04875
0 0.415 0.4025 0.07375 0.06125
0 0.11 0.44625 0.075 0.068125
0 0.20125 0.4225 0.0475 0.05
0 0.241875 0.413125 0.03125 0.043125
0 0.2725 0.408125 0.028125 0.043125
0 0.3025 0.4025 0.03125 0.03625
0 0.326875 0.39875 0.01625 0.030625
0 0.345 0.395 0.0175 0.035
0 0.571875 0.398125 0.03625 0.054375
0 0.458125 0.37375 0.02125 0.0225
0 0.44875 0.36625 0.02 0.01375