0 0.08625 0.4975 0.125 0.16125
0 0.275625 0.50875 0.15625 0.233125
0 0.37 0.49125 0.04375 0.07375
2 0.298125 0.385 0.068125 0.0725
1 0.013125 0.4775 0.02 0.070625
1 0.185 0.46875 0.011875 0.0475
1 0.5525 0.516875 0.035 0.1875
1 0.49875 0.510625 0.0325 0.15125
1 0.938125 0.530625 0.06 0.20125
1 0.730625 0.514375 0.03125 0.10125
1 0.794375 0.505 0.02625 0.125
1 0.69 0.483125 0.02125 0.1
1 0.529375 0.5125 0.03 0.16125
1 0.51875 0.494375 0.025 0.14
1 0.40875 0.47875 0.01 0.066875
1 0.869375 0.48875 0.019375 0.080625
1 0.748125 0.475625 0.018125 0.041875
0 0.9925 0.54375 0.013125 0.08875
1 0.054375 0.438125 0.0075 0.0225
1 0.041875 0.449375 0.015625 0.044375
1 0.17125 0.469375 0.0125 0.04
1 0.47875 0.4925 0.02875 0.16