0 0.590625 0.4359375 0.14609375 0.203125
0 0.728125 0.475 0.1328125 0.13203125
0 0.484375 0.409375 0.07421875 0.128125
0 0.346875 0.446875 0.14609375 0.23203125
0 0.05 0.409375 0.096875 0.16796875
0 0.11953125 0.4125 0.090625 0.1109375
0 0.18125 0.40546875 0.0625 0.10390625
0 0.2578125 0.40546875 0.09765625 0.1625
0 0.44765625 0.40234375 0.0234375 0.04140625
0 0.5171875 0.36484375 0.0515625 0.084375
1 0.8234375 0.44140625 0.02421875 0.096875
1 0.803125 0.4375 0.02109375 0.1125
1 0.9734375 0.4609375 0.0328125 0.1390625
1 0.8796875 0.4359375 0.0234375 0.134375