2 0.380625 0.36875 0.015625 0.041875
2 0.45125 0.375625 0.035 0.029375
2 0.5525 0.375 0.050625 0.1025
0 0.25875 0.386875 0.02625 0.033125
0 0.41625 0.385 0.01625 0.018125
0 0.47625 0.379375 0.013125 0.018125
0 0.520625 0.37125 0.011875 0.015
0 0.50625 0.376875 0.011875 0.015
0 0.49625 0.38 0.011875 0.020625
0 0.523125 0.3875 0.011875 0.02375
0 0.470625 0.3975 0.01875 0.02625
0 0.295625 0.439375 0.09625 0.125
0 0.450625 0.410625 0.03 0.033125
0 0.50625 0.419375 0.031875 0.0475
0 0.631875 0.43 0.06375 0.075
0 0.13625 0.3975 0.028125 0.02375