1 0.5 0.513125 0.006875 0.031875
1 0.51125 0.505625 0.009375 0.030625
1 0.52625 0.530625 0.015625 0.055625
0 0.530625 0.52 0.01875 0.0275
0 0.555 0.525625 0.01125 0.05
0 0.549375 0.535 0.01375 0.03875
0 0.5725 0.531875 0.035 0.058125
0 0.5775 0.544375 0.024375 0.055625
0 0.603125 0.544375 0.0575 0.07625
0 0.6225 0.558125 0.056875 0.07625
0 0.6475 0.570625 0.0425 0.083125
0 0.706875 0.574375 0.121875 0.15125
0 0.819375 0.616875 0.206875 0.216875
0 0.415 0.505625 0.02125 0.033125
0 0.4075 0.5125 0.01125 0.0375
0 0.400625 0.510625 0.01 0.033125
0 0.3925 0.514375 0.015625 0.044375
0 0.37875 0.514375 0.0225 0.05125
0 0.353125 0.511875 0.036875 0.06
0 0.299375 0.5275 0.0575 0.070625
0 0.0375 0.569375 0.075 0.17625
0 0.92625 0.679375 0.14625 0.329375
0 0.48125 0.51 0.01375 0.020625
0 0.431875 0.50625 0.015 0.018125
0 0.2825 0.54125 0.03125 0.055625