1 0.1775 0.495 0.00875 0.031875
1 0.245 0.4925 0.005 0.031875
1 0.21375 0.524375 0.005 0.058125
1 0.2325 0.5125 0.00875 0.05
1 0.235 0.5175 0.00875 0.05
1 0.22125 0.5175 0.009375 0.05
1 0.4425 0.480625 0.0075 0.035
1 0.45125 0.4775 0.00625 0.035
1 0.456875 0.47625 0.003125 0.041875
1 0.465 0.479375 0.005 0.0525
1 0.54 0.499375 0.019375 0.129375
1 0.7375 0.495 0.03125 0.175
1 0.703125 0.49375 0.043125 0.16125
0 0.3575 0.479375 0.011875 0.015
0 0.38375 0.4775 0.013125 0.01375
0 0.394375 0.47625 0.011875 0.015
0 0.4075 0.485625 0.02125 0.029375
0 0.28375 0.499375 0.07 0.0875
0 0.36875 0.485 0.015 0.020625
0 0.416875 0.4925 0.02125 0.031875
0 0.90875 0.4675 0.181875 0.166875