1 0.833125 0.500625 0.01875 0.0725
1 0.811875 0.501875 0.01875 0.08875
1 0.750625 0.495625 0.02375 0.08625
0 0.199375 0.514375 0.086875 0.08625
0 0.331875 0.501875 0.025 0.05125
0 0.298125 0.50375 0.0525 0.0725
0 0.4175 0.504375 0.03625 0.0375
0 0.53 0.501875 0.015625 0.0375
0 0.5475 0.5 0.015625 0.0275
0 0.565 0.49125 0.02 0.04
0 0.5775 0.500625 0.02625 0.035
0 0.905625 0.500625 0.1 0.068125
0 0.625 0.501875 0.0425 0.0475
0 0.485 0.5 0.07875 0.12625
0 0.08 0.469375 0.159375 0.258125
0 0.9775 0.49125 0.04375 0.065
0 0.365 0.50375 0.06125 0.081875