0 0.460625 0.42625 0.00625 0.015
0 0.44125 0.429375 0.009375 0.016875
0 0.435625 0.445625 0.01 0.016875
0 0.4225 0.45375 0.0225 0.035
0 0.4525 0.441875 0.011875 0.015
0 0.4925 0.436875 0.00875 0.016875
0 0.50375 0.436875 0.015625 0.020625
0 0.530625 0.45 0.01625 0.0275
0 0.574375 0.44 0.056875 0.093125
2 0.843125 0.41375 0.1475 0.1775
0 0.62875 0.451875 0.0225 0.03625
0 0.60625 0.45 0.011875 0.03625
0 0.6475 0.45375 0.03125 0.04
0 0.67625 0.451875 0.045 0.05125
0 0.325625 0.50625 0.095 0.118125
0 0.400625 0.464375 0.031875 0.05
0 0.455 0.466875 0.03625 0.045625
0 0.083125 0.486875 0.0425 0.035
0 0.43125 0.438125 0.011875 0.020625
0 0.375625 0.449375 0.013125 0.020625
0 0.355 0.454375 0.0175 0.018125
0 0.2925 0.463125 0.038125 0.05125
0 0.240625 0.499375 0.0825 0.0975
0 0.119375 0.480625 0.034375 0.035
0 0.036875 0.494375 0.03875 0.033125
0 0.01 0.49375 0.02 0.03625
1 0.138125 0.475 0.011875 0.030625
1 0.151875 0.47875 0.01 0.030625
1 0.744375 0.43875 0.013125 0.04
1 0.72125 0.438125 0.0125 0.041875
1 0.71 0.4425 0.013125 0.0475
1 0.905625 0.4425 0.015625 0.066875
0 0.35125 0.43125 0.01 0.020625