0 0.50625 0.1425 0.0075 0.020625
0 0.5 0.1825 0.015 0.025
0 0.49 0.21 0.025625 0.03625
0 0.47 0.19375 0.011875 0.018125
0 0.461875 0.200625 0.015 0.025
0 0.44875 0.2075 0.0225 0.031875
0 0.438125 0.23 0.03625 0.044375
0 0.5325 0.136875 0.0075 0.020625
0 0.519375 0.16875 0.0075 0.018125
0 0.535 0.161875 0.009375 0.018125
0 0.54 0.175625 0.011875 0.018125
0 0.55375 0.1825 0.018125 0.025
0 0.54875 0.156875 0.01125 0.0125
0 0.57875 0.18875 0.0175 0.02625
0 0.586875 0.1975 0.015 0.03875
0 0.59875 0.20375 0.02125 0.04
0 0.61 0.22375 0.025625 0.03875
0 0.626875 0.235625 0.036875 0.0375
0 0.5575 0.21 0.02625 0.03875
0 0.52 0.18875 0.018125 0.02625
0 0.520625 0.225625 0.0275 0.03875
0 0.52875 0.260625 0.0425 0.04
0 0.658125 0.261875 0.05 0.0625
0 0.413125 0.255625 0.043125 0.056875
0 0.4725 0.236875 0.031875 0.04875
0 0.51625 0.375625 0.118125 0.19
0 0.691875 0.28375 0.07125 0.08875
0 0.37125 0.30875 0.061875 0.068125
1 0.27875 0.314375 0.02 0.075
1 0.686875 0.206875 0.01375 0.04875
1 0.67 0.205 0.013125 0.033125
1 0.630625 0.19 0.006875 0.031875
1 0.6225 0.191875 0.009375 0.020625
1 0.620625 0.170625 0.006875 0.018125
1 0.611875 0.176875 0.00625 0.019375
1 0.606875 0.166875 0.005 0.020625