0 0.4425 0.23125 0.024375 0.043125
2 0.3975 0.22875 0.06625 0.118125
2 0.305 0.2175 0.05875 0.11
0 0.203125 0.335 0.13 0.155625
0 0.40375 0.32125 0.075 0.09875
0 0.48875 0.268125 0.061875 0.081875
2 0.6675 0.2 0.16125 0.119375
0 0.1125 0.268125 0.07875 0.0475
0 0.0425 0.2575 0.034375 0.0475
1 0.074375 0.305 0.031875 0.09
1 0.038125 0.305625 0.03125 0.0775
1 0.210625 0.248125 0.013125 0.044375
1 0.248125 0.248125 0.01125 0.055625
1 0.243125 0.343125 0.02 0.083125
1 0.569375 0.25625 0.019375 0.058125
1 0.58375 0.23875 0.013125 0.0625