0 0.15875 0.755625 0.313125 0.481875
0 0.290625 0.510625 0.2475 0.320625
0 0.393125 0.385625 0.11875 0.158125
2 0.63 0.319375 0.094375 0.130625
0 0.78375 0.405 0.26875 0.34875
0 0.5275 0.28875 0.055 0.075
0 0.45625 0.27875 0.06625 0.095625
1 0.405625 0.26 0.0125 0.055625
0 0.589375 0.27125 0.034375 0.06375
0 0.626875 0.245625 0.025 0.030625
0 0.613125 0.235625 0.02125 0.020625
0 0.574375 0.255 0.0275 0.0375
0 0.558125 0.2425 0.02625 0.041875
0 0.515 0.24375 0.02875 0.0475
0 0.500625 0.226875 0.01125 0.02375
0 0.49875 0.21375 0.01625 0.015
2 0.55875 0.2125 0.02875 0.056875
2 0.53625 0.195 0.009375 0.0225
2 0.52125 0.199375 0.009375 0.016875
2 0.513125 0.19625 0.006875 0.015