0 0.411875 0.408125 0.0125 0.029375
0 0.37375 0.415 0.0125 0.0225
0 0.344375 0.411875 0.0225 0.029375
0 0.3275 0.419375 0.025 0.0375
0 0.21125 0.43625 0.053125 0.06125
0 0.455625 0.40125 0.028125 0.0475
0 0.471875 0.4025 0.019375 0.043125
0 0.4925 0.4025 0.024375 0.054375
0 0.538125 0.410625 0.035 0.079375
1 0.13375 0.42 0.01625 0.054375
1 0.11625 0.4275 0.0175 0.0625
1 0.0775 0.405625 0.01625 0.0375
1 0.515 0.41875 0.01125 0.054375
1 0.5075 0.416875 0.01125 0.05
1 0.494375 0.41375 0.01625 0.0475
1 0.446875 0.413125 0.01875 0.056875
0 0.3925 0.406875 0.02625 0.044375
2 0.2725 0.413125 0.0825 0.130625
0 0.056875 0.45125 0.113125 0.1125
0 0.010625 0.47125 0.02125 0.118125
2 0.63 0.37 0.17 0.235
2 0.9025 0.450625 0.193125 0.305625
0 0.184375 0.4225 0.028125 0.030625