0 0.0425 0.535 0.084375 0.166875
0 0.45 0.54 0.156875 0.25
0 0.230625 0.520625 0.0875 0.11125
0 0.68625 0.550625 0.11125 0.106875
0 0.10125 0.510625 0.046875 0.058125
0 0.1525 0.52125 0.081875 0.0975
0 0.19875 0.48375 0.019375 0.030625
0 0.295625 0.5075 0.0225 0.044375
0 0.306875 0.51 0.013125 0.04
0 0.93875 0.53 0.086875 0.06
0 0.608125 0.536875 0.06625 0.07375
0 0.5725 0.52875 0.046875 0.065
0 0.549375 0.524375 0.0375 0.056875
0 0.54125 0.511875 0.04875 0.068125
0 0.3425 0.501875 0.036875 0.020625
0 0.366875 0.504375 0.018125 0.0225
0 0.31625 0.49875 0.00625 0.0225
2 0.5425 0.4825 0.05375 0.05125
2 0.25125 0.4875 0.071875 0.094375