1 0.57125 0.54625 0.024375 0.11375
2 0.395 0.50375 0.013125 0.020625
2 0.383125 0.499375 0.0125 0.018125
0 0.395 0.51625 0.00875 0.019375
0 0.404375 0.519375 0.0175 0.02375
0 0.41875 0.52 0.024375 0.04875
0 0.3725 0.50625 0.006875 0.015
0 0.369375 0.50875 0.00875 0.019375
0 0.36625 0.510625 0.006875 0.0225
0 0.360625 0.515 0.01125 0.025
0 0.350625 0.515 0.01625 0.02625
0 0.349375 0.5175 0.015 0.020625
0 0.344375 0.520625 0.01 0.030625
0 0.3325 0.523125 0.02 0.035
0 0.31375 0.52125 0.028125 0.065
0 0.29625 0.52625 0.034375 0.07625
0 0.38 0.519375 0.01875 0.02375
0 0.444375 0.526875 0.044375 0.070625
0 0.23375 0.529375 0.09625 0.13625
0 0.093125 0.49875 0.0425 0.033125
0 0.06375 0.49875 0.02125 0.0225
0 0.018125 0.494375 0.035 0.04