0 0.41953125 0.26328125 0.015625 0.04140625
0 0.253125 0.2671875 0.04765625 0.0375
0 0.51640625 0.24453125 0.009375 0.0234375
0 0.5953125 0.24453125 0.0078125 0.01796875
0 0.684375 0.25625 0.01875 0.0375
0 0.6265625 0.23984375 0.01875 0.04140625
2 0.3265625 0.25625 0.04609375 0.065625
0 0.3859375 0.25859375 0.025 0.028125
0 0.58671875 0.2453125 0.01328125 0.02109375
0 0.4640625 0.28984375 0.090625 0.1234375
2 0.540625 0.24453125 0.04765625 0.103125
2 0.6515625 0.23984375 0.04609375 0.0890625
0 0.04609375 0.2875 0.0921875 0.10546875