1 0.23625 0.505 0.0325 0.155625
0 0.006875 0.524375 0.011875 0.058125
1 0.273125 0.463125 0.02 0.095625
0 0.0875 0.505 0.1375 0.115
0 0.194375 0.494375 0.05875 0.058125
0 0.345 0.485 0.0225 0.035
0 0.31125 0.48625 0.046875 0.045625
0 0.37375 0.481875 0.0375 0.0475
0 0.521875 0.483125 0.03 0.044375
0 0.5425 0.47875 0.013125 0.018125
0 0.556875 0.481875 0.0225 0.033125
0 0.578125 0.479375 0.02 0.033125
2 0.59 0.46 0.025 0.06125
0 0.6775 0.483125 0.055 0.03625
0 0.70625 0.470625 0.040625 0.030625
0 0.733125 0.511875 0.08875 0.095625
0 0.87625 0.529375 0.20375 0.181875