0 0.396875 0.548125 0.009375 0.02375
0 0.381875 0.548125 0.025 0.0375
0 0.300625 0.545 0.019375 0.02625
0 0.265 0.543125 0.02125 0.02625
0 0.27875 0.545625 0.02375 0.030625
0 0.231875 0.54625 0.035 0.043125
0 0.19625 0.549375 0.031875 0.041875
0 0.160625 0.54625 0.030625 0.03625
0 0.13625 0.545 0.0275 0.04
0 0.11875 0.545 0.0275 0.043125
0 0.0575 0.549375 0.105 0.08625
2 0.344375 0.544375 0.055625 0.083125
0 0.450625 0.5775 0.09875 0.165
1 0.50875 0.548125 0.013125 0.069375
1 0.691875 0.59 0.02625 0.179375