1 0.614375 0.44 0.034375 0.11375
1 0.69 0.460625 0.0275 0.11
1 0.955625 0.48875 0.071875 0.415
1 0.26625 0.39625 0.013125 0.055625
1 0.24 0.37875 0.0075 0.043125
1 0.25625 0.385 0.009375 0.041875
1 0.21375 0.370625 0.01125 0.0275
1 0.67375 0.45125 0.035 0.106875
1 0.574375 0.4075 0.00875 0.0275
1 0.5825 0.40875 0.0075 0.029375
1 0.59 0.405625 0.005625 0.029375
1 0.538125 0.4075 0.005625 0.020625
1 0.558125 0.41 0.0075 0.02375
0 0.068125 0.425 0.13625 0.285
0 0.34625 0.438125 0.1725 0.2125
1 0.188125 0.3675 0.00875 0.033125
1 0.119375 0.36375 0.009375 0.029375
0 0.161875 0.3875 0.024375 0.0275
1 0.48875 0.41375 0.0075 0.04