0 0.37125 0.599375 0.03 0.04
0 0.415 0.605 0.05875 0.10125
0 0.438125 0.643125 0.075625 0.1025
1 0.4775 0.61375 0.013125 0.0725
1 0.851875 0.750625 0.0475 0.28625
1 0.936875 0.72875 0.03875 0.2125
1 0.7825 0.7 0.035 0.170625
1 0.734375 0.65625 0.021875 0.108125
1 0.874375 0.719375 0.03625 0.216875
1 0.81375 0.69375 0.025625 0.20125
1 0.850625 0.61125 0.025 0.03625
1 0.77625 0.616875 0.024375 0.06
1 0.715 0.62125 0.0175 0.043125
1 0.698125 0.62 0.01375 0.043125
1 0.7325 0.605625 0.013125 0.031875
1 0.65625 0.624375 0.03 0.083125
1 0.685625 0.6125 0.01125 0.043125
1 0.67375 0.605625 0.015625 0.0525
1 0.641875 0.6325 0.013125 0.0775
1 0.620625 0.601875 0.015 0.0275
1 0.605625 0.59625 0.01125 0.020625
1 0.594375 0.591875 0.011875 0.018125
1 0.5825 0.593125 0.01 0.01375
1 0.574375 0.595625 0.01 0.019375
2 0.46625 0.574375 0.03625 0.080625
2 0.52 0.58875 0.08 0.133125
0 0.154375 0.5925 0.043125 0.0875
0 0.100625 0.630625 0.11125 0.13875
0 0.03625 0.69375 0.0725 0.35
0 0.05 0.548125 0.1 0.058125
0 0.593125 0.649375 0.09 0.11