0 0.03875 0.414375 0.0775 0.15125
0 0.12875 0.376875 0.12125 0.12375
1 0.195 0.35375 0.019375 0.07625
1 0.239375 0.351875 0.0125 0.065
1 0.281875 0.3475 0.0175 0.0475
1 0.293125 0.3475 0.0125 0.05
0 0.206875 0.36125 0.0425 0.03625
0 0.39125 0.34375 0.036875 0.04
0 0.369375 0.34 0.0175 0.033125
0 0.7025 0.350625 0.15625 0.16125
0 0.605625 0.315 0.04875 0.069375
0 0.45625 0.329375 0.019375 0.020625
0 0.434375 0.325 0.01625 0.0225
0 0.468125 0.3175 0.01125 0.016875
2 0.495 0.31125 0.02375 0.043125
0 0.51375 0.3175 0.0125 0.0275