1 0.659375 0.34296875 0.01953125 0.103125
1 0.7625 0.35078125 0.021875 0.1140625
1 0.784375 0.3484375 0.0234375 0.11796875
1 0.94140625 0.35859375 0.08203125 0.37890625
0 0.31953125 0.34453125 0.0171875 0.05
0 0.2984375 0.35234375 0.02890625 0.046875
0 0.359375 0.34453125 0.03125 0.034375
0 0.0890625 0.37890625 0.078125 0.071875
0 0.1453125 0.37265625 0.06640625 0.07109375
0 0.20234375 0.36875 0.08203125 0.08046875
0 0.25546875 0.346875 0.0640625 0.084375
0 0.40546875 0.334375 0.01796875 0.01953125
0 0.434375 0.33125 0.01484375 0.02109375
0 0.4578125 0.3296875 0.009375 0.015625
0 0.5421875 0.3359375 0.01796875 0.05859375
0 0.56015625 0.34140625 0.040625 0.06796875
0 0.625 0.33359375 0.01328125 0.05546875
0 0.69453125 0.340625 0.0671875 0.084375
0 0.73984375 0.334375 0.02890625 0.0515625
0 0.80703125 0.34453125 0.028125 0.0625
0 0.9734375 0.353125 0.0515625 0.0859375
0 0.57265625 0.36015625 0.0578125 0.0765625
0 0.5203125 0.33046875 0.021875 0.0265625
0 0.0140625 0.66640625 0.028125 0.2125