1 0.71625 0.469375 0.078125 0.26
1 0.200625 0.439375 0.024375 0.085
1 0.2275 0.43375 0.01625 0.081875
1 0.110625 0.4275 0.024375 0.058125
1 0.078125 0.41 0.019375 0.0475
1 0.019375 0.433125 0.0325 0.07625
1 0.39875 0.394375 0.0075 0.0125
0 0.074375 0.49375 0.14625 0.145625
0 0.980625 0.40375 0.036875 0.1275
0 0.964375 0.39875 0.01625 0.055625
0 0.605625 0.4225 0.08375 0.091875
0 0.5225 0.436875 0.0975 0.083125
0 0.868125 0.395 0.024375 0.044375
0 0.92 0.39125 0.02 0.033125
0 0.933125 0.3925 0.01625 0.033125
0 0.8925 0.395 0.04 0.041875
0 0.79875 0.416875 0.153125 0.16125
0 0.4 0.45 0.149375 0.105625