0 0.91 0.510625 0.178125 0.280625
0 0.76375 0.488125 0.13625 0.16125
0 0.678125 0.475625 0.109375 0.116875
0 0.615625 0.479375 0.055625 0.095625
2 0.49375 0.45625 0.040625 0.0775
0 0.450625 0.485625 0.0575 0.093125
0 0.413125 0.48 0.015625 0.0475
0 0.381875 0.470625 0.04625 0.093125
0 0.353125 0.498125 0.0675 0.091875
0 0.34 0.515 0.05375 0.1025
0 0.24125 0.515 0.1925 0.218125
0 0.089375 0.57625 0.17875 0.166875
0 0.115 0.531875 0.0975 0.0775
1 0.5475 0.46 0.0075 0.04
1 0.56 0.456875 0.009375 0.055625