1 0.096875 0.62125 0.025625 0.129375
1 0.509375 0.5675 0.01625 0.054375
0 0.229375 0.62375 0.1175 0.16375
0 0.338125 0.600625 0.056875 0.065
0 0.39375 0.5775 0.0325 0.041875
0 0.40875 0.56375 0.0225 0.03875
0 0.423125 0.561875 0.01625 0.029375
0 0.43125 0.554375 0.0175 0.030625
0 0.468125 0.601875 0.059375 0.081875
0 0.636875 0.641875 0.115625 0.13625
0 0.5875 0.62 0.0525 0.09
0 0.5825 0.6025 0.059375 0.075
0 0.56 0.58625 0.050625 0.08875
0 0.535625 0.575625 0.02 0.04875
0 0.52625 0.563125 0.025 0.05125