0 0.39 0.568125 0.011875 0.016875
0 0.37875 0.568125 0.013125 0.020625
0 0.37375 0.579375 0.01875 0.033125
0 0.41 0.574375 0.02875 0.0375
0 0.350625 0.585 0.0425 0.054375
2 0.468125 0.5475 0.036875 0.006875
0 0.474375 0.57125 0.036875 0.0475
0 0.49875 0.569375 0.02125 0.033125
2 0.574375 0.57625 0.04625 0.055625
0 0.53875 0.589375 0.059375 0.068125
0 0.455 0.59 0.055625 0.065
2 0.746875 0.576875 0.0725 0.093125
0 0.67125 0.570625 0.07375 0.0725
0 0.699375 0.610625 0.13625 0.105625
0 0.92375 0.63375 0.15125 0.26
0 0.95375 0.5475 0.069375 0.04
0 0.861875 0.545625 0.04875 0.02375
0 0.83375 0.54375 0.04625 0.0375