0 0.38984375 0.56796875 0.01171875 0.01640625
0 0.378125 0.56796875 0.01328125 0.02109375
0 0.3734375 0.57890625 0.01875 0.03359375
0 0.41015625 0.57421875 0.02890625 0.0375
0 0.35078125 0.584375 0.0421875 0.05390625
2 0.46875 0.546875 0.03671875 0.00703125
0 0.475 0.571875 0.03671875 0.046875
0 0.4984375 0.56953125 0.02109375 0.03359375
2 0.57421875 0.5765625 0.04609375 0.05546875
0 0.5390625 0.58984375 0.059375 0.06796875
0 0.4546875 0.590625 0.05546875 0.065625
2 0.746875 0.57734375 0.07265625 0.09296875
0 0.67109375 0.57109375 0.0734375 0.071875
0 0.7 0.61015625 0.1359375 0.10546875
0 0.9234375 0.634375 0.1515625 0.259375
0 0.95390625 0.546875 0.06953125 0.040625
0 0.86171875 0.54609375 0.0484375 0.0234375
0 0.834375 0.54375 0.04609375 0.0375