1 0.24 0.439375 0.036875 0.1
1 0.3225 0.489375 0.028125 0.169375
1 0.35125 0.445625 0.015625 0.070625
1 0.380625 0.4975 0.0275 0.183125
1 0.41 0.43625 0.00875 0.0375
0 0.435 0.4525 0.01375 0.0475
1 0.644375 0.455625 0.0125 0.055625
1 0.66 0.5075 0.043125 0.17375
1 0.28625 0.52625 0.0475 0.341875
1 0.33625 0.535625 0.036875 0.225
1 0.39625 0.515 0.06375 0.22375
1 0.506875 0.49875 0.04125 0.175
1 0.4775 0.48375 0.028125 0.1775
1 0.45875 0.44 0.015625 0.075
1 0.44625 0.443125 0.015 0.066875
0 0.5225 0.435 0.015 0.0375
0 0.538125 0.43 0.011875 0.035
0 0.564375 0.433125 0.046875 0.08625
0 0.5825 0.4625 0.0275 0.056875
1 0.5925 0.491875 0.053125 0.180625
0 0.624375 0.465 0.035 0.068125
0 0.146875 0.59625 0.2925 0.615
2 0.83625 0.4275 0.324375 0.854375