1 0.02375 0.349375 0.024375 0.0975
1 0.1525 0.33875 0.018125 0.06125
1 0.18125 0.3425 0.018125 0.06
2 0.45 0.30875 0.03625 0.04875
0 0.4325 0.338125 0.031875 0.0525
0 0.399375 0.373125 0.05625 0.133125
1 0.6925 0.345 0.015625 0.0525
1 0.68 0.344375 0.01125 0.056875
1 0.668125 0.33625 0.013125 0.044375
0 0.649375 0.38125 0.056875 0.120625
0 0.89875 0.348125 0.088125 0.068125
0 0.970625 0.3525 0.055 0.068125
1 0.92625 0.37625 0.03125 0.1275
1 0.881875 0.3675 0.01875 0.0875
0 0.2925 0.389375 0.205 0.255625
0 0.536875 0.45375 0.234375 0.356875