0 0.481875 0.59 0.015 0.0125
0 0.444375 0.6025 0.01625 0.020625
0 0.474375 0.600625 0.011875 0.0125
0 0.513125 0.6025 0.015625 0.01375
0 0.525625 0.598125 0.0175 0.016875
0 0.515625 0.616875 0.013125 0.016875
0 0.536875 0.6025 0.025 0.05125
0 0.600625 0.618125 0.0325 0.05
0 0.458125 0.594375 0.02375 0.041875
0 0.48 0.60625 0.015 0.016875
0 0.501875 0.59125 0.0075 0.016875
0 0.56125 0.608125 0.046875 0.065
0 0.330625 0.618125 0.08375 0.1025
0 0.281875 0.595 0.028125 0.06125
0 0.215625 0.59375 0.025 0.056875
1 0.426875 0.5925 0.009375 0.069375
1 0.41375 0.598125 0.01625 0.069375