1 0.70625 0.606875 0.01 0.058125
0 0.3825 0.59 0.02625 0.041875
0 0.2975 0.595625 0.03625 0.06125
0 0.17625 0.600625 0.040625 0.0475
0 0.126875 0.598125 0.0575 0.056875
0 0.500625 0.57625 0.01875 0.02375
0 0.486875 0.585625 0.01875 0.029375
0 0.46375 0.585 0.0175 0.02375
0 0.47375 0.575625 0.011875 0.016875
0 0.44125 0.585625 0.009375 0.0225
0 0.428125 0.5825 0.01875 0.0275
0 0.34 0.61 0.07375 0.085
0 0.2575 0.6025 0.07875 0.0975
0 0.61 0.605 0.06125 0.093125
0 0.536875 0.6075 0.06 0.085
0 0.86 0.65125 0.16625 0.14
1 0.770625 0.588125 0.0125 0.03625