0 0.485625 0.56375 0.009375 0.0225
0 0.5 0.55625 0.021875 0.03625
0 0.519375 0.56625 0.018125 0.041875
0 0.529375 0.56375 0.02375 0.05125
0 0.550625 0.56375 0.035 0.070625
0 0.5675 0.56875 0.03125 0.075
0 0.586875 0.570625 0.04 0.1
0 0.6225 0.576875 0.0625 0.13625
0 0.7025 0.5875 0.1625 0.1775
0 0.478125 0.56375 0.013125 0.0225
0 0.461875 0.56125 0.01625 0.0225
0 0.443125 0.56375 0.0125 0.0225
0 0.436875 0.564375 0.013125 0.019375
0 0.428125 0.5725 0.02 0.029375
0 0.363125 0.575625 0.021875 0.03625
0 0.35125 0.575625 0.015 0.031875
0 0.34125 0.576875 0.021875 0.043125
0 0.3275 0.581875 0.0325 0.04875
0 0.31125 0.58375 0.0325 0.0525
0 0.29125 0.58875 0.045 0.0625
0 0.241875 0.5975 0.07625 0.075
0 0.063125 0.625625 0.125625 0.179375
1 0.41625 0.568125 0.005625 0.0225
1 0.404375 0.57 0.0075 0.02625
1 0.40875 0.575 0.006875 0.031875
1 0.97 0.514375 0.036875 0.11375