0 0.43375 0.506875 0.011875 0.020625
0 0.4275 0.508125 0.009375 0.018125
0 0.42 0.50625 0.01125 0.016875
0 0.41125 0.50875 0.011875 0.0225
0 0.395 0.506875 0.025625 0.03625
0 0.494375 0.506875 0.013125 0.02375
0 0.503125 0.51125 0.02 0.033125
0 0.3675 0.51 0.04625 0.05
0 0.5225 0.519375 0.04125 0.05125
0 0.46625 0.513125 0.05375 0.083125
0 0.104375 0.51 0.1325 0.06
0 0.023125 0.519375 0.04625 0.06
1 0.05375 0.52125 0.018125 0.091875
1 0.249375 0.500625 0.01375 0.069375
0 0.565 0.529375 0.04625 0.081875
0 0.604375 0.53625 0.0725 0.1225
0 0.655625 0.551875 0.090625 0.168125
0 0.76 0.576875 0.224375 0.2475
0 0.894375 0.669375 0.209375 0.481875