0 0.528125 0.455 0.01 0.035
0 0.53375 0.45375 0.013125 0.03625
0 0.543125 0.455 0.01875 0.03875
0 0.563125 0.45 0.0375 0.069375
0 0.605 0.45625 0.06125 0.08625
0 0.635 0.466875 0.05125 0.085
0 0.69625 0.46375 0.103125 0.141875
0 0.850625 0.47875 0.22375 0.243125
0 0.295 0.47625 0.025625 0.055625
0 0.26625 0.49125 0.0375 0.0475
0 0.219375 0.5025 0.06375 0.06125
0 0.3625 0.48 0.025625 0.044375
0 0.33 0.48875 0.06375 0.0875
0 0.430625 0.49375 0.125625 0.206875
1 0.9575 0.50875 0.0775 0.356875
1 0.75375 0.4125 0.0125 0.056875
1 0.768125 0.408125 0.01625 0.06375
1 0.19 0.469375 0.01375 0.04
1 0.2075 0.45875 0.01625 0.031875
0 0.50875 0.445 0.0225 0.04