0 0.535 0.339375 0.011875 0.015
0 0.525 0.343125 0.015 0.0225
0 0.51375 0.34125 0.015625 0.03625
0 0.494375 0.35 0.025 0.056875
1 0.46625 0.3625 0.0375 0.0625
0 0.261875 0.39125 0.17625 0.1975
1 0.430625 0.375 0.011875 0.043125
0 0.02 0.568125 0.04 0.170625
0 0.54875 0.34375 0.013125 0.01375
0 0.561875 0.33875 0.013125 0.018125
0 0.574375 0.3375 0.01125 0.020625
0 0.585625 0.33625 0.01125 0.02625
0 0.599375 0.341875 0.01625 0.035
0 0.613125 0.345625 0.01125 0.031875
0 0.634375 0.350625 0.031875 0.055625
0 0.7275 0.348125 0.08375 0.185
0 0.769375 0.365 0.07875 0.185
0 0.844375 0.375 0.14875 0.24
0 0.939375 0.4225 0.11875 0.331875
0 0.12375 0.45875 0.24625 0.20125