0 0.346875 0.48359375 0.1015625 0.11640625
0 0.2296875 0.46328125 0.07734375 0.08203125
0 0.115625 0.48671875 0.1390625 0.165625
0 0.1875 0.45703125 0.02734375 0.0375
0 0.7421875 0.49453125 0.0828125 0.0625
0 0.834375 0.4890625 0.0796875 0.06640625
2 0.93984375 0.490625 0.0671875 0.04453125
0 0.9859375 0.4875 0.028125 0.053125
1 0.6390625 0.47578125 0.025 0.0859375
1 0.58828125 0.47734375 0.01640625 0.07109375
1 0.496875 0.4703125 0.01484375 0.0640625
1 0.484375 0.46953125 0.01015625 0.05859375
1 0.4640625 0.4640625 0.0140625 0.0734375
1 0.45625 0.46484375 0.01015625 0.0640625
1 0.44375 0.47265625 0.01640625 0.06640625
1 0.415625 0.46328125 0.009375 0.0609375
1 0.3984375 0.46640625 0.0109375 0.05390625
1 0.025 0.4578125 0.0171875 0.10703125
1 0.0046875 0.4546875 0.0078125 0.10546875
1 0.553125 0.47265625 0.0109375 0.05546875
1 0.61484375 0.47734375 0.0109375 0.06796875
0 0.01015625 0.45703125 0.0171875 0.09453125