0 0.06375 0.469375 0.125625 0.130625
0 0.468125 0.401875 0.0125 0.0125
0 0.4975 0.40375 0.00875 0.0125
0 0.435 0.405625 0.015 0.03625
0 0.383125 0.420625 0.02 0.033125
0 0.481875 0.415 0.0225 0.035
0 0.411875 0.419375 0.03875 0.055625
0 0.52 0.405 0.00875 0.015
0 0.535625 0.405 0.011875 0.0125
0 0.54875 0.405625 0.015 0.01375
0 0.55375 0.41375 0.02 0.02375
0 0.5675 0.41875 0.025 0.029375
0 0.526875 0.413125 0.013125 0.019375
0 0.300625 0.430625 0.0425 0.06375
0 0.255 0.44125 0.078125 0.070625
1 0.740625 0.4925 0.065625 0.2725
1 0.18 0.433125 0.019375 0.105625
1 0.151875 0.436875 0.0225 0.09875
1 0.21125 0.425625 0.0175 0.083125
1 0.66375 0.423125 0.013125 0.0775
1 0.90625 0.45375 0.015625 0.1
2 0.779375 0.416875 0.19125 0.23625
2 0.935 0.613125 0.12625 0.625