0 0.34625 0.483125 0.10125 0.116875
0 0.229375 0.463125 0.0775 0.081875
0 0.115625 0.486875 0.13875 0.165
0 0.1875 0.456875 0.0275 0.0375
0 0.7425 0.494375 0.0825 0.0625
0 0.83375 0.48875 0.08 0.066875
2 0.94 0.49125 0.0675 0.044375
0 0.985625 0.4875 0.028125 0.0525
1 0.63875 0.475625 0.025 0.08625
1 0.588125 0.476875 0.01625 0.070625
1 0.4975 0.47 0.015 0.06375
1 0.485 0.469375 0.01 0.058125
1 0.464375 0.46375 0.01375 0.07375
1 0.45625 0.464375 0.01 0.06375
1 0.443125 0.473125 0.01625 0.066875
1 0.415625 0.463125 0.009375 0.06125
1 0.39875 0.466875 0.01125 0.054375
1 0.025625 0.4575 0.0175 0.106875
1 0.005 0.455 0.0075 0.105625
1 0.55375 0.473125 0.01125 0.055625
1 0.615 0.476875 0.01125 0.068125
0 0.01 0.456875 0.0175 0.094375