1 0.240625 0.559375 0.01484375 0.06796875
1 0.184375 0.5640625 0.01875 0.075
1 0.22109375 0.5625 0.01640625 0.084375
1 0.253125 0.571875 0.0140625 0.07890625
1 0.31484375 0.56015625 0.009375 0.0515625
1 0.6640625 0.5828125 0.0125 0.0640625
1 0.334375 0.56796875 0.0078125 0.059375
0 0.5796875 0.56171875 0.01953125 0.03359375
0 0.55 0.565625 0.02109375 0.03359375
0 0.45625 0.56640625 0.0265625 0.04296875
0 0.4296875 0.5703125 0.02421875 0.05390625
0 0.09375 0.56171875 0.078125 0.075
0 0.39609375 0.565625 0.059375 0.07890625
0 0.4984375 0.5796875 0.078125 0.146875
0 0.90234375 0.71328125 0.1953125 0.3921875