0 0.12125 0.43875 0.2425 0.345
0 0.880625 0.54 0.235 0.50125
0 0.261875 0.430625 0.119375 0.1975
0 0.335625 0.436875 0.045 0.11375
0 0.345 0.40875 0.07625 0.12375
0 0.3875 0.41125 0.02375 0.085
0 0.405 0.410625 0.0175 0.06125
0 0.415625 0.4175 0.01 0.041875
0 0.42375 0.4125 0.015625 0.0375
0 0.721875 0.468125 0.1875 0.241875
0 0.625 0.444375 0.10375 0.158125
0 0.565 0.43625 0.06125 0.106875
0 0.539375 0.43 0.030625 0.05125
0 0.538125 0.4225 0.03375 0.056875
0 0.5175 0.41875 0.028125 0.03625
0 0.50375 0.40875 0.02375 0.03625
0 0.488125 0.4075 0.015 0.02375
2 0.43 0.398125 0.0225 0.05
2 0.445625 0.3975 0.009375 0.031875
2 0.46625 0.3925 0.019375 0.0375
0 0.469375 0.40625 0.01375 0.033125