1 0.625 0.565625 0.02109375 0.07890625
1 0.6046875 0.5546875 0.02265625 0.0859375
1 0.50625 0.53984375 0.015625 0.04140625
1 0.421875 0.5359375 0.01015625 0.03046875
1 0.4140625 0.5359375 0.009375 0.03046875
1 0.39765625 0.53359375 0.01171875 0.034375
1 0.371875 0.54296875 0.01015625 0.03046875
0 0.22421875 0.5515625 0.0265625 0.0375
0 0.1421875 0.55234375 0.0171875 0.0640625
0 0.0921875 0.56171875 0.0421875 0.06796875
0 0.28125 0.5453125 0.02734375 0.04453125
0 0.25078125 0.54453125 0.02109375 0.03359375
0 0.953125 0.8453125 0.09375 0.30703125
1 0.053125 0.6390625 0.10546875 0.56953125
1 0.2 0.646875 0.16484375 0.534375
1 0.9109375 0.565625 0.02265625 0.1125