1 0.625 0.565 0.02125 0.079375
1 0.605 0.555 0.0225 0.08625
1 0.50625 0.539375 0.015625 0.041875
1 0.421875 0.53625 0.01 0.030625
1 0.41375 0.53625 0.009375 0.030625
1 0.3975 0.533125 0.011875 0.035
1 0.371875 0.543125 0.01 0.030625
0 0.224375 0.55125 0.02625 0.0375
0 0.141875 0.551875 0.0175 0.06375
0 0.0925 0.561875 0.0425 0.068125
0 0.281875 0.545 0.0275 0.044375
0 0.250625 0.544375 0.02125 0.033125
0 0.9525 0.845 0.09375 0.306875
1 0.0525 0.638125 0.105 0.56875
1 0.2 0.64625 0.165 0.535
1 0.910625 0.565 0.0225 0.1125