0 0.3275 0.37125 0.009375 0.0125
2 0.33625 0.36375 0.01 0.025
2 0.361875 0.36875 0.009375 0.02375
2 0.311875 0.37625 0.013125 0.020625
0 0.310625 0.38875 0.01 0.018125
0 0.29875 0.394375 0.01375 0.025
0 0.3225 0.39375 0.01 0.030625
0 0.33375 0.398125 0.00625 0.020625
0 0.34875 0.400625 0.03 0.044375
0 0.400625 0.38875 0.01 0.031875
0 0.145 0.43375 0.03125 0.065
0 0.10375 0.436875 0.068125 0.081875
0 0.42125 0.39875 0.02 0.044375
0 0.4275 0.411875 0.025 0.056875
0 0.438125 0.418125 0.025625 0.094375
0 0.453125 0.426875 0.031875 0.12625
0 0.509375 0.46 0.131875 0.21
0 0.650625 0.550625 0.32875 0.341875
0 0.279375 0.405 0.04 0.03625
0 0.3775 0.41625 0.05625 0.085
0 0.036875 0.454375 0.07375 0.0975
0 0.849375 0.6875 0.300625 0.62375
1 0.79625 0.398125 0.0275 0.154375