0 0.44875 0.38375 0.0175 0.02375
0 0.425625 0.38875 0.034375 0.01375
0 0.459375 0.4 0.015 0.041875
0 0.49625 0.426875 0.04 0.08625
0 0.346875 0.401875 0.04 0.044375
2 0.36125 0.374375 0.055625 0.044375
0 0.280625 0.444375 0.105625 0.1525
0 0.8325 0.408125 0.13625 0.085
2 0.13375 0.408125 0.178125 0.2625
0 0.400625 0.514375 0.174375 0.25125
1 0.828125 0.411875 0.02125 0.12375
1 0.7425 0.40625 0.01 0.05125
0 0.06125 0.57375 0.1225 0.466875
0 0.949375 0.389375 0.1 0.116875
0 0.975625 0.426875 0.0475 0.070625