1 0.639375 0.280625 0.006875 0.05
0 0.30125 0.53 0.030625 0.0875
0 0.39375 0.541875 0.14875 0.144375
0 0.5075 0.49125 0.01625 0.01125
0 0.48625 0.5125 0.045 0.05125
0 0.811875 0.52 0.036875 0.06
0 0.925 0.515 0.038125 0.043125
0 0.95375 0.5375 0.06375 0.085
0 0.03375 0.5325 0.06625 0.095625
0 0.979375 0.541875 0.038125 0.12375
0 0.87 0.54375 0.10625 0.11125
0 0.156875 0.526875 0.2625 0.24875
0 0.6325 0.694375 0.488125 0.5025
1 0.184375 0.33875 0.0125 0.044375
1 0.838125 0.2575 0.01875 0.066875
1 0.860625 0.27125 0.009375 0.018125
0 0.856875 0.27375 0.02375 0.03875