0 0.50125 0.549375 0.015 0.016875
0 0.524375 0.549375 0.02375 0.0225
0 0.538125 0.55375 0.015 0.019375
0 0.5525 0.55375 0.01875 0.019375
0 0.56625 0.560625 0.01625 0.02375
0 0.618125 0.5425 0.035 0.06125
0 0.645 0.558125 0.0675 0.0875
0 0.678125 0.5375 0.0325 0.045625
0 0.806875 0.519375 0.081875 0.043125
0 0.84 0.58 0.1 0.120625
0 0.92375 0.599375 0.15125 0.2375
0 0.450625 0.550625 0.021875 0.02375
0 0.41875 0.551875 0.01875 0.03625
2 0.404375 0.535 0.018125 0.06125
0 0.394375 0.539375 0.0325 0.06125
0 0.3825 0.544375 0.03125 0.055625
0 0.351875 0.5375 0.04375 0.070625
0 0.3225 0.54125 0.0475 0.068125
0 0.27125 0.53375 0.07375 0.0775
0 0.73875 0.568125 0.1325 0.16
0 0.025625 0.53875 0.049375 0.081875
1 0.163125 0.52125 0.02375 0.0975
1 0.224375 0.53125 0.018125 0.0775
1 0.600625 0.5475 0.01625 0.055625
0 0.48 0.54125 0.02 0.031875