0 0.33875 0.66 0.0075 0.01125
0 0.33125 0.658125 0.005 0.018125
2 0.324375 0.654375 0.013125 0.025
0 0.320625 0.664375 0.01 0.02375
0 0.311875 0.6625 0.01125 0.030625
0 0.29625 0.663125 0.018125 0.045625
0 0.28625 0.673125 0.015 0.0375
0 0.27 0.661875 0.024375 0.056875
0 0.265 0.675625 0.018125 0.06125
0 0.246875 0.673125 0.03125 0.07625
0 0.220625 0.664375 0.035 0.11
0 0.14 0.66 0.14625 0.168125
0 0.350625 0.654375 0.006875 0.01375
0 0.36125 0.665 0.006875 0.020625
0 0.368125 0.661875 0.01125 0.029375
0 0.3925 0.6625 0.038125 0.058125
0 0.45125 0.6875 0.0725 0.119375
0 0.915 0.710625 0.1675 0.169375
1 0.7375 0.6875 0.0325 0.180625
1 0.66375 0.656875 0.025625 0.130625
1 0.591875 0.665 0.02375 0.13625