0 0.735 0.550625 0.024375 0.0375
0 0.765 0.551875 0.0375 0.0525
0 0.85375 0.569375 0.03 0.0525
0 0.624375 0.541875 0.021875 0.045625
0 0.66875 0.548125 0.055625 0.054375
0 0.7125 0.57375 0.07125 0.07375
0 0.1575 0.510625 0.05375 0.06375
0 0.1975 0.519375 0.0575 0.06375
0 0.244375 0.5275 0.081875 0.066875
0 0.301875 0.54 0.069375 0.065
0 0.370625 0.52375 0.0825 0.108125
0 0.444375 0.545625 0.0525 0.07625
0 0.05125 0.5425 0.1 0.12625
0 0.595625 0.533125 0.021875 0.029375
0 0.810625 0.5725 0.074375 0.080625
2 0.925 0.511875 0.14875 0.155625
0 0.93375 0.65375 0.130625 0.180625
1 0.57125 0.55 0.01625 0.07375