0 0.36875 0.515 0.0625 0.091875
0 0.6475 0.48625 0.06375 0.085
0 0.52 0.4675 0.030625 0.03875
0 0.57875 0.47 0.04 0.05
0 0.404375 0.505 0.0225 0.066875
0 0.413125 0.49625 0.021875 0.0525
0 0.431875 0.486875 0.03 0.041875
0 0.444375 0.47875 0.024375 0.03875
0 0.458125 0.474375 0.013125 0.03625
0 0.46875 0.4725 0.01125 0.02375
0 0.47875 0.4725 0.009375 0.02625
0 0.61 0.479375 0.024375 0.070625
2 0.56 0.454375 0.02875 0.0625
0 0.48625 0.469375 0.00875 0.02625
0 0.499375 0.4675 0.0075 0.025
0 0.536875 0.46125 0.01 0.029375
0 0.93625 0.515 0.12625 0.291875
1 0.124375 0.495 0.024375 0.108125