0 0.64 0.563125 0.021875 0.1
0 0.374375 0.533125 0.04 0.085
0 0.34 0.555625 0.0825 0.091875
2 0.685 0.474375 0.1325 0.1475
0 0.753125 0.595 0.230625 0.26
0 0.52375 0.595625 0.24625 0.454375
1 0.301875 0.52375 0.011875 0.0275
1 0.271875 0.53625 0.006875 0.04875
1 0.1775 0.548125 0.02875 0.106875
1 0.125625 0.545 0.02625 0.104375
1 0.149375 0.55 0.01375 0.0725
1 0.100625 0.541875 0.011875 0.085
1 0.08625 0.545625 0.024375 0.09875
1 0.06 0.543125 0.024375 0.0875
1 0.01625 0.545625 0.02625 0.08875
1 0.00625 0.543125 0.0125 0.083125
1 0.04125 0.541875 0.019375 0.085
1 0.9925 0.579375 0.015 0.155625
1 0.95125 0.56375 0.0375 0.13875
1 0.931875 0.554375 0.01625 0.106875