0 0.426875 0.66625 0.061875 0.06375
0 0.41125 0.68625 0.0325 0.055625
0 0.38375 0.689375 0.04 0.066875
0 0.319375 0.700625 0.09875 0.11375
2 0.31625 0.643125 0.100625 0.11375
0 0.2175 0.710625 0.10625 0.116875
0 0.095 0.691875 0.028125 0.075
0 0.17625 0.6775 0.03125 0.035
0 0.46625 0.66375 0.019375 0.035
0 0.48625 0.668125 0.019375 0.030625
0 0.56125 0.65 0.015 0.020625
0 0.711875 0.710625 0.0375 0.104375
0 0.616875 0.714375 0.16875 0.158125
0 0.51625 0.7025 0.08375 0.11
1 0.1425 0.798125 0.081875 0.40125
1 0.89125 0.73375 0.06375 0.2125
1 0.71375 0.65 0.009375 0.033125
1 0.718125 0.656875 0.009375 0.05125
1 0.724375 0.663125 0.011875 0.06
1 0.736875 0.65625 0.0075 0.0375
1 0.743125 0.655 0.009375 0.035
1 0.77 0.665 0.01375 0.055625
1 0.466875 0.67375 0.01375 0.055625
1 0.17 0.675 0.01375 0.030625
0 0.014375 0.751875 0.02875 0.093125
1 0.021875 0.7125 0.025625 0.08875