1 0.9515625 0.5125 0.06328125 0.1875
1 0.7328125 0.48828125 0.0171875 0.0625
1 0.690625 0.4875 0.01328125 0.0640625
1 0.67265625 0.4875 0.015625 0.0640625
1 0.2390625 0.478125 0.01171875 0.0625
1 0.01875 0.47734375 0.025 0.090625
1 0.00625 0.4796875 0.0109375 0.075
1 0.25625 0.46015625 0.0078125 0.028125
0 0.9828125 0.49140625 0.02578125 0.0484375
0 0.421875 0.48984375 0.01484375 0.028125
0 0.43984375 0.4859375 0.0265625 0.0625
0 0.40625 0.48984375 0.01796875 0.053125
0 0.35234375 0.48828125 0.028125 0.04453125
0 0.53125 0.48984375 0.02109375 0.046875
0 0.11640625 0.52578125 0.17421875 0.15546875
0 0.275 0.4875 0.065625 0.06640625
0 0.38125 0.48828125 0.04296875 0.05390625
0 0.4828125 0.503125 0.08671875 0.11953125