1 0.95125 0.5125 0.063125 0.1875
1 0.7325 0.488125 0.0175 0.0625
1 0.69125 0.4875 0.013125 0.06375
1 0.6725 0.4875 0.015625 0.06375
1 0.23875 0.47875 0.011875 0.0625
1 0.01875 0.476875 0.025 0.09
1 0.00625 0.48 0.01125 0.075
1 0.255625 0.460625 0.0075 0.0275
0 0.9825 0.491875 0.025625 0.04875
0 0.4225 0.489375 0.015 0.0275
0 0.44 0.48625 0.02625 0.0625
0 0.406875 0.489375 0.018125 0.0525
0 0.3525 0.488125 0.028125 0.044375
0 0.53125 0.489375 0.02125 0.0475
0 0.11625 0.525625 0.174375 0.155625
0 0.275625 0.4875 0.065625 0.066875
0 0.381875 0.488125 0.043125 0.054375
0 0.4825 0.5025 0.086875 0.119375