0 0.504375 0.44875 0.00875 0.035
0 0.52375 0.448125 0.0325 0.054375
0 0.543125 0.45875 0.044375 0.0625
0 0.5925 0.47625 0.0675 0.09
0 0.65125 0.5 0.105 0.12625
0 0.474375 0.445625 0.00875 0.016875
0 0.46375 0.44125 0.013125 0.019375
0 0.435625 0.450625 0.044375 0.069375
0 0.37 0.444375 0.05375 0.075
0 0.169375 0.51 0.184375 0.183125
0 0.31125 0.449375 0.019375 0.0225
0 0.054375 0.50125 0.10875 0.1725
0 0.849375 0.53125 0.299375 0.4775
1 0.283125 0.470625 0.01125 0.056875
1 0.30125 0.44625 0.006875 0.04