1 0.06625 0.51 0.05875 0.30125
1 0.02 0.518125 0.03875 0.266875
1 0.38375 0.468125 0.0225 0.1275
1 0.36375 0.460625 0.02375 0.08875
1 0.330625 0.46375 0.01625 0.068125
1 0.43625 0.489375 0.031875 0.133125
1 0.89375 0.47625 0.02375 0.08625
1 0.87125 0.473125 0.0125 0.058125
1 0.8575 0.48 0.015 0.0625
1 0.506875 0.488125 0.01625 0.069375
1 0.54875 0.48 0.0125 0.069375
1 0.53 0.473125 0.011875 0.069375
1 0.5775 0.466875 0.01125 0.070625
1 0.493125 0.4675 0.0125 0.065
1 0.560625 0.470625 0.01125 0.058125
1 0.58625 0.476875 0.01625 0.091875
1 0.52 0.473125 0.009375 0.05125
0 0.34375 0.45375 0.025 0.0625
0 0.318125 0.455625 0.0275 0.0625
0 0.66 0.476875 0.07375 0.116875
0 0.76875 0.649375 0.33625 0.445625