1 0.06640625 0.509375 0.05859375 0.3015625
1 0.0203125 0.51796875 0.0390625 0.26640625
1 0.38359375 0.46796875 0.02265625 0.128125
1 0.3640625 0.46015625 0.0234375 0.0890625
1 0.33125 0.4640625 0.01640625 0.06796875
1 0.4359375 0.48984375 0.03203125 0.13359375
1 0.89375 0.4765625 0.0234375 0.0859375
1 0.871875 0.47265625 0.0125 0.05859375
1 0.8578125 0.4796875 0.01484375 0.0625
1 0.50703125 0.48828125 0.01640625 0.06953125
1 0.5484375 0.4796875 0.0125 0.06953125
1 0.5296875 0.47265625 0.01171875 0.06953125
1 0.57734375 0.46640625 0.0109375 0.07109375
1 0.49375 0.4671875 0.0125 0.065625
1 0.5609375 0.47109375 0.0109375 0.05859375
1 0.5859375 0.47734375 0.01640625 0.09140625
1 0.5203125 0.47265625 0.009375 0.0515625
0 0.34375 0.453125 0.025 0.0625
0 0.31875 0.45546875 0.02734375 0.0625
0 0.659375 0.47734375 0.0734375 0.11640625
0 0.76875 0.64921875 0.3359375 0.44609375