1 0.024375 0.466875 0.03125 0.12625
1 0.00625 0.4825 0.0125 0.1275
1 0.930625 0.43 0.059375 0.21375
1 0.95125 0.461875 0.025 0.091875
1 0.291875 0.420625 0.01 0.054375
1 0.711875 0.391875 0.0125 0.06
1 0.69 0.404375 0.01125 0.06
1 0.70375 0.39875 0.013125 0.056875
1 0.658125 0.38875 0.0125 0.0375
1 0.651875 0.3975 0.015625 0.05125
1 0.285 0.42875 0.018125 0.058125
1 0.248125 0.425 0.01875 0.07375
1 0.46 0.410625 0.015 0.066875
1 0.613125 0.39875 0.01375 0.054375
1 0.625625 0.400625 0.01 0.058125
1 0.633125 0.39875 0.0075 0.05125
1 0.3325 0.41875 0.015625 0.055625
0 0.43875 0.413125 0.02125 0.03875
0 0.45125 0.401875 0.021875 0.044375
0 0.478125 0.405625 0.04 0.0625
0 0.506875 0.4075 0.015625 0.041875
0 0.519375 0.401875 0.01625 0.03875
0 0.5375 0.391875 0.024375 0.043125
0 0.549375 0.38875 0.011875 0.031875
0 0.555 0.391875 0.015625 0.029375
0 0.563125 0.391875 0.0125 0.020625
0 0.5675 0.38875 0.01625 0.02375
0 0.581875 0.391875 0.011875 0.018125
0 0.5975 0.395625 0.028125 0.043125
0 0.949375 0.373125 0.1 0.08625
0 0.985 0.389375 0.03 0.069375
0 0.41375 0.41625 0.04375 0.044375
1 0.66875 0.38625 0.0075 0.035