0 0.211875 0.586875 0.0175 0.018125
0 0.255 0.585 0.02 0.02375
0 0.3025 0.593125 0.02375 0.033125
0 0.565 0.614375 0.10125 0.09875
0 0.686875 0.63125 0.178125 0.14
0 0.32625 0.59375 0.035 0.056875
1 0.59125 0.558125 0.01875 0.044375
1 0.6125 0.57 0.019375 0.056875
1 0.639375 0.555 0.021875 0.029375
1 0.66125 0.55125 0.01625 0.025
1 0.705625 0.5425 0.02625 0.043125
1 0.82625 0.594375 0.036875 0.16
1 0.895625 0.5925 0.03375 0.175
1 0.850625 0.60125 0.03625 0.16125
1 0.915 0.60375 0.031875 0.170625
1 0.963125 0.60625 0.04375 0.19
1 0.994375 0.55 0.009375 0.10125