1 0.880625 0.57 0.011875 0.08875
1 0.749375 0.5225 0.006875 0.0475
1 0.98 0.54875 0.01375 0.080625
1 0.934375 0.55625 0.011875 0.079375
1 0.92 0.55 0.0175 0.0875
1 0.89125 0.556875 0.01375 0.07625
1 0.7425 0.52125 0.0075 0.055625
1 0.72375 0.514375 0.0075 0.054375
1 0.715625 0.514375 0.006875 0.054375
1 0.710625 0.5175 0.003125 0.0475
1 0.25 0.475625 0.0075 0.068125
1 0.240625 0.45625 0.01 0.025
0 0.558125 0.479375 0.015 0.0225
0 0.49125 0.485 0.01375 0.020625
0 0.4775 0.480625 0.0075 0.025
0 0.455 0.5 0.044375 0.068125
0 0.431875 0.4875 0.0125 0.02625
0 0.41125 0.499375 0.02375 0.033125
0 0.374375 0.499375 0.045 0.058125
0 0.58375 0.49125 0.02625 0.054375
0 0.32 0.50125 0.06625 0.0875
0 0.614375 0.525 0.056875 0.068125
0 0.808125 0.54125 0.09125 0.108125
0 0.52875 0.513125 0.068125 0.108125