0 0.5075 0.535625 0.015 0.018125
0 0.543125 0.535625 0.019375 0.025
0 0.59625 0.54 0.01375 0.02625
0 0.609375 0.53875 0.013125 0.03875
0 0.4425 0.539375 0.02625 0.0275
1 0.38375 0.55125 0.013125 0.065
0 0.35125 0.5525 0.069375 0.069375
2 0.638125 0.52625 0.0475 0.085
0 0.696875 0.5125 0.046875 0.031875
0 0.641875 0.54625 0.04 0.044375
0 0.725625 0.53875 0.046875 0.065
0 0.781875 0.51625 0.053125 0.019375
0 0.78375 0.54625 0.10875 0.080625
0 0.683125 0.548125 0.05875 0.0625
0 0.873125 0.5525 0.218125 0.131875