0 0.4725 0.5575 0.01375 0.019375
0 0.4575 0.574375 0.03 0.05
0 0.423125 0.576875 0.056875 0.0775
0 0.59625 0.5925 0.068125 0.075
0 0.820625 0.593125 0.028125 0.045625
0 0.2175 0.58 0.0925 0.118125
0 0.134375 0.59875 0.1525 0.13875
0 0.480625 0.57125 0.0175 0.0275
2 0.49 0.56375 0.021875 0.045625
0 0.333125 0.60625 0.155625 0.206875
0 0.5325 0.588125 0.065 0.11125
2 0.51875 0.539375 0.025625 0.033125
0 0.04625 0.62375 0.09125 0.14875
0 0.7975 0.58 0.03625 0.056875
1 0.986875 0.641875 0.02 0.080625
1 0.9525 0.605625 0.0175 0.095625
1 0.939375 0.619375 0.025 0.12625
1 0.911875 0.64625 0.049375 0.220625