0 0.47265625 0.5578125 0.0140625 0.01953125
0 0.4578125 0.57421875 0.0296875 0.05
0 0.4234375 0.57734375 0.05703125 0.078125
0 0.596875 0.5921875 0.06796875 0.075
0 0.8203125 0.59296875 0.028125 0.04609375
0 0.2171875 0.5796875 0.0921875 0.11796875
0 0.134375 0.5984375 0.15234375 0.1390625
0 0.48125 0.571875 0.0171875 0.028125
2 0.48984375 0.5640625 0.021875 0.04609375
0 0.3328125 0.60625 0.15546875 0.20703125
0 0.5328125 0.58828125 0.06484375 0.1109375
2 0.51875 0.53984375 0.02578125 0.03359375
0 0.04609375 0.6234375 0.09140625 0.1484375
0 0.796875 0.5796875 0.0359375 0.05703125
1 0.98671875 0.64140625 0.0203125 0.08046875
1 0.953125 0.60546875 0.0171875 0.09609375
1 0.9390625 0.61953125 0.025 0.1265625
1 0.91171875 0.646875 0.04921875 0.22109375