1 0.59875 0.556875 0.00875 0.033125
1 0.606875 0.57625 0.011875 0.0725
1 0.555625 0.54375 0.006875 0.016875
0 0.233125 0.5475 0.0225 0.04
0 0.295 0.54625 0.02 0.029375
0 0.18375 0.545625 0.0775 0.105625
0 0.1225 0.564375 0.07625 0.0875
0 0.0475 0.568125 0.095 0.1275
0 0.425 0.52625 0.01 0.0125
0 0.44625 0.533125 0.009375 0.01
0 0.461875 0.549375 0.00875 0.0125
0 0.4675 0.554375 0.01 0.0225
0 0.4975 0.55625 0.0125 0.031875
0 0.51375 0.55875 0.021875 0.045625
0 0.43 0.549375 0.02 0.033125
0 0.2625 0.568125 0.06625 0.08625
0 0.54 0.56625 0.046875 0.0625
0 0.45125 0.551875 0.019375 0.020625
0 0.361875 0.55625 0.115625 0.208125
1 0.924375 0.5875 0.021875 0.155625
1 0.835 0.616875 0.049375 0.19875