0 0.289375 0.61375 0.013125 0.03625
0 0.278125 0.61875 0.024375 0.05125
0 0.261875 0.6275 0.034375 0.07375
0 0.38 0.6 0.0125 0.018125
0 0.395 0.61125 0.02 0.03625
0 0.41 0.615 0.0275 0.043125
0 0.426875 0.6175 0.0275 0.043125
0 0.815 0.68875 0.299375 0.308125
0 0.34875 0.611875 0.02875 0.043125
0 0.45125 0.620625 0.04125 0.055625
2 0.531875 0.625625 0.0825 0.1025
0 0.078125 0.67625 0.15625 0.16125
0 0.928125 0.80125 0.1425 0.39
0 0.2175 0.641875 0.084375 0.106875
1 0.48375 0.605625 0.0075 0.0375
1 0.478125 0.605625 0.005625 0.033125