1 0.4825 0.6375 0.0125 0.0725
1 0.47125 0.64125 0.009375 0.054375
1 0.32 0.6375 0.01 0.03875
1 0.31625 0.631875 0.006875 0.0475
1 0.970625 0.654375 0.05625 0.315
0 0.86 0.66375 0.211875 0.14875
0 0.271875 0.633125 0.015 0.02625
0 0.255625 0.63375 0.019375 0.033125
0 0.243125 0.64375 0.0175 0.035
0 0.22875 0.648125 0.01625 0.035
0 0.216875 0.6525 0.01875 0.041875
0 0.31 0.635625 0.01 0.018125
0 0.32875 0.63125 0.01 0.0225
0 0.335 0.63625 0.011875 0.025
0 0.346875 0.638125 0.01875 0.041875
0 0.354375 0.641875 0.0125 0.03875
0 0.36 0.639375 0.015 0.05125
0 0.3675 0.645625 0.019375 0.06375
0 0.375 0.656875 0.0175 0.0625
0 0.3875 0.663125 0.025625 0.0775
0 0.116875 0.67875 0.04625 0.08625
0 0.42 0.669375 0.07125 0.0975
0 0.194375 0.658125 0.04125 0.05
2 0.05875 0.681875 0.1175 0.11375