0 0.5025 0.4325 0.009375 0.016875
0 0.43875 0.4575 0.009375 0.01375
0 0.43125 0.461875 0.01 0.018125
0 0.405625 0.468125 0.0125 0.01375
0 0.395 0.47875 0.011875 0.0225
0 0.405625 0.48875 0.01875 0.0225
0 0.3725 0.49875 0.015 0.025
0 0.36625 0.5025 0.01625 0.025
0 0.3575 0.50875 0.021875 0.025
0 0.35 0.513125 0.01625 0.029375
0 0.324375 0.513125 0.015 0.025
0 0.31625 0.52875 0.019375 0.030625
0 0.3 0.53375 0.03125 0.033125
0 0.25875 0.55125 0.035 0.035
0 0.284375 0.556875 0.046875 0.045625
0 0.2175 0.55875 0.0425 0.020625
0 0.16375 0.580625 0.056875 0.030625
0 0.155625 0.645 0.1075 0.1225
0 0.05875 0.64375 0.078125 0.0875
0 0.01625 0.66 0.0325 0.08875
0 0.51375 0.430625 0.011875 0.01
0 0.515 0.44125 0.011875 0.01
0 0.51625 0.44875 0.01 0.008125
0 0.520625 0.4525 0.0125 0.0125
0 0.5225 0.463125 0.01375 0.016875
0 0.524375 0.4725 0.01625 0.01375
0 0.52875 0.481875 0.0175 0.025
0 0.5325 0.49125 0.019375 0.02625
0 0.54 0.500625 0.02375 0.033125
0 0.543125 0.51375 0.025625 0.035
0 0.556875 0.5325 0.03375 0.055625
0 0.563125 0.555625 0.0425 0.06
0 0.5775 0.57125 0.05 0.075
0 0.6 0.604375 0.06875 0.095625
0 0.551875 0.773125 0.0025 0.018125
2 0.225625 0.600625 0.075 0.0875
1 0.111875 0.58875 0.015 0.05
1 0.095 0.585 0.01625 0.0625
0 0.03375 0.886875 0.0675 0.2225