1 0.915625 0.496875 0.0234375 0.05859375
1 0.671875 0.51328125 0.0203125 0.028125
0 0.2078125 0.58125 0.071875 0.06796875
0 0.3234375 0.57734375 0.05078125 0.0515625
0 0.84921875 0.646875 0.2984375 0.24609375
0 0.9625 0.528125 0.0734375 0.125
0 0.609375 0.56640625 0.253125 0.159375
0 0.4796875 0.56640625 0.0109375 0.0484375
0 0.471875 0.5765625 0.0078125 0.02890625
0 0.465625 0.57578125 0.0078125 0.02109375
0 0.446875 0.5765625 0.01640625 0.0265625
0 0.409375 0.57421875 0.0234375 0.03359375
0 0.2859375 0.58359375 0.03046875 0.0359375
0 0.3625 0.57734375 0.03203125 0.0375
0 0.38984375 0.58359375 0.01328125 0.021875
0 0.42734375 0.578125 0.00859375 0.02890625
0 0.434375 0.5703125 0.0078125 0.01640625