1 0.915 0.4975 0.02375 0.058125
1 0.6725 0.513125 0.02 0.0275
0 0.2075 0.58125 0.071875 0.068125
0 0.32375 0.576875 0.050625 0.05125
0 0.849375 0.64625 0.29875 0.245625
0 0.9625 0.52875 0.07375 0.125
0 0.609375 0.566875 0.253125 0.16
0 0.48 0.566875 0.01125 0.04875
0 0.471875 0.57625 0.0075 0.029375
0 0.46625 0.575625 0.0075 0.020625
0 0.446875 0.57625 0.01625 0.02625
0 0.409375 0.574375 0.02375 0.033125
0 0.28625 0.583125 0.030625 0.03625
0 0.361875 0.576875 0.031875 0.0375
0 0.39 0.583125 0.013125 0.0225
0 0.4275 0.5775 0.00875 0.029375
0 0.435 0.57 0.0075 0.016875