1 0.82125 0.673125 0.040625 0.1475
1 0.8 0.6525 0.038125 0.170625
1 0.978125 0.68125 0.04125 0.183125
1 0.74 0.635625 0.013125 0.068125
1 0.71625 0.625 0.01375 0.06375
1 0.62375 0.63 0.0175 0.058125
1 0.355 0.62375 0.01 0.0475
1 0.335 0.625 0.015 0.0625
1 0.318125 0.619375 0.01625 0.070625
1 0.29875 0.618125 0.013125 0.070625
1 0.2875 0.610625 0.015 0.083125
1 0.311875 0.614375 0.0125 0.070625
1 0.223125 0.614375 0.01 0.070625
1 0.230625 0.62 0.00875 0.06
1 0.206875 0.595625 0.01375 0.03875
0 0.60125 0.61875 0.0225 0.030625
0 0.8025 0.64375 0.121875 0.065
1 0.768125 0.611875 0.013125 0.03625
0 0.95125 0.64625 0.094375 0.075
0 0.4725 0.698125 0.203125 0.3375
0 0.12125 0.7 0.2425 0.3975