1 0.3125 0.4175 0.013125 0.044375
1 0.235 0.431875 0.011875 0.018125
1 0.589375 0.424375 0.01 0.055625
1 0.58125 0.4275 0.013125 0.065
0 0.215625 0.42 0.044375 0.041875
0 0.26 0.424375 0.01625 0.033125
0 0.269375 0.41 0.015 0.016875
0 0.4575 0.41125 0.02 0.031875
0 0.433125 0.419375 0.028125 0.043125
0 0.493125 0.413125 0.021875 0.03625
0 0.523125 0.40625 0.02875 0.031875
0 0.5825 0.413125 0.065625 0.07375
0 0.63625 0.4 0.011875 0.019375
0 0.650625 0.401875 0.013125 0.02375
0 0.666875 0.395625 0.009375 0.019375
0 0.67625 0.40625 0.019375 0.035
0 0.696875 0.400625 0.013125 0.02625
0 0.7025 0.406875 0.01375 0.02375
0 0.71625 0.40625 0.01625 0.030625
0 0.748125 0.414375 0.011875 0.031875
0 0.764375 0.41375 0.025625 0.05125
0 0.77625 0.41875 0.03875 0.05125
0 0.725 0.416875 0.024375 0.029375
0 0.835625 0.443125 0.0525 0.07375
0 0.865 0.454375 0.0625 0.065
0 0.9025 0.466875 0.05875 0.085
0 0.95375 0.4725 0.0875 0.119375
0 0.978125 0.494375 0.04125 0.115