0 0.381875 0.506875 0.13625 0.16125
0 0.484375 0.4475 0.038125 0.066875
0 0.09375 0.505 0.1875 0.1475
0 0.2675 0.44 0.0275 0.03625
0 0.308125 0.45875 0.068125 0.08625
0 0.4625 0.4375 0.018125 0.03875
0 0.441875 0.4475 0.0375 0.055625
0 0.519375 0.42375 0.0125 0.020625
0 0.506875 0.430625 0.0175 0.030625
0 0.505625 0.44375 0.0125 0.029375
0 0.54125 0.4475 0.02875 0.079375
0 0.569375 0.464375 0.068125 0.11
1 0.606875 0.48375 0.02625 0.1625
1 0.668125 0.485625 0.03 0.165
1 0.73 0.476875 0.024375 0.1525
1 0.765 0.46875 0.02625 0.14875
1 0.868125 0.48375 0.04375 0.208125
1 0.71 0.445625 0.0175 0.09
1 0.2525 0.441875 0.009375 0.025
1 0.245 0.443125 0.009375 0.02625
1 0.21625 0.44375 0.0075 0.031875
1 0.211875 0.44375 0.0075 0.031875
1 0.204375 0.4475 0.009375 0.030625
1 0.196875 0.445 0.01 0.030625