0 0.356875 0.425 0.019375 0.0375
0 0.34 0.420625 0.01875 0.043125
0 0.393125 0.438125 0.04875 0.0775
0 0.316875 0.450625 0.0625 0.17375
0 0.46 0.46125 0.121875 0.183125
0 0.59625 0.4125 0.04875 0.044375
0 0.74 0.419375 0.0225 0.0275
0 0.698125 0.573125 0.409375 0.466875
0 0.165 0.5075 0.33 0.441875
1 0.969375 0.425 0.019375 0.065
1 0.925 0.4575 0.02875 0.1275
1 0.834375 0.4475 0.0275 0.125
1 0.554375 0.415 0.0125 0.05
1 0.54 0.43125 0.013125 0.054375
1 0.52125 0.42875 0.013125 0.058125
1 0.48625 0.400625 0.0125 0.02375