0 0.27875 0.40375 0.02375 0.018125
0 0.3 0.39875 0.0175 0.018125
0 0.31625 0.39625 0.015625 0.01375
0 0.33875 0.39625 0.013125 0.01375
0 0.249375 0.405625 0.034375 0.025
0 0.194375 0.41 0.05 0.035
0 0.145625 0.415 0.030625 0.02375
0 0.075625 0.420625 0.055625 0.035
0 0.43625 0.395 0.015 0.020625
0 0.4225 0.394375 0.015 0.0275
2 0.44875 0.398125 0.015625 0.04
2 0.4975 0.370625 0.05 0.09875
0 0.57875 0.38625 0.02375 0.02625
0 0.571875 0.406875 0.025 0.035
0 0.70875 0.406875 0.056875 0.095625
0 0.756875 0.401875 0.0425 0.04875
0 0.795 0.40125 0.034375 0.041875
2 0.054375 0.39875 0.094375 0.075
0 0.00375 0.42 0.0075 0.05125
0 0.971875 0.40125 0.055625 0.070625
0 0.39625 0.42375 0.065 0.08625
0 0.53375 0.410625 0.059375 0.075
0 0.46375 0.40125 0.036875 0.05125
0 0.649375 0.449375 0.169375 0.17625
2 0.8925 0.416875 0.1725 0.129375