1 0.43375 0.464375 0.013125 0.079375
1 0.420625 0.464375 0.02125 0.08875
1 0.46 0.45625 0.011875 0.054375
0 0.4725 0.476875 0.030625 0.054375
0 0.5575 0.47125 0.02875 0.065
0 0.57375 0.49 0.0425 0.093125
0 0.606875 0.500625 0.07625 0.115
0 0.659375 0.52625 0.113125 0.133125
0 0.34 0.44375 0.040625 0.06125
0 0.33 0.4625 0.034375 0.06125
0 0.29625 0.466875 0.04625 0.070625
0 0.265 0.468125 0.0425 0.08625
0 0.2075 0.463125 0.090625 0.1475
0 0.1175 0.47125 0.134375 0.183125
0 0.37875 0.463125 0.02375 0.04
0 0.843125 0.560625 0.3125 0.3
0 0.989375 0.7475 0.019375 0.180625
0 0.034375 0.47375 0.06875 0.266875
0 0.50875 0.4925 0.065625 0.093125