1 0.434375 0.46484375 0.01328125 0.07890625
1 0.4203125 0.46484375 0.02109375 0.0890625
1 0.459375 0.45625 0.01171875 0.05390625
0 0.47265625 0.47734375 0.03046875 0.05390625
0 0.5578125 0.471875 0.02890625 0.065625
0 0.5734375 0.490625 0.0421875 0.09296875
0 0.60625 0.50078125 0.0765625 0.115625
0 0.659375 0.5265625 0.11328125 0.13359375
0 0.33984375 0.44375 0.040625 0.0609375
0 0.3296875 0.4625 0.034375 0.0609375
0 0.29609375 0.46640625 0.04609375 0.07109375
0 0.265625 0.46796875 0.0421875 0.0859375
0 0.2078125 0.46328125 0.090625 0.146875
0 0.1171875 0.471875 0.134375 0.18359375
0 0.378125 0.46328125 0.0234375 0.040625
0 0.84375 0.56015625 0.3125 0.3
0 0.9890625 0.746875 0.01953125 0.18046875
0 0.034375 0.4734375 0.06875 0.26640625
0 0.509375 0.4921875 0.065625 0.09296875