1 0.70875 0.69 0.013125 0.070625
1 0.65125 0.68625 0.013125 0.05125
1 0.6325 0.686875 0.011875 0.05
1 0.62125 0.688125 0.00875 0.044375
1 0.60375 0.68625 0.011875 0.0375
1 0.594375 0.685625 0.005625 0.03625
1 0.588125 0.686875 0.009375 0.0475
1 0.580625 0.67625 0.005625 0.033125
0 0.10375 0.686875 0.206875 0.32375
0 0.244375 0.713125 0.0775 0.133125
0 0.394375 0.69375 0.08125 0.119375
2 0.30625 0.6675 0.07 0.13875
2 0.35625 0.675625 0.031875 0.07625
0 0.435 0.6775 0.015625 0.05125
2 0.859375 0.506875 0.280625 0.73625