1 0.02375 0.45625 0.028125 0.066875
1 0.085 0.464375 0.01875 0.07375
1 0.065625 0.464375 0.02 0.07375
1 0.005 0.455625 0.009375 0.05
1 0.793125 0.41625 0.015 0.069375
1 0.771875 0.413125 0.02 0.070625
1 0.72375 0.416875 0.015625 0.070625
1 0.713125 0.418125 0.015625 0.07375
1 0.63875 0.425625 0.0125 0.054375
1 0.669375 0.43 0.01375 0.070625
1 0.8 0.410625 0.018125 0.080625
1 0.765 0.410625 0.01375 0.065
1 0.70875 0.418125 0.01 0.07375
1 0.700625 0.419375 0.015 0.07375
1 0.6775 0.426875 0.0125 0.065
1 0.6475 0.42125 0.01375 0.06125
1 0.625625 0.415 0.00875 0.033125
0 0.480625 0.418125 0.011875 0.020625
0 0.494375 0.41625 0.011875 0.016875
0 0.469375 0.42875 0.02375 0.041875
0 0.51 0.41625 0.01 0.016875
0 0.51625 0.415 0.009375 0.015
0 0.521875 0.41625 0.011875 0.016875
0 0.531875 0.419375 0.0125 0.0275
0 0.53875 0.423125 0.015 0.02625
0 0.54625 0.424375 0.01 0.030625
0 0.43375 0.43125 0.015 0.0275
0 0.41625 0.435 0.03 0.03875
0 0.400625 0.44 0.0125 0.031875
0 0.394375 0.4425 0.0175 0.031875
0 0.381875 0.44125 0.021875 0.044375
0 0.37 0.443125 0.028125 0.041875
0 0.355625 0.44625 0.02 0.0525
0 0.5525 0.424375 0.0175 0.033125
0 0.18125 0.465 0.071875 0.135
0 0.269375 0.455625 0.11625 0.17375
0 0.45375 0.439375 0.0375 0.0525
0 0.589375 0.433125 0.078125 0.09875
0 0.0275 0.564375 0.055 0.179375
0 0.91625 0.483125 0.165625 0.215
1 0.99 0.36 0.018125 0.031875
1 0.973125 0.35875 0.02375 0.041875
1 0.948125 0.358125 0.028125 0.041875
0 0.33625 0.4525 0.030625 0.045625