0 0.271875 0.348125 0.01625 0.025
0 0.244375 0.34 0.01625 0.0225
0 0.225 0.3425 0.01625 0.018125
0 0.22875 0.360625 0.02625 0.031875
0 0.2075 0.356875 0.02625 0.043125
0 0.196875 0.360625 0.043125 0.044375
0 0.16625 0.3625 0.081875 0.04
0 0.1225 0.360625 0.0225 0.02625
0 0.1075 0.3475 0.00875 0.0225
0 0.080625 0.350625 0.040625 0.033125
0 0.0325 0.365 0.063125 0.044375
0 0.0225 0.37125 0.044375 0.05
0 0.44375 0.329375 0.01625 0.02625
0 0.424375 0.33125 0.0325 0.04
0 0.801875 0.251875 0.02 0.029375
0 0.68875 0.294375 0.01375 0.020625
0 0.56625 0.313125 0.0225 0.031875
0 0.473125 0.318125 0.030625 0.031875
1 0.5275 0.32625 0.015 0.0475
1 0.673125 0.30125 0.00875 0.043125
1 0.664375 0.299375 0.0075 0.029375