0 0.44125 0.506875 0.00875 0.0125
0 0.42875 0.5025 0.0075 0.01
0 0.419375 0.50125 0.0075 0.0125
0 0.414375 0.50625 0.0075 0.01
0 0.40375 0.50375 0.00875 0.008125
0 0.41 0.51875 0.01625 0.033125
0 0.44875 0.51375 0.013125 0.019375
0 0.464375 0.526875 0.015 0.02375
0 0.47625 0.53125 0.01875 0.033125
0 0.49125 0.53375 0.019375 0.04875
0 0.50875 0.53875 0.036875 0.055625
0 0.549375 0.55125 0.061875 0.083125
0 0.61 0.56875 0.094375 0.11375
0 0.6575 0.6075 0.103125 0.1375
0 0.430625 0.52125 0.015625 0.030625
0 0.40375 0.52 0.01125 0.020625
0 0.37125 0.514375 0.024375 0.0375
0 0.355 0.51 0.011875 0.020625
0 0.289375 0.493125 0.013125 0.0125
0 0.2575 0.49375 0.013125 0.01375
0 0.27125 0.494375 0.013125 0.015
0 0.28 0.50375 0.01875 0.019375
0 0.231875 0.50625 0.03125 0.035
0 0.25875 0.514375 0.0225 0.0275
0 0.300625 0.49375 0.013125 0.020625
1 0.10625 0.4925 0.009375 0.0275
1 0.116875 0.495625 0.009375 0.0275
1 0.075 0.49375 0.009375 0.041875
1 0.083125 0.500625 0.00875 0.0275
1 0.0675 0.498125 0.006875 0.029375
1 0.66375 0.53125 0.009375 0.019375
0 0.3825 0.530625 0.03625 0.04875
0 0.82625 0.65125 0.315 0.315
0 0.98625 0.64125 0.024375 0.125