0 0.513125 0.370625 0.01 0.020625
0 0.436875 0.344375 0.07875 0.0125
2 0.258125 0.361875 0.018125 0.0475
0 0.239375 0.36625 0.01875 0.0275
0 0.216875 0.3675 0.021875 0.030625
0 0.1975 0.368125 0.0175 0.031875
0 0.176875 0.37 0.021875 0.0275
0 0.155625 0.370625 0.015625 0.033125
0 0.1375 0.37 0.0175 0.03625
0 0.111875 0.37 0.018125 0.03625
0 0.08375 0.369375 0.02375 0.035
0 0.01375 0.3725 0.02625 0.0275
0 0.4075 0.56875 0.34625 0.441875
2 0.831875 0.389375 0.33375 0.77875
1 0.556875 0.369375 0.00375 0.025
1 0.5625 0.375 0.00375 0.025
1 0.545 0.3725 0.005625 0.02625
1 0.536875 0.374375 0.00375 0.0225
2 0.28625 0.3675 0.0175 0.020625
0 0.315 0.3625 0.02 0.020625
0 0.27375 0.37 0.0125 0.0275