1 0.04375 0.493125 0.02 0.055625
1 0.0075 0.505 0.013125 0.085
1 0.01625 0.50125 0.01875 0.0725
1 0.051875 0.454375 0.015 0.0225
1 0.064375 0.47875 0.009375 0.02625
1 0.091875 0.47375 0.025625 0.03625
1 0.12 0.479375 0.0125 0.019375
1 0.3175 0.55375 0.0325 0.12375
0 0.936875 0.79 0.124375 0.320625
0 0.096875 0.566875 0.19375 0.165
0 0.869375 0.62625 0.23 0.20125
0 0.985625 0.649375 0.0275 0.029375
0 0.218125 0.524375 0.13125 0.1875
0 0.300625 0.523125 0.045 0.13625
0 0.3375 0.54125 0.02875 0.080625
0 0.355625 0.55 0.01875 0.0625
0 0.37125 0.555 0.021875 0.04875
2 0.393125 0.523125 0.0325 0.043125
2 0.415 0.519375 0.009375 0.0225
2 0.4625 0.5375 0.01625 0.02375
2 0.44125 0.5275 0.015 0.019375
0 0.4075 0.56 0.04625 0.058125
0 0.595625 0.60375 0.165625 0.281875
0 0.431875 0.55 0.02 0.04875
2 0.518125 0.5425 0.035 0.12625
0 0.4925 0.566875 0.01875 0.04875
0 0.73 0.5975 0.111875 0.129375
0 0.47375 0.556875 0.01625 0.029375