0 0.441875 0.449375 0.011875 0.016875
0 0.37125 0.458125 0.02375 0.0275
0 0.341875 0.461875 0.03125 0.03875
0 0.321875 0.464375 0.021875 0.04
0 0.286875 0.463125 0.056875 0.0625
0 0.4075 0.455625 0.050625 0.066875
0 0.475625 0.458125 0.0375 0.06375
0 0.54 0.465 0.0375 0.05
0 0.51625 0.4525 0.0125 0.016875
0 0.56875 0.458125 0.034375 0.03875
0 0.72875 0.4725 0.07 0.1025
0 0.05625 0.47375 0.1125 0.18875
0 0.8375 0.593125 0.324375 0.39875
0 0.51125 0.4475 0.013125 0.0125
1 0.646875 0.4575 0.00875 0.05125
1 0.7125 0.448125 0.0175 0.03625