1 0.39875 0.524375 0.031875 0.1275
1 0.355 0.519375 0.03625 0.1125
1 0.3275 0.514375 0.034375 0.1275
1 0.450625 0.525 0.011875 0.070625
1 0.46 0.5225 0.01875 0.07625
1 0.495 0.518125 0.0175 0.085
1 0.51375 0.5225 0.01 0.05125
1 0.521875 0.52875 0.01375 0.04875
1 0.911875 0.595625 0.025625 0.1125
1 0.89 0.581875 0.0325 0.14
1 0.87 0.575 0.0275 0.131875
1 0.8325 0.539375 0.0275 0.07625
1 0.981875 0.638125 0.03375 0.2125
1 0.521875 0.531875 0.01625 0.106875
1 0.425 0.513125 0.03125 0.079375
1 0.4775 0.524375 0.030625 0.0975
0 0.613125 0.535 0.05875 0.07625
0 0.580625 0.530625 0.015625 0.058125
0 0.566875 0.535 0.0175 0.066875
0 0.55375 0.531875 0.025625 0.070625
0 0.3575 0.529375 0.065625 0.06125
0 0.974375 0.5675 0.05 0.106875
0 0.7525 0.645 0.245 0.318125
2 0.193125 0.5075 0.385 0.87375
1 0.67 0.518125 0.01125 0.04875
1 0.655625 0.533125 0.015625 0.0775