0 0.069375 0.65875 0.138125 0.21
0 0.76625 0.55375 0.015625 0.03625
0 0.754375 0.560625 0.011875 0.020625
0 0.735625 0.560625 0.011875 0.018125
0 0.71 0.558125 0.01125 0.016875
0 0.695 0.56 0.015625 0.019375
0 0.705625 0.56875 0.0175 0.02375
0 0.62375 0.580625 0.0275 0.045625
0 0.52125 0.574375 0.021875 0.02625
0 0.49125 0.588125 0.05 0.058125
0 0.575625 0.58625 0.07 0.0975
0 0.66125 0.595625 0.0725 0.1
0 0.720625 0.573125 0.0225 0.031875
0 0.37375 0.643125 0.215 0.2475
1 0.119375 0.5825 0.025 0.0375
1 0.185 0.614375 0.036875 0.0525
1 0.185625 0.618125 0.02125 0.056875