1 0.095 0.269375 0.02125 0.091875
1 0.405625 0.263125 0.015 0.070625
1 0.733125 0.38 0.02375 0.15
1 0.74875 0.369375 0.02625 0.17625
1 0.76125 0.401875 0.03125 0.17625
1 0.779375 0.40375 0.0425 0.1875
0 0.94625 0.276875 0.0275 0.055625
0 0.93375 0.2725 0.015625 0.0475
0 0.919375 0.285625 0.01875 0.04875
0 0.889375 0.289375 0.065 0.06375
0 0.831875 0.28875 0.02375 0.0375
0 0.74375 0.2825 0.02875 0.030625
0 0.786875 0.28375 0.05375 0.05125
1 0.795 0.281875 0.02375 0.065
0 0.44625 0.2325 0.01 0.02375
0 0.468125 0.223125 0.01 0.01375
0 0.47 0.23375 0.011875 0.020625
0 0.47125 0.24125 0.0075 0.020625
0 0.47875 0.243125 0.01 0.02625
0 0.48375 0.248125 0.015625 0.02625
0 0.489375 0.255 0.015625 0.02625
0 0.42375 0.224375 0.01 0.01125
0 0.42 0.238125 0.009375 0.020625
0 0.411875 0.24125 0.015625 0.02625
0 0.39875 0.245625 0.015625 0.030625
0 0.38 0.24125 0.02875 0.04875
0 0.378125 0.255 0.019375 0.044375
0 0.34125 0.248125 0.056875 0.058125
0 0.433125 0.23625 0.0175 0.02625
0 0.504375 0.261875 0.030625 0.044375
0 0.449375 0.35875 0.090625 0.13625
0 0.333125 0.313125 0.088125 0.105625
0 0.874375 0.539375 0.250625 0.468125
0 0.629375 0.266875 0.02 0.0275