1 0.22375 0.351875 0.019375 0.085
1 0.179375 0.34375 0.015625 0.068125
1 0.17 0.3675 0.01875 0.081875
1 0.156875 0.34875 0.02125 0.095625
1 0.14125 0.345625 0.01875 0.091875
1 0.12875 0.336875 0.0175 0.10125
1 0.1075 0.31125 0.019375 0.044375
1 0.8825 0.4475 0.0225 0.0725
1 0.86625 0.439375 0.015625 0.068125
1 0.85125 0.43375 0.019375 0.065
1 0.82875 0.431875 0.0175 0.065
1 0.811875 0.431875 0.01875 0.06125
1 0.946875 0.454375 0.02125 0.06375
0 0.514375 0.391875 0.02125 0.0475
0 0.700625 0.4325 0.034375 0.133125
0 0.495 0.38625 0.0225 0.06375
0 0.463125 0.383125 0.05 0.10125
0 0.560625 0.401875 0.055625 0.08625
0 0.305 0.388125 0.115625 0.133125
0 0.409375 0.411875 0.10375 0.119375
0 0.635 0.45625 0.14125 0.218125
2 0.5525 0.341875 0.044375 0.04875
0 0.094375 0.475 0.18875 0.616875