1 0.4825 0.4425 0.02125 0.04875
1 0.4675 0.44125 0.030625 0.0475
1 0.433125 0.44125 0.0175 0.05125
1 0.04875 0.408125 0.0175 0.070625
0 0.32875 0.431875 0.06125 0.085
0 0.5325 0.60625 0.205625 0.3025
0 0.231875 0.405 0.009375 0.020625
0 0.224375 0.408125 0.015625 0.02375
0 0.213125 0.410625 0.015 0.0275
0 0.20375 0.410625 0.015 0.0275
0 0.195 0.41375 0.02125 0.030625
0 0.181875 0.416875 0.0225 0.035
0 0.1625 0.41875 0.02375 0.054375
0 0.136875 0.42 0.03625 0.070625
0 0.255625 0.408125 0.030625 0.0375
0 0.105625 0.43375 0.07375 0.079375
0 0.2825 0.50875 0.14375 0.21125
0 0.0075 0.62875 0.015 0.1875
0 0.77875 0.589375 0.44125 0.818125