1 0.751875 0.5075 0.035 0.133125
1 0.4975 0.49625 0.01125 0.04875
1 0.425 0.4675 0.005625 0.025
0 0.49625 0.455 0.011875 0.01125
2 0.4825 0.448125 0.0125 0.0275
0 0.455625 0.473125 0.015 0.025
0 0.440625 0.48125 0.021875 0.03625
0 0.42125 0.469375 0.01 0.020625
0 0.41125 0.47125 0.0175 0.0225
0 0.39625 0.469375 0.01375 0.008125
0 0.383125 0.474375 0.0125 0.008125
0 0.375625 0.479375 0.011875 0.015
0 0.364375 0.493125 0.025 0.033125
0 0.305625 0.50625 0.04 0.04875
0 0.27375 0.511875 0.046875 0.056875
0 0.24375 0.52 0.038125 0.06375
0 0.230625 0.485625 0.015 0.015
0 0.101875 0.53375 0.068125 0.11125
0 0.04125 0.54 0.08 0.1525
0 0.394375 0.501875 0.046875 0.06375
0 0.168125 0.52625 0.124375 0.1225
0 0.52875 0.494375 0.05875 0.10125
0 0.610625 0.504375 0.05875 0.094375
0 0.56125 0.501875 0.01375 0.0475
0 0.58 0.50125 0.028125 0.068125