0 0.42125 0.493125 0.01375 0.02625
0 0.435 0.493125 0.01625 0.02625
0 0.4525 0.500625 0.024375 0.043125
0 0.48125 0.489375 0.025 0.025
0 0.48875 0.505625 0.028125 0.043125
0 0.511875 0.5075 0.043125 0.055625
1 0.55625 0.51125 0.01625 0.066875
0 0.569375 0.515 0.0325 0.054375
0 0.586875 0.51875 0.03875 0.065
0 0.4675 0.51 0.0375 0.06125
0 0.531875 0.515 0.053125 0.066875
0 0.63625 0.524375 0.0925 0.108125
1 0.77625 0.525625 0.018125 0.0875
1 0.1125 0.514375 0.01875 0.06125
1 0.09125 0.513125 0.01625 0.044375
1 0.05625 0.5075 0.015 0.055625
1 0.0175 0.513125 0.0125 0.058125
1 0.0075 0.511875 0.01375 0.06125
1 0.689375 0.51875 0.02 0.079375