0 0.39375 0.486875 0.013125 0.019375
0 0.41 0.5 0.021875 0.031875
0 0.37125 0.4925 0.045 0.03625
0 0.33125 0.489375 0.01625 0.016875
0 0.31 0.498125 0.025625 0.04875
0 0.28625 0.498125 0.024375 0.0525
0 0.280625 0.508125 0.021875 0.031875
0 0.489375 0.51125 0.021875 0.029375
0 0.42625 0.50625 0.0325 0.041875
0 0.46625 0.504375 0.03 0.041875
0 0.550625 0.56 0.136875 0.168125
0 0.359375 0.535625 0.07375 0.104375
0 0.795 0.5525 0.1775 0.156875
0 0.64375 0.513125 0.09875 0.133125
0 0.23875 0.480625 0.078125 0.13625
0 0.879375 0.65125 0.240625 0.370625
1 0.12625 0.499375 0.021875 0.094375
1 0.100625 0.5 0.01625 0.094375
1 0.08375 0.485625 0.018125 0.080625
1 0.07125 0.488125 0.01 0.09
1 0.0425 0.494375 0.01625 0.104375
1 0.023125 0.491875 0.015 0.09