0 0.610625 0.624375 0.05 0.054375
0 0.20625 0.6925 0.4125 0.583125
0 0.543125 0.613125 0.04 0.04875
0 0.56375 0.60625 0.02125 0.044375
0 0.49875 0.61 0.038125 0.0475
0 0.52 0.59125 0.0275 0.0475
0 0.4975 0.57875 0.0175 0.020625
0 0.479375 0.58875 0.019375 0.033125
0 0.463125 0.58875 0.011875 0.018125
2 0.4525 0.579375 0.02125 0.04875
1 0.805625 0.65 0.013125 0.055625
1 0.8325 0.656875 0.0175 0.06125
1 0.72125 0.63625 0.013125 0.054375
1 0.7325 0.635625 0.01 0.06125
0 0.4325 0.580625 0.013125 0.02625
1 0.78875 0.631875 0.009375 0.04
1 0.909375 0.66625 0.015625 0.0475
1 0.769375 0.63 0.00375 0.033125
1 0.76125 0.635 0.005625 0.020625