0 0.3390625 0.4578125 0.04609375 0.04453125
0 0.3109375 0.459375 0.0703125 0.0625
0 0.2953125 0.4671875 0.075 0.0640625
0 0.28984375 0.4734375 0.0484375 0.0625
0 0.253125 0.465625 0.075 0.096875
0 0.2328125 0.4203125 0.0234375 0.03046875
0 0.159375 0.465625 0.18046875 0.1375
0 0.16015625 0.48203125 0.13515625 0.1390625
0 0.11015625 0.484375 0.16953125 0.14453125
0 0.06015625 0.4953125 0.1203125 0.19453125
0 0.5953125 0.45546875 0.03671875 0.08203125
0 0.634375 0.45625 0.06328125 0.10703125
0 0.496875 0.48515625 0.13671875 0.22109375
2 0.6265625 0.365625 0.00625 0.0265625
2 0.821875 0.49140625 0.3546875 0.84296875