0 0.56484375 0.65703125 0.021875 0.04609375
0 0.590625 0.66875 0.04296875 0.05859375
0 0.4890625 0.64375 0.01640625 0.01953125
0 0.5390625 0.66953125 0.046875 0.07109375
2 0.46015625 0.6328125 0.046875 0.115625
2 0.3984375 0.63203125 0.0171875 0.01953125
2 0.38203125 0.63671875 0.015625 0.021875
2 0.3625 0.63984375 0.0296875 0.02890625
2 0.325 0.646875 0.03359375 0.053125
2 0.5078125 0.63984375 0.0125 0.01953125
0 0.303125 0.6671875 0.0734375 0.08359375
0 0.7421875 0.696875 0.134375 0.146875
0 0.015625 0.70625 0.028125 0.3140625