1 0.21375 0.525625 0.01625 0.14875
1 0.204375 0.51875 0.01875 0.18625
1 0.026875 0.4375 0.01875 0.0475
1 0.04625 0.4325 0.02 0.056875
1 0.118125 0.45625 0.02625 0.1
1 0.095 0.4375 0.03125 0.0725
1 0.145 0.4925 0.01625 0.13875
1 0.203125 0.5225 0.040625 0.18875
1 0.251875 0.49375 0.0225 0.15
1 0.27875 0.4925 0.03125 0.143125
1 0.299375 0.468125 0.0175 0.129375
1 0.174375 0.52375 0.025625 0.215
0 0.43125 0.46125 0.021875 0.045625
0 0.41875 0.469375 0.025625 0.0475
0 0.41125 0.47625 0.024375 0.0525
0 0.38875 0.469375 0.05 0.09
0 0.488125 0.4575 0.040625 0.056875
1 0.826875 0.44375 0.01625 0.03875
1 0.800625 0.45375 0.015 0.0525
1 0.789375 0.45375 0.021875 0.0725
0 0.7525 0.455625 0.09 0.095625
0 0.68625 0.52 0.218125 0.281875
0 0.11375 0.62 0.225625 0.55125
0 0.845 0.6475 0.3075 0.6875
0 0.450625 0.4425 0.030625 0.0275
1 0.845625 0.430625 0.025625 0.05
0 0.3775 0.476875 0.06 0.091875
0 0.344375 0.49625 0.0725 0.130625
0 0.4525 0.47875 0.049375 0.075
1 0.096875 0.43875 0.0175 0.0475
1 0.0675 0.4375 0.019375 0.054375