1 0.03625 0.554375 0.015 0.0475
1 0.799375 0.55875 0.0225 0.11
1 0.8725 0.56125 0.0325 0.12625
1 0.90375 0.563125 0.0325 0.118125
0 0.21625 0.555 0.04125 0.058125
0 0.1875 0.545625 0.021875 0.035
0 0.169375 0.550625 0.0225 0.035
0 0.400625 0.535625 0.01 0.016875
0 0.536875 0.543125 0.02125 0.045625
0 0.561875 0.5475 0.04625 0.06
0 0.94125 0.56875 0.115 0.08625
1 0.93875 0.513125 0.0125 0.025
0 0.125625 0.56875 0.078125 0.083125
0 0.165 0.56125 0.01625 0.045625
0 0.37625 0.550625 0.038125 0.055625
0 0.51125 0.539375 0.035 0.058125
0 0.445 0.56375 0.07875 0.1475