2 0.03625 0.57 0.071875 0.470625
0 0.13 0.588125 0.171875 0.17625
0 0.27625 0.543125 0.15375 0.12375
0 0.975625 0.825625 0.046875 0.341875
2 0.88 0.669375 0.23625 0.379375
0 0.76125 0.60625 0.09875 0.155625
0 0.718125 0.57875 0.063125 0.108125
0 0.694375 0.550625 0.06125 0.09875
0 0.674375 0.536875 0.0375 0.0725
0 0.66 0.533125 0.03625 0.066875
0 0.643125 0.529375 0.02375 0.041875
0 0.633125 0.5225 0.02125 0.03625
0 0.465 0.5175 0.03 0.056875
0 0.483125 0.516875 0.01875 0.045625
0 0.496875 0.5075 0.025625 0.0475
0 0.513125 0.51375 0.01125 0.02625
0 0.41 0.5275 0.094375 0.1025
0 0.585625 0.535625 0.055 0.095625
0 0.530625 0.5125 0.018125 0.019375
0 0.544375 0.514375 0.00875 0.015
0 0.563125 0.513125 0.0075 0.0125
0 0.55375 0.51625 0.01 0.015