2 0.360625 0.406875 0.055625 0.0875
0 0.335625 0.426875 0.02875 0.080625
0 0.269375 0.42875 0.125 0.16
0 0.12375 0.5125 0.246875 0.27375
0 0.420625 0.393125 0.011875 0.016875
0 0.43 0.40125 0.013125 0.025
0 0.438125 0.405 0.00875 0.031875
0 0.4475 0.40875 0.015625 0.03625
0 0.46125 0.40875 0.0225 0.044375
0 0.47125 0.420625 0.021875 0.06375
0 0.4925 0.4225 0.040625 0.070625
0 0.505 0.42875 0.0475 0.066875
1 0.575 0.40625 0.01125 0.035
0 0.55375 0.456875 0.071875 0.094375
0 0.6275 0.476875 0.13625 0.135
0 0.9775 0.6875 0.045 0.268125
0 0.840625 0.53 0.31875 0.375