0 0.355 0.448125 0.02 0.02625
0 0.348125 0.465 0.02625 0.054375
0 0.26 0.439375 0.031875 0.02625
0 0.3075 0.4725 0.075 0.105625
0 0.165 0.49625 0.0875 0.1025
2 0.405625 0.41625 0.04625 0.041875
0 0.44625 0.46875 0.028125 0.06375
0 0.40125 0.506875 0.1025 0.154375
0 0.034375 0.4775 0.068125 0.056875
0 0.769375 0.4625 0.13125 0.083125
0 0.86875 0.439375 0.05 0.02625
0 0.943125 0.4475 0.11125 0.069375
0 0.245 0.5175 0.1225 0.135
1 0.781875 0.48 0.028125 0.09875
1 0.819375 0.5025 0.028125 0.144375
1 0.56125 0.469375 0.0175 0.070625
1 0.515 0.46125 0.011875 0.0475
1 0.526875 0.46125 0.013125 0.05
1 0.538125 0.45875 0.01125 0.0475
1 0.485625 0.4625 0.006875 0.03625
1 0.489375 0.4675 0.00875 0.044375
1 0.506875 0.454375 0.00875 0.043125
1 0.50125 0.45375 0.00875 0.044375
1 0.585 0.469375 0.013125 0.06375
1 0.57375 0.468125 0.015625 0.068125
1 0.768125 0.46125 0.013125 0.056875
1 0.8425 0.49125 0.0225 0.1275
1 0.876875 0.44375 0.019375 0.070625
1 0.119375 0.46875 0.015 0.055625
1 0.11 0.47 0.0125 0.054375
1 0.061875 0.475625 0.0125 0.058125