0 0.070625 0.64125 0.14125 0.325
1 0.080625 0.491875 0.021875 0.0725
1 0.098125 0.4975 0.02125 0.054375
1 0.119375 0.49125 0.01875 0.058125
1 0.133125 0.510625 0.01875 0.068125
1 0.163125 0.5 0.01625 0.030625
1 0.15625 0.549375 0.02375 0.083125
0 0.22625 0.579375 0.153125 0.205625
2 0.325625 0.516875 0.14875 0.1725
0 0.5025 0.576875 0.0775 0.1475
2 0.560625 0.56875 0.0475 0.0975
0 0.96 0.660625 0.0775 0.3225
0 0.76875 0.65375 0.3825 0.383125
0 0.413125 0.674375 0.25375 0.35
1 0.56375 0.59125 0.01 0.054375
1 0.571875 0.593125 0.006875 0.045625
1 0.5775 0.57875 0.009375 0.058125