0 0.696875 0.35 0.015 0.0275
0 0.718125 0.351875 0.015 0.033125
0 0.856875 0.379375 0.02125 0.081875
0 0.88375 0.3825 0.019375 0.06125
0 0.905 0.374375 0.05 0.0775
0 0.666875 0.351875 0.04625 0.093125
0 0.4825 0.355625 0.02375 0.068125
0 0.440625 0.336875 0.084375 0.081875
0 0.343125 0.32625 0.084375 0.085
2 0.25125 0.318125 0.106875 0.081875
0 0.181875 0.325 0.163125 0.091875
1 0.268125 0.323125 0.034375 0.0725
0 0.095625 0.333125 0.088125 0.093125
0 0.04625 0.331875 0.0925 0.194375
0 0.9525 0.3875 0.09375 0.1975
0 0.788125 0.394375 0.15125 0.1975
0 0.573125 0.34875 0.1625 0.231875