0 0.331875 0.235625 0.015 0.016875
0 0.345625 0.23875 0.009375 0.0225
0 0.353125 0.24625 0.01 0.018125
0 0.36 0.2575 0.01375 0.0225
0 0.36375 0.266875 0.01 0.02375
0 0.619375 0.331875 0.071875 0.070625
0 0.5725 0.3275 0.02625 0.0875
0 0.449375 0.2825 0.01375 0.0275
2 0.4075 0.245 0.081875 0.1725
0 0.50125 0.32375 0.12125 0.1775
0 0.3075 0.335625 0.13 0.191875
0 0.24625 0.27 0.021875 0.0375
0 0.255625 0.24875 0.015 0.025
0 0.26625 0.2375 0.0075 0.018125
0 0.28 0.229375 0.0175 0.029375
0 0.259375 0.225625 0.013125 0.016875
0 0.245 0.230625 0.01625 0.02375
0 0.22875 0.236875 0.011875 0.02625
0 0.215625 0.250625 0.0325 0.05125
0 0.184375 0.236875 0.02125 0.02625
0 0.156875 0.251875 0.07 0.04875
0 0.1225 0.248125 0.024375 0.029375
0 0.106875 0.24 0.03125 0.05
2 0.143125 0.2075 0.096875 0.055625
0 0.056875 0.233125 0.113125 0.079375
0 0.015625 0.225 0.03125 0.018125