1 0.734375 0.4765625 0.02265625 0.1359375
0 0.50625 0.41328125 0.015625 0.0234375
0 0.5125 0.41875 0.01953125 0.02109375
0 0.521875 0.41875 0.025 0.02109375
0 0.63671875 0.49609375 0.078125 0.1109375
0 0.4015625 0.421875 0.01953125 0.028125
0 0.421875 0.4328125 0.025 0.040625
0 0.3390625 0.475 0.153125 0.11953125
0 0.5359375 0.5890625 0.23203125 0.309375
0 0.44765625 0.46640625 0.059375 0.0890625
0 0.0453125 0.575 0.08984375 0.20546875
1 0.9625 0.46328125 0.04296875 0.1859375
0 0.6390625 0.434375 0.075 0.05703125