0 0.031875 0.50625 0.063125 0.081875
2 0.15375 0.49625 0.05875 0.05125
0 0.19125 0.491875 0.01875 0.015
0 0.24 0.491875 0.02 0.016875
0 0.29125 0.4925 0.02625 0.033125
0 0.271875 0.495625 0.0375 0.03625
0 0.323125 0.49625 0.03625 0.033125
0 0.35125 0.49375 0.015 0.016875
0 0.375625 0.493125 0.015 0.0225
0 0.3925 0.4925 0.00875 0.016875
0 0.4025 0.489375 0.0125 0.015
0 0.415 0.49125 0.011875 0.0125
0 0.425 0.4925 0.01 0.015
0 0.435625 0.49125 0.009375 0.015
1 0.66125 0.518125 0.0175 0.066875
0 0.525 0.489375 0.01875 0.0125
0 0.456875 0.49875 0.0175 0.025
0 0.525 0.523125 0.0425 0.054375
0 0.569375 0.499375 0.024375 0.030625
0 0.65 0.499375 0.0175 0.02625
0 0.619375 0.50625 0.0475 0.07625
0 0.47 0.489375 0.0125 0.015
2 0.679375 0.5025 0.01875 0.02375