1 0.25875 0.495 0.015625 0.070625
1 0.875 0.43875 0.078125 0.4775
1 0.791875 0.47 0.10125 0.344375
1 0.733125 0.464375 0.07875 0.28625
1 0.939375 0.408125 0.015 0.055625
1 0.900625 0.415 0.02125 0.070625
1 0.686875 0.431875 0.015625 0.0475
1 0.67625 0.4425 0.015625 0.054375
1 0.665 0.439375 0.009375 0.04875
1 0.59875 0.46125 0.01 0.030625
0 0.29125 0.483125 0.0325 0.0375
0 0.333125 0.47375 0.0175 0.02375
0 0.346875 0.47125 0.01875 0.0275
0 0.411875 0.47 0.0275 0.035
0 0.365 0.47625 0.030625 0.033125
0 0.50375 0.505625 0.181875 0.28875