1 0.8296875 0.49375 0.071875 0.41953125
1 0.775 0.471875 0.05390625 0.33046875
1 0.734375 0.46484375 0.04765625 0.259375
1 0.684375 0.4578125 0.04765625 0.24296875
1 0.671875 0.446875 0.0171875 0.18359375
1 0.621875 0.4578125 0.03828125 0.16953125
1 0.084375 0.465625 0.0390625 0.1390625
0 0.06875 0.61640625 0.13671875 0.284375
0 0.1890625 0.50390625 0.15859375 0.18359375
0 0.325 0.4859375 0.1328125 0.24453125
0 0.4796875 0.546875 0.32265625 0.4
0 0.11484375 0.46484375 0.03515625 0.05859375
1 0.259375 0.440625 0.01484375 0.034375