0 0.068125 0.62625 0.13625 0.2025
0 0.255 0.595625 0.084375 0.079375
0 0.309375 0.585625 0.0525 0.0625
0 0.336875 0.579375 0.040625 0.06125
0 0.36125 0.579375 0.02625 0.045625
0 0.496875 0.56875 0.015625 0.029375
0 0.515625 0.568125 0.02375 0.03625
0 0.52 0.57625 0.019375 0.0475
0 0.539375 0.579375 0.035 0.058125
0 0.58625 0.589375 0.07875 0.11
0 0.83625 0.685 0.324375 0.35
0 0.385 0.569375 0.02875 0.04
0 0.400625 0.573125 0.01875 0.0275
0 0.41375 0.57 0.01875 0.029375
0 0.43 0.5675 0.0175 0.0225
0 0.483125 0.569375 0.015625 0.020625
1 0.38375 0.574375 0.00875 0.04
1 0.238125 0.53875 0.009375 0.025