0 0.405 0.504375 0.005625 0.015
0 0.424375 0.525625 0.03 0.058125
0 0.338125 0.5275 0.03375 0.054375
0 0.29 0.535 0.085 0.106875
0 0.1775 0.5775 0.1825 0.241875
0 0.043125 0.543125 0.084375 0.085
0 0.386875 0.53 0.043125 0.07375
2 0.3525 0.50125 0.04125 0.085
1 0.48375 0.536875 0.01 0.080625
1 0.4675 0.523125 0.006875 0.044375
1 0.555 0.51 0.009375 0.0525
1 0.608125 0.53625 0.0125 0.09
1 0.693125 0.52875 0.01875 0.11125
1 0.724375 0.538125 0.02375 0.135
1 0.105625 0.52375 0.0125 0.05
1 0.62125 0.530625 0.01375 0.0875
1 0.543125 0.51375 0.011875 0.031875
1 0.53375 0.51375 0.00875 0.03625
2 0.225625 0.49125 0.0425 0.0625