0 0.26875 0.5359375 0.18203125 0.1015625
0 0.20625 0.5078125 0.0546875 0.0484375
0 0.17109375 0.50546875 0.025 0.0234375
0 0.13203125 0.49765625 0.0453125 0.0390625
0 0.1546875 0.49765625 0.01875 0.03359375
0 0.54765625 0.5296875 0.025 0.046875
0 0.48984375 0.5171875 0.0109375 0.02890625
0 0.50078125 0.52578125 0.015625 0.0515625
0 0.5265625 0.54609375 0.04921875 0.065625
0 0.5203125 0.515625 0.02734375 0.03203125
0 0.46484375 0.5375 0.05859375 0.10390625
0 0.565625 0.53515625 0.015625 0.040625
0 0.58125 0.53984375 0.025 0.04453125
0 0.6359375 0.5984375 0.159375 0.16796875
0 0.66640625 0.528125 0.0265625 0.028125
1 0.684375 0.5359375 0.015625 0.04296875
1 0.7203125 0.5703125 0.0765625 0.1359375
0 0.83125 0.7625 0.3359375 0.465625
0 0.903125 0.521875 0.06953125 0.0234375
0 0.96953125 0.528125 0.05625 0.03203125