1 0.116875 0.563125 0.019375 0.085
1 0.08875 0.566875 0.02625 0.091875
0 0.163125 0.57 0.05375 0.079375
0 0.345 0.54875 0.011875 0.02375
0 0.333125 0.5675 0.0325 0.05125
0 0.295 0.5725 0.0675 0.070625
0 0.3775 0.55125 0.0575 0.085
0 0.41125 0.541875 0.015625 0.05125
0 0.433125 0.548125 0.0175 0.035
0 0.480625 0.53625 0.015 0.030625
0 0.515625 0.5325 0.02125 0.041875
0 0.550625 0.53 0.0225 0.041875
0 0.575 0.535 0.0475 0.065
0 0.649375 0.524375 0.040625 0.0725
0 0.650625 0.545 0.025 0.054375
0 0.69375 0.54125 0.07375 0.091875
0 0.731875 0.558125 0.086875 0.093125
0 0.829375 0.570625 0.16875 0.204375
0 0.863125 0.614375 0.10125 0.229375
0 0.2 0.58625 0.111875 0.130625
0 0.46 0.543125 0.034375 0.04875
0 0.50375 0.544375 0.04 0.06125