0 0.549375 0.431875 0.02375 0.016875
0 0.57 0.435 0.0225 0.019375
0 0.5525 0.4525 0.05375 0.044375
0 0.5875 0.4475 0.028125 0.035
0 0.596875 0.45875 0.034375 0.043125
0 0.63 0.4875 0.068125 0.0975
0 0.810625 0.4525 0.085 0.0725
0 0.849375 0.449375 0.0875 0.083125
0 0.88 0.47 0.0875 0.104375
0 0.905 0.470625 0.08875 0.11
0 0.443125 0.45375 0.015625 0.02625
0 0.424375 0.45 0.0225 0.033125
0 0.405625 0.45 0.019375 0.0225
0 0.39125 0.451875 0.0225 0.033125
0 0.36625 0.4475 0.030625 0.02375
0 0.33625 0.460625 0.03625 0.04
0 0.259375 0.46375 0.0275 0.029375
0 0.22875 0.476875 0.059375 0.055625
1 0.079375 0.48875 0.01625 0.055625
1 0.793125 0.489375 0.03125 0.095625
0 0.3575 0.548125 0.1625 0.169375
2 0.523125 0.425625 0.01875 0.0775
2 0.48 0.425625 0.068125 0.16125
0 0.549375 0.556875 0.1325 0.183125
0 0.664375 0.516875 0.08875 0.131875