1 0.12 0.5125 0.03 0.131875
1 0.2075 0.508125 0.025 0.1025
1 0.23625 0.495625 0.02875 0.144375
1 0.42375 0.479375 0.019375 0.0875
1 0.365 0.488125 0.0125 0.079375
1 0.338125 0.48875 0.013125 0.080625
1 0.71875 0.449375 0.018125 0.08875
1 0.6725 0.456875 0.0125 0.07375
1 0.700625 0.455625 0.01 0.075
1 0.05 0.5175 0.0275 0.119375
1 0.258125 0.4975 0.02125 0.12625
1 0.393125 0.48375 0.0125 0.069375
1 0.34875 0.491875 0.009375 0.0775
1 0.644375 0.458125 0.011875 0.08875
1 0.68875 0.454375 0.00875 0.07375
1 0.775625 0.44625 0.0125 0.065
1 0.380625 0.48125 0.01375 0.069375
0 0.1675 0.524375 0.034375 0.065
0 0.580625 0.47 0.12625 0.25125
0 0.29125 0.511875 0.030625 0.03875