1 0.853125 0.53125 0.0296875 0.11953125
1 0.675 0.5078125 0.0109375 0.0234375
1 0.66640625 0.521875 0.01328125 0.053125
1 0.653125 0.52265625 0.01328125 0.0515625
1 0.1234375 0.55 0.01640625 0.065625
1 0.13125 0.546875 0.01640625 0.0625
1 0.1015625 0.57578125 0.01796875 0.1015625
1 0.3609375 0.5375 0.00703125 0.04609375
1 0.36796875 0.53125 0.01171875 0.05390625
1 0.45234375 0.534375 0.01484375 0.04609375
0 0.5359375 0.534375 0.03515625 0.0515625
2 0.596875 0.503125 0.0453125 0.084375
0 0.590625 0.540625 0.04765625 0.071875
0 0.3953125 0.5484375 0.03984375 0.04609375
0 0.1609375 0.59609375 0.140625 0.14609375
0 0.275 0.609375 0.20078125 0.23046875
1 0.4359375 0.54296875 0.01015625 0.034375