1 0.13 0.485 0.06625 0.32375
1 0.095 0.460625 0.02625 0.18625
1 0.07875 0.494375 0.045 0.25
0 0.444375 0.455625 0.086875 0.133125
0 0.988125 0.510625 0.02125 0.115
0 0.64375 0.4975 0.038125 0.05125
0 0.5225 0.485 0.0075 0.020625
0 0.511875 0.4875 0.01375 0.030625
0 0.50375 0.495 0.01 0.0375
0 0.493125 0.486875 0.015 0.058125
0 0.48875 0.48875 0.011875 0.05
0 0.586875 0.498125 0.0175 0.0225
0 0.61125 0.504375 0.019375 0.030625
0 0.563125 0.499375 0.02125 0.029375
0 0.5325 0.499375 0.0175 0.025
0 0.545 0.49125 0.01 0.016875
0 0.55375 0.4975 0.006875 0.020625
0 0.743125 0.49875 0.059375 0.054375
0 0.699375 0.5 0.034375 0.0525