0 0.57 0.411875 0.0075 0.016875
0 0.578125 0.41375 0.0125 0.020625
0 0.586875 0.42 0.01375 0.020625
0 0.615 0.44125 0.01625 0.025
0 0.48375 0.43 0.01375 0.018125
0 0.434375 0.45125 0.024375 0.045625
0 0.404375 0.454375 0.0375 0.0475
0 0.5475 0.42125 0.009375 0.018125
0 0.556875 0.424375 0.009375 0.016875
0 0.555625 0.430625 0.011875 0.020625
1 0.50125 0.425625 0.0075 0.0225
1 0.474375 0.42625 0.006875 0.020625
1 0.469375 0.42875 0.0075 0.025
1 0.35 0.458125 0.0075 0.03875
1 0.63375 0.4475 0.01375 0.045625
0 0.523125 0.411875 0.0125 0.016875
1 0.596875 0.42 0.0075 0.025
1 0.64625 0.451875 0.011875 0.043125