1 0.6075 0.333125 0.030625 0.118125
1 0.555625 0.339375 0.015625 0.068125
1 0.445625 0.3325 0.006875 0.02625
1 0.23875 0.286875 0.018125 0.016875
1 0.21625 0.28625 0.01625 0.020625
1 0.200625 0.288125 0.019375 0.031875
1 0.1775 0.286875 0.01 0.01375
1 0.005 0.28375 0.009375 0.09
0 0.438125 0.3225 0.011875 0.0225
0 0.4275 0.32375 0.013125 0.019375
0 0.415625 0.323125 0.01125 0.020625
0 0.40125 0.319375 0.01875 0.035
0 0.3975 0.326875 0.018125 0.041875
0 0.38625 0.33 0.015625 0.044375
0 0.375 0.33125 0.0225 0.0475
0 0.368125 0.331875 0.02875 0.0625
0 0.356875 0.33625 0.02875 0.065
0 0.3325 0.34125 0.036875 0.085
0 0.29125 0.339375 0.0875 0.11375
0 0.25375 0.36 0.100625 0.135
0 0.13375 0.3775 0.2 0.18625
0 0.449375 0.32625 0.011875 0.019375
0 0.465625 0.32625 0.01 0.019375