1 0.6234375 0.51640625 0.071875 0.21796875
1 0.66953125 0.503125 0.05859375 0.17890625
1 0.6234375 0.5078125 0.02109375 0.134375
1 0.5015625 0.50859375 0.0515625 0.140625
0 0.0140625 0.59375 0.02734375 0.1515625
2 0.0296875 0.5078125 0.05859375 0.14609375
0 0.11484375 0.5453125 0.12890625 0.10546875
0 0.275 0.52109375 0.125 0.1609375
0 0.16953125 0.53984375 0.03125 0.0640625
0 0.19296875 0.53046875 0.05234375 0.071875
0 0.334375 0.496875 0.04609375 0.09296875
0 0.3765625 0.521875 0.03828125 0.0609375