0 0.4825 0.4725 0.018125 0.018125
0 0.46 0.476875 0.0325 0.031875
0 0.449375 0.49875 0.028125 0.05125
0 0.4325 0.50125 0.034375 0.054375
0 0.408125 0.506875 0.045 0.069375
0 0.3775 0.513125 0.053125 0.080625
0 0.31125 0.523125 0.11125 0.12375
0 0.18125 0.5725 0.17875 0.1725
0 0.5275 0.48625 0.034375 0.031875
0 0.558125 0.489375 0.030625 0.043125
0 0.485625 0.505625 0.056875 0.0725
1 0.26375 0.50375 0.01875 0.0725
1 0.63875 0.495625 0.0125 0.07375
1 0.6525 0.499375 0.01875 0.093125
0 0.05 0.5825 0.09875 0.2475
0 0.7075 0.47875 0.035 0.04
0 0.72625 0.47875 0.040625 0.03625