0 0.171875 0.43203125 0.01796875 0.0265625
0 0.30390625 0.44453125 0.0203125 0.04140625
0 0.51640625 0.46640625 0.11171875 0.103125
0 0.1921875 0.43671875 0.01640625 0.01953125
1 0.44453125 0.43125 0.0078125 0.0265625
1 0.453125 0.4359375 0.009375 0.021875
1 0.553125 0.4265625 0.0109375 0.04140625
1 0.5625 0.4265625 0.009375 0.04140625
1 0.56953125 0.4296875 0.009375 0.04296875
1 0.64453125 0.44453125 0.0125 0.09140625
1 0.6203125 0.4515625 0.009375 0.071875
0 0.3796875 0.471875 0.1640625 0.17890625
1 0.58046875 0.43828125 0.0125 0.071875
1 0.60390625 0.471875 0.0453125 0.17890625
0 0.7171875 0.47421875 0.07265625 0.26640625
0 0.9734375 0.48046875 0.0453125 0.2984375
0 0.2796875 0.446875 0.034375 0.0515625