0 0.82578125 0.5171875 0.175 0.1390625
2 0.8640625 0.459375 0.26875 0.23046875
0 0.0234375 0.44921875 0.0453125 0.07109375
2 0.196875 0.4109375 0.07265625 0.0515625
0 0.2203125 0.43359375 0.0359375 0.034375
0 0.2640625 0.41640625 0.0375 0.034375
0 0.271875 0.42421875 0.0328125 0.0375
0 0.29453125 0.4140625 0.0171875 0.02109375
0 0.359375 0.40390625 0.01015625 0.0140625
0 0.3703125 0.40390625 0.009375 0.01640625
0 0.38203125 0.403125 0.01015625 0.0125
0 0.3921875 0.40390625 0.0078125 0.0140625
0 0.4015625 0.40234375 0.0078125 0.0140625
0 0.4359375 0.40703125 0.01953125 0.01640625
0 0.44609375 0.43828125 0.040625 0.05546875
0 0.45625 0.40625 0.00703125 0.015625
0 0.4609375 0.4109375 0.0109375 0.025
0 0.4703125 0.4171875 0.01796875 0.028125
0 0.5078125 0.41875 0.01015625 0.03046875
0 0.54453125 0.421875 0.02109375 0.025
0 0.575 0.43984375 0.0375 0.05703125
0 0.3296875 0.4046875 0.01484375 0.01796875
0 0.35 0.40859375 0.0140625 0.01796875
0 0.4359375 0.46796875 0.0765625 0.0984375
0 0.490625 0.42578125 0.02890625 0.04453125
0 0.56015625 0.4609375 0.0625 0.0765625
0 0.40859375 0.4015625 0.00703125 0.0125
0 0.4140625 0.4015625 0.0078125 0.00546875
0 0.5234375 0.4125 0.0171875 0.02890625