0 0.825625 0.5175 0.175 0.13875
2 0.86375 0.45875 0.26875 0.230625
0 0.023125 0.449375 0.045 0.070625
2 0.19625 0.41125 0.0725 0.05125
0 0.22 0.433125 0.03625 0.035
0 0.26375 0.416875 0.0375 0.035
0 0.2725 0.424375 0.0325 0.0375
0 0.294375 0.41375 0.0175 0.020625
0 0.36 0.404375 0.01 0.01375
0 0.37 0.404375 0.009375 0.016875
0 0.381875 0.40375 0.01 0.0125
0 0.391875 0.404375 0.0075 0.01375
0 0.40125 0.401875 0.0075 0.01375
0 0.435625 0.406875 0.019375 0.016875
0 0.44625 0.438125 0.040625 0.055625
0 0.456875 0.40625 0.006875 0.015
0 0.46125 0.41125 0.01125 0.025
0 0.47 0.4175 0.018125 0.0275
0 0.5075 0.41875 0.01 0.030625
0 0.544375 0.42125 0.02125 0.025
0 0.575 0.439375 0.0375 0.056875
0 0.33 0.405 0.015 0.018125
0 0.350625 0.408125 0.01375 0.018125
0 0.435625 0.468125 0.07625 0.09875
0 0.49125 0.425625 0.02875 0.044375
0 0.56 0.46125 0.0625 0.07625
0 0.40875 0.40125 0.006875 0.0125
0 0.414375 0.40125 0.0075 0.005625
0 0.52375 0.4125 0.0175 0.029375