0 0.411875 0.48375 0.0225 0.0475
1 0.390625 0.49 0.01 0.04875
1 0.396875 0.489375 0.00875 0.045625
0 0.385 0.494375 0.0175 0.03875
0 0.375 0.49625 0.01625 0.044375
0 0.361875 0.5 0.02125 0.0475
0 0.340625 0.50375 0.04125 0.066875
0 0.298125 0.51375 0.0775 0.091875
0 0.27875 0.5325 0.0625 0.093125
0 0.233125 0.5425 0.093125 0.129375
0 0.441875 0.48625 0.01 0.029375
0 0.449375 0.495625 0.01 0.0225
0 0.4575 0.49625 0.015625 0.030625
0 0.4675 0.495625 0.019375 0.03875
0 0.471875 0.500625 0.01375 0.03625
0 0.47625 0.504375 0.01375 0.03625
0 0.48375 0.50375 0.015 0.05
0 0.506875 0.505625 0.049375 0.080625
0 0.524375 0.52 0.0525 0.07625
0 0.595 0.543125 0.111875 0.141875
0 0.6675 0.585 0.145 0.195625
0 0.840625 0.595 0.315625 0.44875
0 0.11125 0.56125 0.2225 0.241875
0 0.025625 0.669375 0.049375 0.185