1 0.33625 0.430625 0.015 0.0225
1 0.319375 0.43 0.01125 0.020625
1 0.68 0.45125 0.01625 0.0475
1 0.7 0.46375 0.015625 0.0225
1 0.488125 0.468125 0.015 0.069375
1 0.571875 0.451875 0.00875 0.030625
1 0.62875 0.473125 0.009375 0.058125
1 0.64 0.479375 0.01875 0.0475
0 0.125625 0.475625 0.25125 0.275
0 0.29875 0.473125 0.100625 0.118125
0 0.35625 0.475625 0.05375 0.068125
0 0.456875 0.464375 0.044375 0.04875
0 0.42875 0.45875 0.0275 0.035
0 0.886875 0.52 0.224375 0.658125
0 0.54625 0.45875 0.02 0.02375
0 0.53625 0.455625 0.015625 0.02375
0 0.51125 0.45875 0.02 0.02375
2 0.44125 0.43125 0.028125 0.02375
2 0.46 0.433125 0.011875 0.01375