1 0.65125 0.46125 0.025 0.069375
1 0.67375 0.46125 0.0275 0.069375
1 0.62125 0.44375 0.024375 0.104375
1 0.218125 0.464375 0.02 0.0625
1 0.198125 0.464375 0.02375 0.07625
2 0.104375 0.441875 0.06625 0.11375
0 0.48125 0.524375 0.281875 0.4875
0 0.350625 0.469375 0.015 0.044375
0 0.333125 0.465 0.0275 0.056875
0 0.313125 0.455 0.02875 0.0475
0 0.291875 0.458125 0.01125 0.033125
0 0.285 0.46125 0.013125 0.0275
0 0.274375 0.45875 0.0125 0.02375
0 0.265625 0.4575 0.01875 0.0275
0 0.250625 0.46375 0.009375 0.019375
0 0.24 0.465 0.01125 0.019375
0 0.144375 0.46375 0.0175 0.05
2 0.17875 0.444375 0.031875 0.075