1 0.0225 0.60875 0.03125 0.108125
1 0.01 0.583125 0.018125 0.135
1 0.30375 0.61 0.018125 0.094375
1 0.335625 0.599375 0.01375 0.05125
0 0.639375 0.6225 0.025 0.05125
0 0.62875 0.6275 0.02 0.044375
0 0.619375 0.636875 0.025 0.06375
0 0.585 0.62875 0.055625 0.094375
0 0.4825 0.635 0.044375 0.068125
0 0.5275 0.645625 0.08125 0.106875
0 0.39375 0.63 0.125625 0.130625
0 0.668125 0.635 0.036875 0.045625
0 0.74125 0.6425 0.02 0.0275
1 0.796875 0.63875 0.00625 0.020625
1 0.79 0.64125 0.005 0.016875
0 0.82375 0.66125 0.081875 0.0525
0 0.763125 0.65375 0.03 0.05125
0 0.944375 0.668125 0.05 0.054375