0 0.465 0.51625 0.013125 0.02375
0 0.4775 0.513125 0.01125 0.019375
0 0.49 0.519375 0.01625 0.0225
0 0.51 0.518125 0.018125 0.019375
0 0.24875 0.5 0.05625 0.06125
0 0.2225 0.48375 0.02375 0.029375
0 0.163125 0.47875 0.050625 0.03625
0 0.181875 0.50375 0.078125 0.068125
0 0.035625 0.50625 0.069375 0.10125
0 0.0775 0.51125 0.13875 0.10125
0 0.395 0.508125 0.0425 0.0725
0 0.436875 0.529375 0.05625 0.080625
0 0.319375 0.514375 0.09875 0.129375
1 0.82 0.558125 0.040625 0.181875
1 0.855625 0.556875 0.040625 0.18875
1 0.53375 0.523125 0.0075 0.03875
1 0.52375 0.529375 0.013125 0.055625
0 0.88875 0.56 0.2025 0.120625