1 0.5075 0.470625 0.0425 0.116875
1 0.063125 0.470625 0.01875 0.0375
1 0.02 0.48 0.02625 0.07625
1 0.519375 0.4675 0.040625 0.105625
1 0.68 0.414375 0.019375 0.045625
1 0.66375 0.42 0.019375 0.05125
0 0.3625 0.48375 0.028125 0.055625
0 0.341875 0.485625 0.021875 0.054375
0 0.30875 0.479375 0.055 0.05
0 0.45125 0.470625 0.009375 0.025
0 0.445 0.475 0.015 0.041875
0 0.435625 0.47375 0.0175 0.05125
0 0.47375 0.4775 0.044375 0.06
0 0.54125 0.473125 0.04 0.054375
2 0.405625 0.464375 0.063125 0.1125
0 0.180625 0.541875 0.35 0.191875
0 0.7575 0.454375 0.23875 0.183125