0 0.59625 0.465 0.01125 0.016875
0 0.5825 0.468125 0.025 0.033125
0 0.535 0.479375 0.07 0.091875
0 0.494375 0.47 0.0225 0.033125
0 0.48 0.47 0.01125 0.020625
1 0.466875 0.463125 0.0225 0.10125
0 0.60625 0.454375 0.006875 0.04
0 0.6775 0.488125 0.10875 0.1475
1 0.7775 0.464375 0.01375 0.065
0 0.814375 0.473125 0.056875 0.075
0 0.4325 0.479375 0.025 0.041875
0 0.448125 0.479375 0.00875 0.02625
0 0.41375 0.47375 0.018125 0.041875
0 0.38375 0.48125 0.055 0.06375
0 0.275 0.49 0.05125 0.04875
0 0.236875 0.4925 0.03625 0.055625
0 0.123125 0.518125 0.23375 0.168125
2 0.9275 0.314375 0.1425 0.2225
0 0.89875 0.561875 0.200625 0.529375