1 0.1890625 0.5609375 0.05078125 0.171875
0 0.4234375 0.51796875 0.0171875 0.025
0 0.40625 0.5265625 0.015625 0.021875
0 0.4609375 0.5078125 0.0109375 0.01953125
0 0.4453125 0.50546875 0.0125 0.01953125
0 0.4984375 0.5265625 0.04609375 0.046875
0 0.5546875 0.53125 0.06171875 0.06640625
0 0.61171875 0.5296875 0.05625 0.065625
0 0.66640625 0.540625 0.07265625 0.09453125
0 0.7484375 0.5359375 0.12734375 0.1625
2 0.2125 0.50390625 0.19296875 0.29140625
0 0.0703125 0.6109375 0.1390625 0.221875
0 0.3625 0.515625 0.0359375 0.040625
0 0.83828125 0.48671875 0.02734375 0.1390625