0 0.351875 0.689375 0.01875 0.0275
0 0.335 0.69125 0.02 0.0375
0 0.32 0.6975 0.02125 0.05125
0 0.251875 0.715 0.0525 0.083125
0 0.203125 0.711875 0.093125 0.12375
0 0.130625 0.73375 0.1475 0.154375
0 0.431875 0.680625 0.011875 0.016875
0 0.399375 0.68125 0.01625 0.019375
0 0.37625 0.679375 0.0225 0.020625
0 0.53 0.693125 0.040625 0.0525
0 0.581875 0.68875 0.04375 0.056875
0 0.66875 0.681875 0.074375 0.068125
0 0.9075 0.63375 0.0275 0.06125
0 0.480625 0.673125 0.00875 0.0375
0 0.936875 0.620625 0.02125 0.025
2 0.855 0.6375 0.090625 0.1725
2 0.27875 0.6725 0.068125 0.131875