0 0.4675 0.458125 0.0875 0.141875
0 0.25375 0.481875 0.169375 0.204375
0 0.06125 0.4875 0.1225 0.16125
0 0.329375 0.444375 0.03125 0.04875
0 0.38625 0.443125 0.011875 0.016875
0 0.401875 0.443125 0.011875 0.02375
0 0.418125 0.449375 0.031875 0.055625
0 0.50875 0.44625 0.0175 0.055625
0 0.545 0.438125 0.0225 0.06375
0 0.64375 0.44875 0.049375 0.069375
0 0.53625 0.426875 0.015 0.031875
2 0.58375 0.423125 0.065625 0.130625
0 0.671875 0.4275 0.015625 0.029375
0 0.523125 0.43 0.018125 0.030625
0 0.354375 0.44625 0.021875 0.018125
1 0.605625 0.44375 0.019375 0.081875