2 0.3890625 0.56015625 0.06953125 0.12109375
2 0.5203125 0.55546875 0.0203125 0.04140625
0 0.503125 0.55 0.009375 0.02109375
0 0.51484375 0.571875 0.015625 0.021875
0 0.48203125 0.546875 0.0296875 0.025
0 0.478125 0.54609375 0.01328125 0.01796875
0 0.4984375 0.571875 0.0171875 0.03359375
0 0.5421875 0.55 0.0125 0.009375
0 0.55546875 0.571875 0.01875 0.05
0 0.56796875 0.57578125 0.03125 0.05703125
0 0.57421875 0.58359375 0.03125 0.0640625
0 0.59375 0.5828125 0.0453125 0.09296875
0 0.6171875 0.58359375 0.0375 0.12890625
0 0.690625 0.56328125 0.1484375 0.24296875
0 0.81484375 0.61796875 0.2890625 0.334375
1 0.9875 0.52109375 0.02265625 0.071875
0 0.90859375 0.7390625 0.1796875 0.41640625
0 0.53984375 0.565625 0.01875 0.03046875
0 0.484375 0.58125 0.03203125 0.0515625
0 0.45 0.58203125 0.05390625 0.090625
0 0.22265625 0.63515625 0.3578125 0.40859375
0 0.00390625 0.7140625 0.0078125 0.09140625