2 0.38875 0.560625 0.069375 0.120625
2 0.52 0.555625 0.02 0.041875
0 0.50375 0.55 0.009375 0.020625
0 0.515 0.57125 0.015625 0.0225
0 0.481875 0.54625 0.03 0.025
0 0.47875 0.545625 0.013125 0.018125
0 0.49875 0.57125 0.0175 0.033125
0 0.5425 0.55 0.0125 0.01
0 0.555625 0.5725 0.01875 0.05
0 0.568125 0.575625 0.03125 0.056875
0 0.574375 0.583125 0.03125 0.06375
0 0.593125 0.5825 0.045 0.093125
0 0.6175 0.583125 0.0375 0.129375
0 0.690625 0.563125 0.14875 0.243125
0 0.815 0.618125 0.28875 0.335
1 0.986875 0.520625 0.0225 0.0725
0 0.90875 0.73875 0.18 0.416875
0 0.54 0.565 0.01875 0.030625
0 0.484375 0.58125 0.031875 0.05125
0 0.45 0.581875 0.05375 0.09
0 0.2225 0.635625 0.3575 0.408125
0 0.00375 0.71375 0.0075 0.091875