0 0.691875 0.511875 0.00875 0.0125
0 0.681875 0.513125 0.00875 0.0125
0 0.693125 0.533125 0.0125 0.019375
2 0.67625 0.53125 0.01625 0.02375
0 0.66125 0.53875 0.019375 0.016875
0 0.64625 0.5425 0.013125 0.0125
0 0.6375 0.550625 0.00875 0.018125
0 0.663125 0.556875 0.01625 0.030625
0 0.64875 0.55875 0.018125 0.029375
0 0.681875 0.56125 0.03125 0.05
0 0.706875 0.539375 0.011875 0.02625
0 0.594375 0.551875 0.01875 0.0125
0 0.575625 0.56625 0.02 0.0375
0 0.55375 0.57125 0.0225 0.04
1 0.7025 0.575625 0.0125 0.070625
1 0.71875 0.52625 0.005625 0.0225
1 0.72625 0.5475 0.005625 0.030625
1 0.735625 0.570625 0.0075 0.031875
1 0.72 0.54875 0.005625 0.019375
1 0.743125 0.5525 0.006875 0.0275
1 0.724375 0.56875 0.009375 0.03625
1 0.7975 0.56625 0.01625 0.0725
1 0.975625 0.605625 0.0175 0.0975
1 0.955 0.59375 0.02 0.1375
1 0.92125 0.58875 0.03125 0.141875
0 0.60625 0.581875 0.05125 0.058125
0 0.519375 0.5725 0.068125 0.091875
0 0.40375 0.604375 0.16 0.18875