0 0.869375 0.418125 0.125625 0.09
0 0.856875 0.40375 0.17625 0.14
0 0.44 0.463125 0.03 0.04875
0 0.5025 0.4625 0.035 0.044375
0 0.338125 0.47375 0.038125 0.07375
1 0.388125 0.49 0.061875 0.265
1 0.66375 0.495 0.063125 0.2525
1 0.744375 0.4675 0.05375 0.244375
1 0.87 0.468125 0.07625 0.3125
1 0.94625 0.47625 0.07125 0.305625
1 0.025625 0.513125 0.0225 0.08625
1 0.2975 0.468125 0.0175 0.056875
1 0.27375 0.474375 0.015 0.06
1 0.605625 0.48625 0.053125 0.26
1 0.623125 0.48 0.044375 0.2225
1 0.571875 0.46375 0.0375 0.220625
1 0.894375 0.451875 0.063125 0.28625
1 0.094375 0.5025 0.0275 0.104375
1 0.7075 0.436875 0.01875 0.094375
1 0.71625 0.40375 0.015 0.030625
1 0.224375 0.4925 0.034375 0.095625
0 0.4825 0.45625 0.01125 0.0225
0 0.455625 0.456875 0.01 0.020625