0 0.473125 0.6875 0.0075 0.0225
0 0.479375 0.68625 0.011875 0.025
0 0.463125 0.6925 0.009375 0.020625
0 0.469375 0.705 0.0125 0.020625
0 0.365 0.691875 0.019375 0.035
0 0.38625 0.694375 0.0325 0.041875
0 0.565 0.7175 0.019375 0.054375
0 0.595625 0.713125 0.056875 0.0875
0 0.658125 0.74 0.09125 0.1
0 0.496875 0.713125 0.044375 0.0625
0 0.4325 0.708125 0.06125 0.0975
2 0.43 0.636875 0.05625 0.075
0 0.076875 0.756875 0.1525 0.16375
0 0.30375 0.70625 0.0375 0.035
1 0.74625 0.74625 0.035 0.120625
1 0.865625 0.710625 0.028125 0.118125
1 0.94 0.804375 0.04 0.20125
0 0.9775 0.9275 0.043125 0.1375
0 0.185 0.71375 0.043125 0.06