1 0.2975 0.425625 0.011875 0.043125
1 0.2275 0.435 0.0175 0.058125
1 0.19625 0.435 0.01875 0.069375
1 0.19 0.435 0.01625 0.069375
1 0.899375 0.455625 0.01625 0.0775
1 0.594375 0.443125 0.01 0.041875
1 0.624375 0.43625 0.0075 0.0225
0 0.155625 0.433125 0.055625 0.14
0 0.395625 0.43875 0.0125 0.029375
0 0.443125 0.438125 0.02375 0.035
0 0.468125 0.443125 0.011875 0.020625
0 0.4575 0.443125 0.0075 0.025
0 0.4775 0.44125 0.011875 0.025
0 0.386875 0.438125 0.0125 0.030625
0 0.3775 0.44 0.011875 0.035
0 0.56875 0.45375 0.011875 0.020625
0 0.5225 0.44625 0.009375 0.0225
0 0.5175 0.44875 0.0075 0.019375
0 0.555625 0.45375 0.019375 0.020625
0 0.66875 0.45375 0.050625 0.041875
0 0.72625 0.4575 0.081875 0.058125
0 0.839375 0.45875 0.115 0.07625
0 0.333125 0.463125 0.100625 0.11375
0 0.416875 0.4425 0.038125 0.05125
0 0.491875 0.44 0.024375 0.043125
0 0.53375 0.445625 0.0175 0.033125
0 0.08375 0.48625 0.1675 0.395625