0 0.58 0.518125 0.006875 0.004375
0 0.4825 0.504375 0.019375 0.016875
0 0.45 0.50375 0.0125 0.018125
0 0.44125 0.49625 0.0075 0.019375
0 0.430625 0.495625 0.0175 0.0275
0 0.38125 0.488125 0.028125 0.020625
0 0.35875 0.48875 0.053125 0.031875
0 0.33 0.48375 0.038125 0.0375
0 0.29125 0.46 0.038125 0.019375
0 0.3125 0.48375 0.0325 0.031875
0 0.293125 0.48 0.03625 0.0375
0 0.271875 0.479375 0.043125 0.045625
0 0.244375 0.475625 0.053125 0.045625
0 0.2225 0.47875 0.05125 0.056875
0 0.193125 0.474375 0.06375 0.06125
0 0.169375 0.47375 0.0725 0.0625
0 0.116875 0.47 0.07 0.06375
0 0.0375 0.45875 0.075 0.08875
0 0.8825 0.46625 0.10875 0.02625
0 0.46375 0.50375 0.0175 0.025
0 0.511875 0.50375 0.02 0.025
0 0.553125 0.513125 0.0125 0.015
2 0.534375 0.5075 0.011875 0.02625
0 0.405625 0.494375 0.03125 0.03625
1 0.180625 0.47375 0.01875 0.0875
0 0.600625 0.5125 0.015625 0.018125