0 0.479375 0.40875 0.01125 0.01375
0 0.4875 0.410625 0.01125 0.016875
0 0.479375 0.42375 0.01125 0.019375
0 0.465625 0.423125 0.01875 0.031875
0 0.428125 0.416875 0.015 0.02375
0 0.41375 0.411875 0.01625 0.02375
0 0.398125 0.418125 0.018125 0.0225
0 0.36625 0.408125 0.0275 0.02625
0 0.359375 0.41375 0.01125 0.019375
0 0.368125 0.42125 0.015 0.02375
0 0.440625 0.43 0.03125 0.041875
0 0.525 0.443125 0.050625 0.081875
0 0.585 0.4375 0.0125 0.02625
0 0.55125 0.42875 0.009375 0.029375
0 0.599375 0.44125 0.0275 0.03875
0 0.3425 0.410625 0.02875 0.041875
0 0.313125 0.40875 0.018125 0.01375
0 0.2875 0.40875 0.018125 0.019375
0 0.22875 0.39875 0.025625 0.03625
0 0.24875 0.415 0.03 0.03625
0 0.268125 0.42 0.045 0.041875
0 0.14625 0.411875 0.024375 0.043125
0 0.028125 0.4125 0.055 0.065
0 0.9675 0.519375 0.061875 0.070625
1 0.631875 0.441875 0.0075 0.06125
1 0.624375 0.444375 0.009375 0.06125
1 0.616875 0.443125 0.0075 0.058125
1 0.750625 0.45125 0.021875 0.070625