1 0.59875 0.50125 0.018125 0.030625
1 0.56625 0.504375 0.015625 0.045625
1 0.51375 0.5125 0.01375 0.056875
0 0.100625 0.45625 0.01 0.0125
0 0.08 0.46875 0.02875 0.04
0 0.14875 0.465 0.01125 0.016875
0 0.15625 0.47 0.00625 0.0225
0 0.128125 0.4575 0.031875 0.018125
0 0.16375 0.4675 0.01 0.0225
0 0.17375 0.4675 0.01625 0.0225
0 0.18625 0.47 0.011875 0.0225
0 0.19875 0.470625 0.0125 0.02375
0 0.591875 0.539375 0.10625 0.070625
0 0.0425 0.463125 0.055 0.080625
0 0.12125 0.495625 0.078125 0.070625
0 0.27625 0.569375 0.245 0.243125
2 0.72375 0.506875 0.165 0.144375
0 0.97875 0.545625 0.04125 0.0625
0 0.92 0.545625 0.025 0.054375