1 0.02375 0.57125 0.035 0.065
0 0.7825 0.599375 0.055 0.06
0 0.64625 0.5975 0.0825 0.085
0 0.50875 0.585625 0.01125 0.015
0 0.49 0.593125 0.006875 0.016875
0 0.5 0.59875 0.01875 0.0275
0 0.5275 0.600625 0.040625 0.065
2 0.468125 0.576875 0.0425 0.0875
0 0.359375 0.61125 0.05875 0.079375
1 0.299375 0.59 0.013125 0.04875
2 0.4025 0.66875 0.128125 0.169375
0 0.1725 0.7325 0.344375 0.279375
0 0.84875 0.665 0.30125 0.315
0 0.61625 0.676875 0.17375 0.18875
1 0.0075 0.5825 0.015 0.07
1 0.269375 0.593125 0.015625 0.065