1 0.271875 0.441875 0.013125 0.058125
1 0.25 0.438125 0.0125 0.055625
1 0.28375 0.44125 0.00875 0.0475
1 0.230625 0.450625 0.009375 0.041875
0 0.085 0.49375 0.169375 0.155625
0 0.48 0.46625 0.084375 0.130625
0 0.374375 0.423125 0.043125 0.055625
2 0.8925 0.46875 0.21375 0.441875
0 0.753125 0.454375 0.1275 0.19
2 0.669375 0.376875 0.14875 0.230625
0 0.438125 0.426875 0.028125 0.033125
0 0.40375 0.419375 0.02 0.041875
0 0.42125 0.42 0.011875 0.029375
2 0.550625 0.410625 0.02375 0.05125
0 0.5325 0.4175 0.0125 0.030625