0 0.83625 0.658125 0.32625 0.391875
0 0.611875 0.593125 0.11125 0.19
0 0.5425 0.594375 0.025 0.058125
0 0.448125 0.623125 0.01 0.035
0 0.386875 0.614375 0.0275 0.0375
0 0.37375 0.62375 0.0175 0.0375
0 0.36375 0.62375 0.015625 0.0375
0 0.325 0.62 0.0725 0.095625
1 0.20375 0.63625 0.015 0.0725
1 0.15625 0.644375 0.019375 0.093125
1 0.14 0.63875 0.0175 0.105625
0 0.421875 0.615 0.0425 0.0725
0 0.49375 0.610625 0.08625 0.16125
0 0.155 0.6425 0.075 0.070625
0 0.1 0.645625 0.113125 0.0775
0 0.0375 0.625625 0.061875 0.041875
0 0.02375 0.6525 0.0475 0.06375