0 0.46875 0.62375 0.0225 0.029375
0 0.493125 0.636875 0.02875 0.04
0 0.408125 0.63125 0.0175 0.020625
0 0.3925 0.63875 0.030625 0.045625
0 0.361875 0.660625 0.0625 0.085
0 0.438125 0.6225 0.034375 0.015
0 0.439375 0.630625 0.050625 0.025
0 0.535625 0.64 0.0225 0.044375
0 0.545 0.645625 0.018125 0.05
0 0.7025 0.658125 0.093125 0.115
0 0.050625 0.760625 0.099375 0.1875
0 0.206875 0.748125 0.2375 0.304375
0 0.443125 0.739375 0.1325 0.205625
0 0.6025 0.67625 0.115 0.1725
0 0.82375 0.67 0.15875 0.185
1 0.914375 0.616875 0.025625 0.15
1 0.944375 0.62875 0.03125 0.15