1 0.57375 0.595625 0.01625 0.12625
1 0.5425 0.5625 0.015 0.066875
0 0.45375 0.53375 0.01125 0.008125
0 0.459375 0.53875 0.006875 0.0125
0 0.465 0.538125 0.009375 0.01125
0 0.471875 0.544375 0.006875 0.015
0 0.47875 0.54875 0.011875 0.015
0 0.488125 0.554375 0.01625 0.025
0 0.45375 0.55 0.006875 0.015
0 0.44 0.543125 0.00875 0.0125
0 0.32 0.54375 0.02 0.016875
0 0.33625 0.57125 0.04375 0.06375
0 0.283125 0.5775 0.08 0.095625
0 0.443125 0.551875 0.01375 0.016875
0 0.463125 0.54875 0.015 0.020625
0 0.50375 0.56 0.02 0.031875
0 0.383125 0.561875 0.013125 0.01375