0 0.318125 0.5775 0.00875 0.015
0 0.305 0.58375 0.0175 0.0225
0 0.27625 0.5875 0.02375 0.0225
0 0.238125 0.589375 0.055 0.03875
0 0.1875 0.60875 0.04875 0.0475
0 0.129375 0.618125 0.07125 0.058125
0 0.071875 0.630625 0.04375 0.045625
0 0.0275 0.63 0.05375 0.085
0 0.37125 0.57125 0.01 0.025
1 0.33625 0.5825 0.01 0.0275
0 0.3925 0.566875 0.00875 0.016875
2 0.410625 0.5575 0.0275 0.025
0 0.411875 0.574375 0.02375 0.03875
0 0.438125 0.581875 0.024375 0.03625
0 0.476875 0.5875 0.059375 0.105625
0 0.6025 0.610625 0.255 0.333125
0 0.851875 0.64875 0.29375 0.641875