0 0.2075 0.549375 0.084375 0.125
1 0.43375 0.485 0.006875 0.0375
1 0.50875 0.5075 0.011875 0.066875
1 0.53 0.510625 0.011875 0.080625
1 0.535 0.501875 0.015 0.0725
1 0.54625 0.489375 0.006875 0.0725
1 0.554375 0.485 0.01375 0.070625
1 0.565 0.486875 0.011875 0.05
1 0.455 0.508125 0.006875 0.03875
1 0.46375 0.5075 0.006875 0.041875
1 0.48125 0.510625 0.0075 0.035
1 0.595 0.523125 0.011875 0.0725
1 0.76125 0.50125 0.021875 0.120625
1 0.780625 0.495625 0.0125 0.11
1 0.798125 0.50375 0.0175 0.133125
1 0.629375 0.504375 0.01625 0.093125
1 0.616875 0.50625 0.01 0.080625
0 0.444375 0.50375 0.02375 0.041875
2 0.333125 0.42 0.196875 0.46125
1 0.050625 0.551875 0.03625 0.180625
1 0.145625 0.50125 0.009375 0.0375
1 0.13 0.50375 0.011875 0.0375
1 0.21625 0.466875 0.006875 0.035
1 0.22875 0.470625 0.006875 0.030625
1 0.239375 0.470625 0.009375 0.02625