0 0.12875 0.4225 0.0725 0.065
0 0.2475 0.395 0.0175 0.04
2 0.299375 0.370625 0.0475 0.055625
0 0.66125 0.39125 0.061875 0.1475
0 0.708125 0.374375 0.02375 0.044375
0 0.69875 0.394375 0.02125 0.075
0 0.746875 0.38625 0.078125 0.08625
0 0.39375 0.373125 0.011875 0.02375
0 0.38 0.379375 0.015625 0.02625
0 0.84625 0.389375 0.138125 0.130625
0 0.535625 0.475 0.271875 0.433125
0 0.199375 0.40625 0.07875 0.08875
0 0.27875 0.40125 0.0675 0.079375
2 0.02 0.406875 0.04 0.185
0 0.40875 0.366875 0.011875 0.019375