0 0.370625 0.4525 0.015625 0.0225
0 0.385 0.456875 0.02 0.035
0 0.406875 0.480625 0.04375 0.0775
0 0.43625 0.45 0.01625 0.016875
0 0.431875 0.4725 0.01625 0.029375
0 0.519375 0.4675 0.071875 0.11
0 0.563125 0.479375 0.025 0.068125
0 0.58375 0.483125 0.035 0.07625
0 0.6275 0.47125 0.06 0.1
0 0.67125 0.50125 0.099375 0.1025
0 0.6875 0.5125 0.068125 0.094375
0 0.778125 0.529375 0.18375 0.16125
0 0.3575 0.45375 0.015625 0.02375
0 0.344375 0.4525 0.0125 0.0225
0 0.32375 0.479375 0.04625 0.068125
0 0.10125 0.51125 0.055625 0.13875
0 0.04 0.52 0.078125 0.1525
0 0.475625 0.51625 0.10125 0.141875
2 0.205 0.46 0.190625 0.29875
1 0.703125 0.44 0.015625 0.03875