0 0.70859375 0.50546875 0.021875 0.00859375
0 0.66875 0.50625 0.02265625 0.0078125
0 0.371875 0.50703125 0.028125 0.00625
0 0.9265625 0.5375 0.11953125 0.04765625
0 0.9890625 0.54375 0.02109375 0.0625
0 0.11171875 0.6828125 0.2234375 0.38515625
2 0.865625 0.5296875 0.22890625 0.1125
0 0.41328125 0.50546875 0.0296875 0.00859375
0 0.47421875 0.5109375 0.0296875 0.01484375
0 0.103125 0.5046875 0.00859375 0.01015625
0 0.5734375 0.50625 0.02421875 0.0078125
2 0.2609375 0.50078125 0.04296875 0.01875
2 0.3296875 0.50078125 0.03046875 0.01875
0 0.1359375 0.50625 0.021875 0.0078125
2 0.9859375 0.50234375 0.025 0.02265625
1 0.6390625 0.5328125 0.01875 0.0890625
1 0.4453125 0.5078125 0.00546875 0.02265625
1 0.66328125 0.609375 0.0421875 0.1265625
1 0.6875 0.5296875 0.015625 0.0765625