0 0.475 0.510625 0.028125 0.01625
0 0.395625 0.506875 0.024375 0.00625
0 0.921875 0.535 0.13 0.0625
0 0.983125 0.54375 0.031875 0.0625
0 0.09125 0.544375 0.1825 0.09125
2 0.7225 0.53125 0.221875 0.1125
2 0.87625 0.500625 0.05375 0.02125
0 0.47 0.51 0.02625 0.0175
0 0.19 0.506875 0.030625 0.00625
0 0.005625 0.504375 0.01125 0.00875
0 0.311875 0.50625 0.0325 0.0075
2 0.28125 0.5 0.028125 0.02
2 0.329375 0.500625 0.030625 0.01875
0 0.229375 0.50625 0.019375 0.0075
2 0.98625 0.5025 0.024375 0.0225
1 0.9725 0.50375 0.005 0.015
1 0.36375 0.61125 0.02125 0.12