0 0.69375 0.50546875 0.02890625 0.00859375
0 0.5703125 0.50625 0.02734375 0.0078125
0 0.371875 0.50703125 0.028125 0.00625
0 0.9265625 0.53671875 0.11953125 0.0484375
0 0.98828125 0.54375 0.021875 0.0625
0 0.26875 0.54921875 0.17265625 0.10390625
2 0.865625 0.53046875 0.22890625 0.1140625
0 0.434375 0.51015625 0.02890625 0.0171875
0 0.41171875 0.50625 0.0265625 0.0078125
2 0.28125 0.49765625 0.028125 0.01484375
2 0.3296875 0.50078125 0.03046875 0.01875
0 0.728125 0.5046875 0.01953125 0.01015625
0 0.2203125 0.50625 0.03515625 0.0078125
2 0.9859375 0.50234375 0.025 0.02265625
1 0.671875 0.525 0.0140625 0.0703125
1 0.4015625 0.50390625 0.0046875 0.0125
1 0.45625 0.6109375 0.0390625 0.11484375
1 0.6984375 0.5203125 0.01484375 0.0625