0 0.705625 0.505625 0.028125 0.00875
0 0.65875 0.50625 0.025 0.0075
0 0.371875 0.506875 0.028125 0.00625
0 0.926875 0.5375 0.119375 0.0475
0 0.98875 0.54375 0.02125 0.0625
0 0.1525 0.655625 0.305 0.32125
2 0.86625 0.53 0.22875 0.1125
0 0.413125 0.505625 0.03 0.00875
0 0.459375 0.51125 0.03875 0.015
0 0.1025 0.505 0.00875 0.01
0 0.5675 0.50625 0.0325 0.0075
2 0.26625 0.5 0.036875 0.02
2 0.329375 0.500625 0.030625 0.01875
2 0.98625 0.5025 0.025 0.0225
1 0.63625 0.531875 0.02 0.08375
1 0.44 0.508125 0.005 0.02375
1 0.62625 0.62 0.03875 0.125
1 0.685 0.52875 0.01375 0.0725