0 0.70875 0.505625 0.021875 0.00875
0 0.668125 0.50625 0.0225 0.0075
0 0.371875 0.506875 0.028125 0.00625
0 0.926875 0.5375 0.119375 0.0475
0 0.98875 0.54375 0.02125 0.0625
0 0.111875 0.6825 0.22375 0.385
2 0.86625 0.53 0.22875 0.1125
0 0.413125 0.505625 0.03 0.00875
0 0.474375 0.51125 0.03 0.015
0 0.1025 0.505 0.00875 0.01
0 0.57375 0.50625 0.024375 0.0075
2 0.26125 0.500625 0.043125 0.01875
2 0.329375 0.500625 0.030625 0.01875
0 0.13625 0.50625 0.021875 0.0075
2 0.98625 0.5025 0.025 0.0225
1 0.63875 0.533125 0.01875 0.08875
1 0.445625 0.5075 0.005625 0.0225
1 0.663125 0.609375 0.0425 0.12625
1 0.6875 0.529375 0.015625 0.07625