0 0.705625 0.505625 0.028125 0.00875
0 0.626875 0.50625 0.006875 0.0075
0 0.370625 0.506875 0.025625 0.00625
0 0.926875 0.5375 0.119375 0.0475
0 0.98875 0.54375 0.02125 0.0625
0 0.19125 0.61375 0.274375 0.235
2 0.86625 0.53 0.22875 0.1125
0 0.420625 0.505625 0.015 0.00875
0 0.403125 0.506875 0.0375 0.00625
0 0.1025 0.505 0.00875 0.01
0 0.5275 0.50625 0.02375 0.0075
2 0.28125 0.5 0.028125 0.02
2 0.329375 0.500625 0.030625 0.01875
2 0.98625 0.5025 0.025 0.0225
1 0.645625 0.53 0.015 0.0775
1 0.56875 0.616875 0.02375 0.12875
1 0.68 0.52625 0.0125 0.0675