0 0.705625 0.505625 0.028125 0.00875
0 0.346875 0.506875 0.025 0.00625
0 0.926875 0.5375 0.119375 0.0475
0 0.98875 0.54375 0.02125 0.0625
2 0.86625 0.530625 0.22875 0.11375
0 0.41 0.505625 0.02375 0.00875
0 0.55125 0.506875 0.030625 0.00625
0 0.1025 0.505625 0.00875 0.00875
0 0.619375 0.50625 0.021875 0.0075
2 0.165 0.500625 0.04625 0.01875
2 0.288125 0.500625 0.0275 0.01875
2 0.98625 0.5025 0.025 0.0225
1 0.669375 0.54125 0.02375 0.1125
1 0.4725 0.50875 0.005 0.02
1 0.039375 0.598125 0.05375 0.25625
1 0.838125 0.654375 0.055 0.18125
1 0.680625 0.534375 0.011875 0.09125