0 0.7203125 0.50234375 0.03125 0.01015625
0 0.684375 0.503125 0.0265625 0.00859375
0 0.3 0.50390625 0.03203125 0.0078125
2 0.9 0.534375 0.19921875 0.14140625
2 0.784375 0.49765625 0.0203125 0.0203125
0 0.3671875 0.503125 0.02890625 0.00859375
0 0.58359375 0.50390625 0.0359375 0.0078125
0 0.09609375 0.50234375 0.01875 0.01015625
0 0.6359375 0.5046875 0.03671875 0.00625
2 0.1015625 0.4953125 0.03046875 0.02109375
2 0.2421875 0.49765625 0.04453125 0.0203125
1 0.75625 0.55546875 0.0421875 0.1859375
1 0.1265625 0.628125 0.14765625 0.34609375
1 0.7828125 0.5453125 0.034375 0.13359375