0 0.70546875 0.50546875 0.028125 0.00859375
0 0.346875 0.50703125 0.025 0.00625
0 0.9265625 0.5375 0.11953125 0.04765625
0 0.9890625 0.54375 0.02109375 0.0625
2 0.865625 0.53046875 0.22890625 0.1140625
0 0.41015625 0.50546875 0.0234375 0.00859375
0 0.5515625 0.50703125 0.03046875 0.00625
0 0.103125 0.50546875 0.00859375 0.00859375
0 0.61953125 0.50625 0.021875 0.0078125
2 0.165625 0.50078125 0.04609375 0.01875
2 0.2875 0.50078125 0.02734375 0.01875
2 0.9859375 0.50234375 0.025 0.02265625
1 0.66953125 0.54140625 0.0234375 0.1125
1 0.47265625 0.50859375 0.0046875 0.0203125
1 0.0390625 0.5984375 0.05390625 0.25625
1 0.83828125 0.6546875 0.0546875 0.18125
1 0.68125 0.534375 0.01171875 0.09140625