0 0.575625 0.505625 0.02 0.00875
0 0.921875 0.535 0.13 0.0625
0 0.983125 0.54375 0.031875 0.0625
2 0.38 0.53125 0.22 0.115
2 0.950625 0.5 0.05625 0.025
0 0.524375 0.50625 0.03 0.0075
0 0.19 0.50625 0.030625 0.0075
2 0.281875 0.5 0.02875 0.02
0 0.69375 0.505 0.0325 0.01
0 0.231875 0.50625 0.025 0.0075
2 0.99375 0.496875 0.009375 0.01125
1 0.7325 0.519375 0.011875 0.05875
1 0.993125 0.504375 0.006875 0.01875
1 0.76375 0.504375 0.00375 0.01125
1 0.2325 0.61875 0.03625 0.1225
1 0.798125 0.519375 0.015 0.05625