1 0.37 0.37 0.050625 0.28875
1 0.893125 0.288125 0.025 0.045625
0 0.183125 0.408125 0.33125 0.344375
0 0.3925 0.380625 0.124375 0.158125
0 0.440625 0.345625 0.081875 0.116875
0 0.90125 0.465 0.19625 0.330625
0 0.770625 0.351875 0.178125 0.2225
0 0.674375 0.335625 0.065625 0.11
0 0.64125 0.325 0.04375 0.075
0 0.62 0.30375 0.02 0.035
0 0.594375 0.3 0.015 0.030625
0 0.53 0.329375 0.0575 0.0725
0 0.54875 0.294375 0.028125 0.041875
0 0.4725 0.304375 0.0175 0.03625
0 0.486875 0.304375 0.02 0.033125
1 0.435 0.276875 0.013125 0.020625
1 0.448125 0.27875 0.00875 0.015