1 0.4875 0.4975 0.0075 0.041875
1 0.78375 0.525 0.011875 0.044375
1 0.76875 0.525 0.0125 0.041875
1 0.750625 0.513125 0.009375 0.05125
0 0.55125 0.47625 0.01125 0.016875
0 0.5925 0.49 0.01125 0.01375
0 0.605625 0.504375 0.01625 0.030625
0 0.5375 0.48875 0.01125 0.01375
0 0.538125 0.504375 0.005625 0.0275
0 0.530625 0.5025 0.00875 0.0275
0 0.525625 0.5025 0.00875 0.02375
0 0.51 0.50125 0.028125 0.04
0 0.5925 0.51875 0.035 0.05
0 0.738125 0.55 0.05 0.070625
1 0.75125 0.556875 0.0225 0.068125
0 0.704375 0.5625 0.038125 0.0775
1 0.39375 0.52 0.011875 0.035
1 0.429375 0.50375 0.015 0.03625
1 0.46625 0.504375 0.00875 0.0275
0 0.4525 0.558125 0.068125 0.0975
0 0.436875 0.585 0.07375 0.09875
1 0.375 0.510625 0.0125 0.029375
1 0.3425 0.5075 0.0125 0.02375
0 0.34875 0.601875 0.14875 0.18875
0 0.535 0.57375 0.063125 0.08625
0 0.645 0.5625 0.0975 0.1475
0 0.855 0.726875 0.284375 0.445625
0 0.171875 0.71125 0.34375 0.41375