1 0.330625 0.393125 0.0275 0.10125
1 0.309375 0.388125 0.0225 0.095625
1 0.289375 0.360625 0.011875 0.035
1 0.25875 0.3825 0.02625 0.09875
1 0.03875 0.326875 0.019375 0.04875
0 0.48 0.389375 0.015625 0.018125
0 0.486875 0.39125 0.015625 0.030625
0 0.495625 0.395 0.02125 0.035
0 0.513125 0.39625 0.02875 0.033125
0 0.525 0.40375 0.02125 0.033125
0 0.5375 0.40375 0.025 0.0475
0 0.4225 0.395 0.038125 0.06375
0 0.57 0.41 0.061875 0.081875
0 0.11 0.364375 0.209375 0.1475
0 0.44875 0.386875 0.01125 0.020625