0 0.41875 0.43984375 0.04765625 0.1109375
0 0.575 0.446875 0.034375 0.0875
0 0.72734375 0.48359375 0.1828125 0.21640625
0 0.4953125 0.465625 0.14765625 0.2359375
2 0.6265625 0.390625 0.028125 0.05859375
1 0.35078125 0.428125 0.01015625 0.04453125
1 0.309375 0.43125 0.00859375 0.0265625
1 0.1359375 0.421875 0.01484375 0.06640625
1 0.11875 0.42890625 0.01328125 0.0734375
1 0.109375 0.428125 0.01015625 0.06640625
1 0.0984375 0.42890625 0.01328125 0.06953125
1 0.07890625 0.43125 0.01796875 0.084375
1 0.01796875 0.4296875 0.01796875 0.0765625
1 0.00625 0.446875 0.01171875 0.090625
1 0.2046875 0.425 0.01015625 0.0875