0 0.13375 0.461875 0.2675 0.49625
0 0.93625 0.595 0.12625 0.406875
0 0.829375 0.4925 0.271875 0.291875
0 0.67625 0.47125 0.111875 0.158125
1 0.636875 0.420625 0.01 0.0375
1 0.625625 0.42125 0.011875 0.03625
0 0.58125 0.454375 0.061875 0.075
0 0.538125 0.450625 0.038125 0.041875
0 0.340625 0.45875 0.049375 0.065
0 0.299375 0.461875 0.043125 0.056875
1 0.279375 0.443125 0.006875 0.0275
1 0.26625 0.449375 0.00625 0.033125
1 0.27125 0.445625 0.00625 0.033125
1 0.26 0.444375 0.00375 0.030625
1 0.556875 0.4125 0.0075 0.016875
0 0.44 0.4725 0.165625 0.26