0 0.421875 0.296875 0.0125 0.01796875
0 0.434375 0.2953125 0.0125 0.015625
0 0.44609375 0.29453125 0.009375 0.02109375
0 0.4203125 0.315625 0.01171875 0.03359375
0 0.41015625 0.315625 0.0234375 0.04140625
0 0.396875 0.321875 0.0359375 0.053125
0 0.45 0.315625 0.01015625 0.02109375
0 0.36875 0.32890625 0.034375 0.06640625
0 0.25 0.31328125 0.0203125 0.03359375
2 0.2109375 0.29765625 0.0515625 0.08046875
2 0.1625 0.29921875 0.03984375 0.08046875
2 0.47265625 0.2953125 0.03671875 0.06796875
0 0.43671875 0.31796875 0.0234375 0.0359375
0 0.3125 0.36796875 0.1234375 0.14609375
0 0.1046875 0.3171875 0.01796875 0.0125
0 0.0734375 0.30625 0.0421875 0.03203125
1 0.153125 0.31640625 0.01796875 0.1125
1 0.14375 0.321875 0.01015625 0.1140625
1 0.8296875 0.3359375 0.021875 0.07890625
1 0.68828125 0.32578125 0.009375 0.05
1 0.64296875 0.321875 0.00859375 0.05546875
0 0.84765625 0.33984375 0.05078125 0.065625
1 0.50234375 0.3203125 0.00703125 0.0265625
1 0.5109375 0.31796875 0.00703125 0.028125
1 0.521875 0.3109375 0.0078125 0.03203125
1 0.7953125 0.30546875 0.00703125 0.03203125
1 0.7875 0.29765625 0.00703125 0.025
1 0.77265625 0.31328125 0.01484375 0.046875
1 0.703125 0.32734375 0.00859375 0.03359375
0 0.8 0.34140625 0.015625 0.034375