0 0.5296875 0.509375 0.07109375 0.03359375
2 0.9109375 0.4921875 0.16875 0.1015625
0 0.79296875 0.6234375 0.2671875 0.2171875
0 0.4453125 0.5296875 0.07890625 0.0609375
0 0.3234375 0.51796875 0.07109375 0.0390625
0 0.4953125 0.6984375 0.2796875 0.36875
2 0.075 0.4890625 0.15 0.109375
0 0.0375 0.53046875 0.07421875 0.0484375
1 0.76171875 0.50390625 0.0125 0.02265625
1 0.271875 0.5359375 0.02265625 0.09765625
1 0.55 0.50390625 0.01328125 0.03515625
1 0.8015625 0.5046875 0.00859375 0.02109375
1 0.6578125 0.51015625 0.00546875 0.0328125
1 0.74375 0.50234375 0.01484375 0.025
1 0.88203125 0.5203125 0.009375 0.0734375
1 0.8734375 0.515625 0.02421875 0.06875
1 0.21796875 0.5109375 0.0078125 0.03359375
1 0.8375 0.5015625 0.009375 0.03359375
1 0.2765625 0.51015625 0.0046875 0.0328125
1 0.1109375 0.5375 0.0265625 0.09765625
1 0.89765625 0.52109375 0.0125 0.075
1 0.23046875 0.51640625 0.009375 0.03984375
1 0.3578125 0.509375 0.00703125 0.03125
1 0.77578125 0.50234375 0.0171875 0.025
1 0.45234375 0.503125 0.015625 0.03359375
1 0.2125 0.51796875 0.0109375 0.04375
1 0.71875 0.50625 0.009375 0.02265625
1 0.66484375 0.53828125 0.0265625 0.09609375
1 0.8453125 0.5015625 0.01640625 0.0390625
1 0.08125 0.52890625 0.02578125 0.09765625
1 0.9828125 0.54453125 0.03203125 0.1515625
1 0.303125 0.50234375 0.00390625 0.0171875