0 0.030625 0.5125 0.06125 0.085
0 0.50125 0.505 0.07875 0.0275
2 0.91125 0.491875 0.16875 0.10125
0 0.793125 0.62375 0.2675 0.2175
0 0.399375 0.5425 0.09125 0.0875
0 0.32375 0.518125 0.07125 0.03875
0 0.495 0.698125 0.28 0.36875
2 0.091875 0.491875 0.18375 0.11375
0 0.21375 0.534375 0.094375 0.05625
1 0.725625 0.505625 0.00625 0.02125
1 0.140625 0.536875 0.021875 0.10125
1 0.710625 0.51125 0.013125 0.0425
1 0.619375 0.51 0.0075 0.0325
1 0.945625 0.539375 0.063125 0.13125
1 0.8775 0.5225 0.0125 0.065
1 0.821875 0.504375 0.015625 0.02625
1 0.25375 0.51 0.006875 0.0325
1 0.906875 0.5275 0.0225 0.0925
1 0.0425 0.526875 0.025 0.09375
1 0.8925 0.5225 0.0175 0.075
1 0.9325 0.53125 0.035 0.105
1 0.605 0.544375 0.0175 0.10875
1 0.218125 0.5 0.0075 0.0125
1 0.63 0.510625 0.005625 0.03125
1 0.75125 0.504375 0.00875 0.02125
1 0.524375 0.501875 0.0125 0.02875
1 0.796875 0.498125 0.015625 0.03375
1 0.12 0.536875 0.019375 0.10125