0 0.01 0.5275 0.019375 0.0475
0 0.525 0.5075 0.07 0.03
2 0.91125 0.49125 0.16875 0.1
0 0.793125 0.62375 0.2675 0.2175
0 0.423125 0.536875 0.085 0.07375
0 0.32375 0.518125 0.07125 0.03875
0 0.495 0.698125 0.28 0.36875
2 0.09125 0.491875 0.1825 0.11375
0 0.189375 0.5325 0.099375 0.0525
1 0.730625 0.505625 0.011875 0.02125
1 0.1575 0.536875 0.025625 0.09875
1 0.676875 0.535625 0.031875 0.09375
1 0.6275 0.509375 0.005 0.03375
1 0.904375 0.535 0.04125 0.1225
1 0.87875 0.52375 0.011875 0.07
1 0.8325 0.505 0.015625 0.0275
1 0.2475 0.51125 0.0075 0.035
1 0.88875 0.52625 0.019375 0.0875
1 0.04625 0.528125 0.03125 0.09625
1 0.89 0.515 0.006875 0.06
1 0.2225 0.50875 0.005625 0.025
1 0.89875 0.536875 0.02125 0.09125
1 0.576875 0.52875 0.01625 0.0775
1 0.21625 0.5075 0.011875 0.0275
1 0.638125 0.510625 0.006875 0.03125
1 0.741875 0.505 0.00875 0.02
1 0.549375 0.505 0.01125 0.0325
1 0.818125 0.49875 0.02 0.0375
1 0.111875 0.53625 0.03 0.1