0 0.561875 0.51875 0.078125 0.0525
2 0.91125 0.49125 0.168125 0.1
0 0.793125 0.62375 0.2675 0.2175
0 0.445625 0.529375 0.07875 0.06125
0 0.338125 0.518125 0.07 0.03875
0 0.495 0.698125 0.28 0.36875
2 0.04125 0.491875 0.0825 0.11375
1 0.790625 0.504375 0.01125 0.02125
1 0.35875 0.536875 0.01875 0.09625
1 0.45375 0.504375 0.0125 0.03125
1 0.77875 0.504375 0.00875 0.02125
1 0.68 0.509375 0.00625 0.03125
1 0.655625 0.54125 0.031875 0.105
1 0.87 0.518125 0.00875 0.05125
1 0.4 0.509375 0.005 0.03125
1 0.8825 0.525625 0.025 0.08625
1 0.19625 0.510625 0.00625 0.03375
1 0.805 0.51125 0.005 0.0075
1 0.18375 0.5375 0.02125 0.095
1 0.90875 0.5225 0.02 0.075
1 0.2475 0.515 0.006875 0.0375
1 0.331875 0.498125 0.005 0.00875
1 0.68875 0.519375 0.01625 0.06375
1 0.36125 0.54375 0.01625 0.11
1 0.22875 0.516875 0.0125 0.04125
1 0.705 0.516875 0.00625 0.04125
1 0.7575 0.50125 0.015 0.0275
1 0.82625 0.505 0.019375 0.0275
1 0.05125 0.526875 0.02 0.09125
1 0.86125 0.505625 0.018125 0.05625
1 0.27375 0.51 0.01125 0.0325