0 0.530625 0.509375 0.07 0.03375
2 0.91125 0.491875 0.168125 0.10125
0 0.793125 0.62375 0.2675 0.2175
0 0.435 0.534375 0.08125 0.06875
0 0.32375 0.518125 0.07125 0.03875
0 0.495 0.698125 0.28 0.36875
2 0.09125 0.491875 0.1825 0.11375
0 0.168125 0.531875 0.10375 0.05125
1 0.739375 0.505 0.006875 0.02
1 0.180625 0.538125 0.02875 0.09875
1 0.6425 0.541875 0.03375 0.10875
1 0.633125 0.51 0.006875 0.0325
1 0.854375 0.503125 0.018125 0.05625
1 0.880625 0.523125 0.011875 0.07125
1 0.8425 0.501875 0.00875 0.03625
1 0.23625 0.51125 0.01 0.035
1 0.880625 0.508125 0.015 0.05375
1 0.06 0.529375 0.024375 0.09625
1 0.89125 0.52 0.01125 0.075
1 0.2225 0.51625 0.006875 0.0425
1 0.37375 0.504375 0.005 0.02375
1 0.87 0.513125 0.025 0.06625
1 0.541875 0.504375 0.013125 0.03125
1 0.213125 0.510625 0.0125 0.03375
1 0.734375 0.505 0.009375 0.02
1 0.578125 0.52125 0.0125 0.0625
1 0.83375 0.5 0.0175 0.0375
1 0.093125 0.52625 0.019375 0.0975