0 0.19125 0.51125 0.1225 0.0875
0 0.02875 0.528125 0.0575 0.04125
0 0.395 0.535625 0.096875 0.09625
2 0.9125 0.491875 0.165625 0.10125
0 0.793125 0.62375 0.2675 0.2175
0 0.03125 0.783125 0.0625 0.36375
0 0.3275 0.518125 0.061875 0.03875
0 0.495 0.698125 0.28 0.36875
2 0.219375 0.4925 0.180625 0.1125
0 0.264375 0.543125 0.07125 0.07125
1 0.694375 0.515625 0.01 0.04125
1 0.074375 0.52875 0.02625 0.0975
1 0.8275 0.496875 0.015 0.04375
1 0.58875 0.510625 0.009375 0.03125
1 0.911875 0.524375 0.018125 0.07625
1 0.780625 0.504375 0.013125 0.02125
1 0.043125 0.525625 0.024375 0.07875
1 0.930625 0.525 0.02375 0.0825
1 0.726875 0.5025 0.013125 0.0275
1 0.6025 0.510625 0.00375 0.03125
1 0.795 0.50375 0.01 0.0225
1 0.46875 0.50125 0.0175 0.03
1 0.67625 0.52375 0.024375 0.0725
1 0.181875 0.540625 0.02625 0.10875