1 0.00875 0.34375 0.0175 0.145
1 0.250625 0.318125 0.015625 0.044375
1 0.238125 0.31375 0.0175 0.05
1 0.11875 0.285 0.02125 0.0225
1 0.095 0.289375 0.01375 0.033125
1 0.03625 0.33125 0.024375 0.133125
1 0.691875 0.341875 0.0175 0.054375
1 0.72125 0.341875 0.015 0.054375
1 0.793125 0.350625 0.02 0.1025
1 0.7525 0.348125 0.01875 0.066875
0 0.395625 0.316875 0.025 0.0475
0 0.50375 0.324375 0.00875 0.016875
0 0.494375 0.32125 0.01375 0.02625
0 0.46625 0.298125 0.02125 0.0125
0 0.48375 0.34125 0.021875 0.07625
0 0.380625 0.32625 0.018125 0.043125
0 0.33375 0.32875 0.018125 0.03875
0 0.325625 0.33 0.018125 0.0475
0 0.535 0.318125 0.04875 0.055625
0 0.546875 0.3425 0.03125 0.08625
2 0.591875 0.305 0.071875 0.15
0 0.890625 0.383125 0.218125 0.6225
0 0.29875 0.325 0.04875 0.068125
0 0.15125 0.37625 0.2125 0.31375
0 0.449375 0.349375 0.081875 0.133125
0 0.6225 0.374375 0.12625 0.141875
0 0.415625 0.314375 0.0125 0.018125
0 0.361875 0.329375 0.04125 0.0525
1 0.0525 0.3425 0.03375 0.133125
1 0.08375 0.301875 0.02125 0.033125