0 0.43875 0.463125 0.01375 0.029375
0 0.445 0.46875 0.00875 0.03625
0 0.453125 0.473125 0.015 0.03625
0 0.46625 0.481875 0.01625 0.044375
0 0.49 0.47875 0.0475 0.079375
0 0.49375 0.48875 0.030625 0.07625
0 0.510625 0.48875 0.03875 0.09875
0 0.3625 0.456875 0.015 0.029375
0 0.30125 0.46375 0.02125 0.029375
0 0.296875 0.473125 0.015 0.025
0 0.28625 0.473125 0.01375 0.0375
0 0.274375 0.47125 0.0225 0.03625
0 0.244375 0.4675 0.049375 0.054375
2 0.095625 0.476875 0.115 0.105625
0 0.566875 0.5 0.125625 0.16125
0 0.395 0.49125 0.075625 0.108125
0 0.32375 0.46875 0.02625 0.03625
1 0.19625 0.45625 0.01375 0.0375
0 0.218125 0.4775 0.05375 0.054375
0 0.036875 0.495625 0.07 0.116875