0 0.4275 0.279375 0.006875 0.016875
0 0.4175 0.280625 0.009375 0.015
0 0.405 0.28625 0.011875 0.016875
0 0.388125 0.29 0.015625 0.025
0 0.375625 0.2925 0.015625 0.043125
0 0.358125 0.299375 0.021875 0.044375
0 0.34 0.30625 0.0225 0.04875
0 0.315 0.308125 0.0475 0.0525
0 0.088125 0.343125 0.175625 0.2
0 0.02125 0.39625 0.040625 0.1875
0 0.439375 0.288125 0.018125 0.035
0 0.454375 0.285 0.011875 0.019375
0 0.46625 0.29 0.011875 0.025
0 0.475625 0.2925 0.01625 0.03875
0 0.50125 0.300625 0.038125 0.0475
1 0.530625 0.300625 0.015625 0.080625
0 0.669375 0.358125 0.15375 0.175
0 0.965 0.274375 0.069375 0.03625
0 0.843125 0.41375 0.31375 0.315
1 0.163125 0.29125 0.02625 0.07625