0 0.186875 0.520625 0.099375 0.119375
0 0.31625 0.5125 0.053125 0.0775
0 0.25375 0.515 0.02625 0.041875
0 0.464375 0.516875 0.05125 0.0625
0 0.055 0.538125 0.02625 0.02625
0 0.24 0.5175 0.0125 0.02625
0 0.270625 0.510625 0.01125 0.0125
0 0.281875 0.508125 0.009375 0.01375
0 0.283125 0.5 0.013125 0.025
0 0.443125 0.506875 0.038125 0.054375
0 0.4175 0.511875 0.02 0.041875
0 0.401875 0.5125 0.015 0.0475
0 0.39 0.50875 0.01125 0.029375
0 0.38375 0.506875 0.009375 0.0225
0 0.376875 0.50375 0.01875 0.02625
0 0.368125 0.5025 0.01625 0.0275
0 0.3575 0.50125 0.013125 0.02375
0 0.841875 0.485625 0.111875 0.083125
2 0.91125 0.433125 0.17625 0.17625
1 0.94625 0.50125 0.036875 0.225