1 0.82875 0.37125 0.043125 0.1775
1 0.765625 0.42 0.07875 0.233125
1 0.50375 0.361875 0.01375 0.030625
1 0.550625 0.3825 0.011875 0.0625
1 0.543125 0.38875 0.015625 0.081875
1 0.5625 0.38375 0.011875 0.06
1 0.595 0.389375 0.01375 0.07625
1 0.575625 0.3825 0.011875 0.04875
1 0.52375 0.45875 0.04 0.158125
1 0.01125 0.461875 0.02 0.08875
0 0.07 0.429375 0.050625 0.033125
0 0.038125 0.4625 0.074375 0.07625
0 0.24625 0.420625 0.100625 0.1
0 0.309375 0.413125 0.065625 0.080625
0 0.14125 0.46625 0.153125 0.13625
0 0.435 0.455625 0.136875 0.218125