0 0.335625 0.5825 0.006875 0.016875
0 0.34 0.5975 0.011875 0.0125
0 0.349375 0.598125 0.01625 0.02625
0 0.353125 0.60375 0.009375 0.025
0 0.36375 0.60375 0.015 0.025
0 0.3675 0.61 0.01375 0.020625
0 0.374375 0.608125 0.015 0.030625
0 0.38625 0.6075 0.021875 0.041875
0 0.401875 0.610625 0.028125 0.03875
0 0.445 0.62875 0.040625 0.054375
1 0.435625 0.604375 0.0075 0.030625
1 0.489375 0.59375 0.015 0.02625
0 0.48 0.64125 0.06875 0.066875
0 0.33 0.59375 0.009375 0.01375
0 0.321875 0.599375 0.015 0.016875
0 0.306875 0.60125 0.01 0.0125
0 0.298125 0.601875 0.011875 0.0225
0 0.286875 0.6075 0.0125 0.025
0 0.275625 0.608125 0.01875 0.02625
0 0.258125 0.61375 0.02125 0.0375
0 0.240625 0.616875 0.028125 0.03875
0 0.214375 0.62625 0.03375 0.054375
0 0.185 0.6325 0.043125 0.070625
0 0.12125 0.645625 0.09625 0.105625
0 0.9825 0.820625 0.0325 0.155625
0 0.33 0.593125 0.0075 0.016875