0 0.235625 0.62125 0.0175 0.06125
0 0.19625 0.62125 0.07625 0.09875
0 0.11375 0.635 0.113125 0.12375
0 0.321875 0.575625 0.02625 0.04
1 0.32875 0.579375 0.013125 0.0375
0 0.39875 0.575625 0.01 0.030625
0 0.41125 0.56375 0.01875 0.016875
0 0.42625 0.56875 0.011875 0.016875
0 0.449375 0.5825 0.02375 0.030625
0 0.384375 0.59125 0.0225 0.041875
0 0.42125 0.61 0.04875 0.065
0 0.3425 0.608125 0.038125 0.044375
1 0.525 0.58625 0.01 0.041875
0 0.27625 0.613125 0.075 0.11
0 0.033125 0.6625 0.06625 0.1525