1 0.52 0.64625 0.0175 0.079375
1 0.448125 0.64 0.009375 0.04
1 0.455625 0.643125 0.00625 0.0375
1 0.475625 0.644375 0.005625 0.044375
1 0.4625 0.639375 0.01 0.045625
1 0.47 0.64125 0.01 0.05125
1 0.73375 0.606875 0.02 0.06125
1 0.953125 0.60625 0.056875 0.179375
1 0.85625 0.601875 0.035 0.079375
0 0.049375 0.6725 0.09875 0.1475
0 0.385625 0.6375 0.0075 0.0125
0 0.32125 0.641875 0.02875 0.045625
0 0.3575 0.6475 0.038125 0.056875
0 0.22375 0.66125 0.11375 0.131875
0 0.94375 0.654375 0.11125 0.166875