1 0.1725 0.55875 0.0175 0.08875
1 0.596875 0.5125 0.0175 0.083125
1 0.580625 0.515 0.011875 0.06125
1 0.566875 0.50625 0.009375 0.029375
1 0.67125 0.495625 0.013125 0.055625
1 0.618125 0.500625 0.011875 0.0525
1 0.6825 0.495 0.015625 0.05125
0 0.180625 0.55625 0.035 0.06125
0 0.14 0.56125 0.049375 0.095625
0 0.094375 0.57625 0.0725 0.13625
0 0.543125 0.556875 0.069375 0.15
0 0.03375 0.588125 0.06625 0.4225
0 0.818125 0.575625 0.363125 0.730625
0 0.364375 0.605625 0.34 0.519375
2 0.035625 0.475 0.07125 0.304375