2 0.4390625 0.29296875 0.02578125 0.025
0 0.40625 0.3140625 0.02578125 0.03359375
0 0.3703125 0.3203125 0.0296875 0.0375
0 0.3359375 0.33046875 0.025 0.04140625
0 0.3234375 0.33046875 0.0234375 0.04140625
0 0.30625 0.334375 0.0421875 0.05
0 0.5328125 0.340625 0.03046875 0.0609375
0 0.8921875 0.44375 0.21484375 0.221875
1 0.80234375 0.328125 0.02109375 0.04140625
1 0.7296875 0.334375 0.015625 0.0375
1 0.7125 0.36484375 0.01328125 0.1015625
0 0.7703125 0.40703125 0.13203125 0.14453125
0 0.034375 0.35703125 0.06875 0.18359375
0 0.46484375 0.415625 0.16328125 0.225
0 0.2484375 0.36640625 0.103125 0.1140625
0 0.1328125 0.36015625 0.11953125 0.1140625