2 0.439375 0.293125 0.025625 0.025
0 0.40625 0.31375 0.025625 0.033125
0 0.37 0.32 0.03 0.0375
0 0.33625 0.330625 0.025 0.041875
0 0.32375 0.330625 0.02375 0.041875
0 0.305625 0.335 0.0425 0.05
0 0.5325 0.34 0.030625 0.06125
0 0.8925 0.44375 0.215 0.2225
1 0.8025 0.32875 0.02125 0.041875
1 0.73 0.335 0.015625 0.0375
1 0.711875 0.364375 0.013125 0.10125
0 0.77 0.406875 0.131875 0.144375
0 0.034375 0.356875 0.06875 0.183125
0 0.465 0.41625 0.163125 0.225
0 0.24875 0.366875 0.103125 0.11375
0 0.1325 0.360625 0.119375 0.11375