1 0.935 0.493125 0.038125 0.075
1 0.965625 0.499375 0.038125 0.0725
1 0.659375 0.541875 0.0125 0.12375
1 0.68875 0.51125 0.01875 0.05125
1 0.631875 0.54125 0.01875 0.09
1 0.615625 0.53875 0.02 0.079375
1 0.57375 0.52 0.01625 0.035
1 0.588125 0.524375 0.013125 0.04
1 0.51375 0.526875 0.009375 0.0375
1 0.5425 0.5175 0.0075 0.029375
1 0.53125 0.52125 0.011875 0.0275
1 0.484375 0.529375 0.0075 0.04
1 0.4775 0.5175 0.0075 0.02625
1 0.443125 0.50625 0.00875 0.016875
1 0.455 0.515 0.009375 0.015
1 0.01375 0.543125 0.015625 0.068125
0 0.211875 0.635625 0.396875 0.6525
0 0.443125 0.58125 0.0775 0.133125