1 0.790625 0.42 0.030625 0.130625
1 0.881875 0.445625 0.03125 0.15
1 0.75875 0.42375 0.0275 0.129375
1 0.725625 0.416875 0.0275 0.11
0 0.50375 0.426875 0.013125 0.018125
0 0.515625 0.425 0.013125 0.033125
0 0.525 0.429375 0.02125 0.041875
0 0.545 0.429375 0.03625 0.055625
0 0.3125 0.458125 0.0425 0.04875
0 0.35875 0.44125 0.03125 0.041875
0 0.3925 0.439375 0.03625 0.044375
0 0.42875 0.43375 0.02875 0.05125
0 0.466875 0.43625 0.03125 0.0475
0 0.57375 0.43875 0.05 0.055625
0 0.24625 0.506875 0.17 0.168125
1 0.694375 0.41875 0.0225 0.105625