0 0.1425 0.69 0.034375 0.0225
2 0.205 0.67125 0.03625 0.055625
2 0.7775 0.633125 0.16875 0.1125
1 0.538125 0.6825 0.009375 0.044375
1 0.511875 0.67875 0.009375 0.033125
1 0.500625 0.689375 0.0075 0.02625
0 0.073125 0.68375 0.05875 0.0725
0 0.205625 0.69125 0.0325 0.04875
0 0.27625 0.6825 0.024375 0.02625
0 0.29875 0.68375 0.03125 0.03625
0 0.325625 0.688125 0.025 0.02625
0 0.353125 0.674375 0.009375 0.018125
0 0.365 0.679375 0.0125 0.019375
0 0.395 0.68375 0.0125 0.018125
0 0.469375 0.673125 0.043125 0.058125
0 0.57875 0.719375 0.07375 0.118125
0 0.64875 0.73625 0.14875 0.165
0 0.835 0.8 0.328125 0.318125
0 0.035625 0.69 0.07125 0.083125
0 0.23625 0.691875 0.04875 0.0525
0 0.444375 0.720625 0.0975 0.13625