0 0.275625 0.40125 0.015625 0.025
0 0.300625 0.4025 0.02375 0.0375
0 0.061875 0.4325 0.12375 0.71
0 0.119375 0.45375 0.0525 0.1875
0 0.138125 0.431875 0.040625 0.143125
0 0.163125 0.433125 0.05 0.095625
0 0.185625 0.4175 0.05625 0.08625
0 0.22125 0.4125 0.03 0.06
0 0.24 0.404375 0.0175 0.031875
0 0.24625 0.405625 0.02 0.035
2 0.235 0.383125 0.019375 0.0125
1 0.3725 0.42625 0.0325 0.16125
1 0.41125 0.424375 0.0275 0.158125
1 0.431875 0.4275 0.025 0.129375
1 0.54125 0.424375 0.0275 0.16125
1 0.575 0.41375 0.03125 0.165
1 0.5975 0.42 0.025625 0.129375
1 0.675625 0.420625 0.053125 0.17375
1 0.79625 0.438125 0.099375 0.330625
1 0.8725 0.42875 0.08 0.318125
1 0.94625 0.415 0.053125 0.181875
1 0.62375 0.42 0.03875 0.12375
1 0.910625 0.43375 0.04 0.154375
1 0.840625 0.414375 0.03125 0.1975
0 0.95875 0.42875 0.08 0.1225