0 0.275 0.4015625 0.015625 0.025
0 0.3 0.403125 0.0234375 0.0375
0 0.0625 0.43359375 0.12421875 0.709375
0 0.11953125 0.453125 0.05234375 0.1875
0 0.1375 0.43203125 0.040625 0.14296875
0 0.16328125 0.43359375 0.05 0.09609375
0 0.1859375 0.4171875 0.05625 0.0859375
0 0.22109375 0.4125 0.0296875 0.059375
0 0.23984375 0.40390625 0.0171875 0.03203125
0 0.24609375 0.40546875 0.0203125 0.034375
2 0.23515625 0.38359375 0.01953125 0.0125
1 0.37265625 0.4265625 0.0328125 0.1609375
1 0.4109375 0.42421875 0.02734375 0.15859375
1 0.43125 0.428125 0.025 0.12890625
1 0.540625 0.42421875 0.02734375 0.1609375
1 0.575 0.4140625 0.03125 0.165625
1 0.59765625 0.4203125 0.02578125 0.12890625
1 0.675 0.42109375 0.053125 0.1734375
1 0.79609375 0.43828125 0.09921875 0.33046875
1 0.871875 0.428125 0.0796875 0.31796875
1 0.946875 0.415625 0.053125 0.18203125
1 0.6234375 0.4203125 0.0390625 0.1234375
1 0.9109375 0.434375 0.03984375 0.15390625
1 0.840625 0.41484375 0.03125 0.196875
0 0.95859375 0.428125 0.0796875 0.121875