1 0.95625 0.5296875 0.08515625 0.59609375
1 0.76875 0.496875 0.034375 0.2390625
1 0.8203125 0.50546875 0.021875 0.19140625
1 0.6625 0.46875 0.0140625 0.0765625
1 0.634375 0.475 0.00859375 0.084375
0 0.56328125 0.4734375 0.06484375 0.1015625
0 0.41796875 0.4640625 0.03125 0.0359375
0 0.3140625 0.475 0.053125 0.05390625
0 0.2046875 0.46875 0.1046875 0.09140625
1 0.1328125 0.4734375 0.00859375 0.06640625
0 0.4953125 0.47109375 0.01015625 0.0234375
0 0.0359375 0.45 0.071875 0.1375
0 0.371875 0.49453125 0.0890625 0.1
0 0.478125 0.471875 0.015625 0.01796875