0 0.100625 0.48125 0.035 0.035
0 0.13625 0.47625 0.040625 0.045625
0 0.49125 0.43375 0.01875 0.030625
0 0.4775 0.43375 0.02125 0.035
0 0.42875 0.45 0.03625 0.0725
0 0.39125 0.44 0.0125 0.030625
0 0.40375 0.449375 0.02125 0.041875
0 0.706875 0.42 0.035 0.029375
0 0.735 0.41125 0.0125 0.02625
0 0.748125 0.415 0.02125 0.0225
0 0.775625 0.41 0.03375 0.029375
0 0.969375 0.4275 0.06125 0.080625
0 0.273125 0.464375 0.078125 0.085
0 0.34625 0.46625 0.09875 0.108125
0 0.45375 0.47 0.07125 0.091875
0 0.545 0.470625 0.105625 0.1725
0 0.07125 0.766875 0.140625 0.456875
1 0.005 0.480625 0.0075 0.066875
0 0.1775 0.476875 0.075625 0.085
1 0.661875 0.4225 0.003125 0.0375
1 0.65625 0.424375 0.003125 0.0375