0 0.29125 0.524375 0.01125 0.02375
0 0.2875 0.529375 0.0125 0.029375
0 0.2775 0.5275 0.01875 0.03625
0 0.27625 0.535625 0.018125 0.041875
0 0.25625 0.5375 0.0425 0.055625
0 0.23375 0.524375 0.01875 0.02375
0 0.22625 0.536875 0.024375 0.03875
0 0.21125 0.535625 0.02875 0.03625
0 0.05 0.55125 0.1 0.10125
0 0.339375 0.55375 0.080625 0.11125
0 0.445 0.55625 0.055 0.0775
0 0.515625 0.580625 0.113125 0.16
0 0.56 0.526875 0.013125 0.029375
0 0.12375 0.63125 0.246875 0.2525
1 0.7075 0.53375 0.01625 0.068125
1 0.57625 0.518125 0.015 0.045625