0 0.440625 0.42875 0.01 0.01375
0 0.43 0.429375 0.009375 0.0125
0 0.4175 0.429375 0.015 0.020625
0 0.400625 0.43125 0.015 0.016875
0 0.386875 0.430625 0.0125 0.01375
0 0.375625 0.43875 0.01625 0.01375
0 0.4525 0.42125 0.009375 0.0125
0 0.46 0.44125 0.015 0.02625
0 0.324375 0.4425 0.02 0.02625
0 0.3025 0.448125 0.02625 0.025
0 0.27375 0.454375 0.04375 0.029375
0 0.23 0.46125 0.046875 0.030625
0 0.160625 0.46625 0.068125 0.03625
0 0.065 0.463125 0.1175 0.075
2 0.205 0.41875 0.12625 0.075
2 0.368125 0.419375 0.02 0.0475
2 0.49625 0.4225 0.02 0.044375
0 0.475 0.44375 0.024375 0.035
0 0.52125 0.456875 0.04875 0.07375
0 0.01875 0.631875 0.0375 0.175
0 0.533125 0.406875 0.00875 0.006875