0 0.41375 0.36125 0.015 0.025
0 0.424375 0.369375 0.009375 0.0125
0 0.450625 0.36375 0.011875 0.01375
0 0.4725 0.36625 0.0125 0.01375
0 0.4975 0.354375 0.01375 0.018125
0 0.50875 0.354375 0.011875 0.02625
0 0.51375 0.35625 0.01375 0.0225
0 0.523125 0.36125 0.01625 0.029375
0 0.5325 0.36375 0.021875 0.035
0 0.563125 0.3775 0.05625 0.054375
0 0.32125 0.419375 0.096875 0.129375
0 0.275 0.41125 0.02375 0.066875
0 0.16 0.444375 0.12875 0.154375
0 0.58375 0.42375 0.08 0.11
0 0.9725 0.4625 0.0525 0.105625
1 0.498125 0.42 0.019375 0.1375
1 0.5125 0.424375 0.01875 0.133125
1 0.305625 0.444375 0.0425 0.16
1 0.701875 0.3825 0.01875 0.079375