0 0.46875 0.44625 0.019375 0.030625
0 0.455625 0.46125 0.02875 0.03875
0 0.4425 0.4775 0.0175 0.06125
0 0.35875 0.495 0.111875 0.14
1 0.255 0.445625 0.013125 0.04
1 0.218125 0.4975 0.03 0.158125
0 0.01625 0.676875 0.02875 0.085
0 0.55375 0.44625 0.021875 0.029375
0 0.548125 0.43625 0.0225 0.035
0 0.575625 0.45 0.0325 0.07375
0 0.491875 0.4275 0.0175 0.033125
2 0.660625 0.41125 0.14875 0.3
0 0.50625 0.499375 0.1025 0.183125
1 0.97125 0.539375 0.050625 0.27375
1 0.91125 0.524375 0.056875 0.283125
0 0.29375 0.54125 0.15875 0.194375