1 0.665 0.475625 0.01375 0.058125
0 0.4925 0.445625 0.006875 0.015
0 0.429375 0.45625 0.011875 0.0225
0 0.386875 0.46625 0.0175 0.04875
0 0.37125 0.47 0.02625 0.054375
0 0.336875 0.47625 0.05375 0.068125
0 0.516875 0.45875 0.01625 0.0375
0 0.539375 0.47375 0.0375 0.06375
0 0.8425 0.61125 0.268125 0.28625
0 0.580625 0.480625 0.0725 0.070625
0 0.413125 0.458125 0.0275 0.03625
0 0.481875 0.449375 0.01125 0.020625
0 0.501875 0.4525 0.015 0.018125
0 0.62 0.48125 0.061875 0.079375
1 0.7275 0.49375 0.019375 0.091875
1 0.07375 0.5125 0.025 0.170625
0 0.050625 0.51625 0.10125 0.085