0 0.153125 0.565 0.30625 0.319375
2 0.03875 0.42625 0.075625 0.0975
0 0.27 0.46625 0.0625 0.09
0 0.316875 0.448125 0.0525 0.070625
0 0.3475 0.4475 0.02625 0.055625
0 0.365 0.441875 0.01875 0.0375
0 0.2375 0.41625 0.05125 0.020625
0 0.451875 0.436875 0.03625 0.0725
0 0.47625 0.44125 0.019375 0.033125
0 0.486875 0.4375 0.0125 0.0225
0 0.49625 0.4375 0.00875 0.019375
0 0.41125 0.425625 0.015 0.019375
0 0.423125 0.481875 0.09 0.16
1 0.508125 0.443125 0.006875 0.03625
2 0.495 0.4225 0.01625 0.041875
2 0.51625 0.426875 0.01875 0.044375
0 0.53875 0.435 0.01625 0.016875
1 0.55625 0.439375 0.006875 0.033125
1 0.56125 0.439375 0.005 0.033125
1 0.603125 0.50125 0.044375 0.205625
1 0.65375 0.4725 0.0075 0.056875
1 0.6675 0.460625 0.0275 0.1025
1 0.72125 0.4775 0.0125 0.06375
1 0.734375 0.495625 0.0125 0.106875
1 0.741875 0.508125 0.024375 0.1725
1 0.765 0.4925 0.03125 0.20125
1 0.87125 0.514375 0.0425 0.285
1 0.78625 0.55625 0.07875 0.370625
0 0.38875 0.439375 0.02 0.02625