1 0.3109375 0.403125 0.01015625 0.05
1 0.2890625 0.4015625 0.01015625 0.05546875
1 0.26171875 0.409375 0.0078125 0.059375
1 0.9734375 0.4859375 0.046875 0.2
1 0.8546875 0.4640625 0.03515625 0.1765625
1 0.9546875 0.46953125 0.0359375 0.18359375
1 0.9703125 0.3671875 0.01640625 0.0375
1 0.92421875 0.46328125 0.0265625 0.15859375
1 0.7375 0.38828125 0.0125 0.02109375
0 0.44296875 0.403125 0.02421875 0.0375
0 0.74140625 0.48046875 0.1578125 0.1640625
0 0.48515625 0.45078125 0.0921875 0.1375
0 0.58125 0.40546875 0.06875 0.096875
0 0.378125 0.403125 0.03515625 0.04609375
1 0.3375 0.403125 0.009375 0.04140625