0 0.216875 0.513125 0.08125 0.095625
0 0.374375 0.518125 0.0775 0.11125
0 0.31125 0.48375 0.02375 0.025
0 0.04625 0.495 0.05375 0.03625
0 0.25375 0.48125 0.01375 0.05
0 0.274375 0.494375 0.03875 0.054375
0 0.343125 0.48375 0.031875 0.058125
0 0.348125 0.445 0.011875 0.01125
0 0.321875 0.4675 0.01125 0.016875
0 0.325625 0.45375 0.00875 0.01125
0 0.3325 0.44625 0.011875 0.01375
0 0.31875 0.44375 0.009375 0.019375
2 0.21625 0.445625 0.03125 0.045625
2 0.311875 0.37875 0.0075 0.019375
2 0.700625 0.305 0.13875 0.21125
0 0.42875 0.46875 0.04125 0.0275