0 0.13375 0.523125 0.034375 0.035
0 0.155625 0.52625 0.015 0.029375
0 0.1025 0.52 0.025625 0.0375
2 0.04625 0.506875 0.09 0.07375
2 0.41125 0.511875 0.10375 0.079375
0 0.675625 0.52625 0.01125 0.019375
0 0.67125 0.52625 0.009375 0.016875
0 0.66375 0.52625 0.01 0.019375
0 0.65375 0.531875 0.0225 0.03625
0 0.64125 0.531875 0.01125 0.025
0 0.625625 0.538125 0.0275 0.04
0 0.68375 0.5325 0.01 0.016875
0 0.724375 0.531875 0.06625 0.04
0 0.73875 0.535 0.103125 0.033125
0 0.73375 0.54625 0.099375 0.044375
0 0.833125 0.565 0.200625 0.1225
0 0.950625 0.541875 0.06125 0.0775
0 0.983125 0.54625 0.031875 0.0625