0 0.2171875 0.51328125 0.08125 0.09609375
0 0.375 0.51796875 0.07734375 0.1109375
0 0.3109375 0.484375 0.0234375 0.025
0 0.046875 0.4953125 0.05390625 0.0359375
0 0.253125 0.48125 0.0140625 0.05
0 0.275 0.49453125 0.0390625 0.05390625
0 0.34375 0.484375 0.03203125 0.05859375
0 0.3484375 0.4453125 0.01171875 0.0109375
0 0.321875 0.4671875 0.0109375 0.01640625
0 0.325 0.453125 0.00859375 0.0109375
0 0.3328125 0.446875 0.01171875 0.0140625
0 0.31875 0.44375 0.009375 0.01953125
2 0.215625 0.44609375 0.03125 0.04609375
2 0.31171875 0.378125 0.0078125 0.01953125
2 0.70078125 0.3046875 0.1390625 0.2109375
0 0.428125 0.46875 0.04140625 0.028125