0 0.40625 0.550625 0.009375 0.0125
0 0.39125 0.54875 0.0075 0.016875
0 0.38 0.550625 0.006875 0.016875
0 0.346875 0.563125 0.01125 0.02625
0 0.368125 0.57375 0.03375 0.041875
2 0.4275 0.55625 0.028125 0.044375
2 0.46625 0.554375 0.044375 0.11
0 0.5025 0.566875 0.024375 0.05125
2 0.5425 0.569375 0.05125 0.056875
2 0.65875 0.57 0.063125 0.0375
0 0.704375 0.58375 0.0675 0.031875
0 0.88 0.63375 0.236875 0.215
0 0.70125 0.689375 0.250625 0.21125
0 0.230625 0.56375 0.02875 0.043125
0 0.2025 0.573125 0.01625 0.03625
0 0.17625 0.57375 0.034375 0.055625
0 0.144375 0.581875 0.03875 0.056875
0 0.08625 0.57875 0.07375 0.081875
2 0.021875 0.53 0.04375 0.215
0 0.29 0.5975 0.1075 0.141875