0 0.3325 0.466875 0.01 0.0375
0 0.323125 0.464375 0.01875 0.055625
1 0.305 0.470625 0.0125 0.058125
0 0.300625 0.464375 0.036875 0.058125
0 0.2825 0.476875 0.04 0.083125
1 0.22375 0.48375 0.03 0.19
0 0.215625 0.4775 0.1225 0.166875
0 0.10125 0.53875 0.2025 0.265
0 0.0275 0.6325 0.05375 0.2875
0 0.36625 0.466875 0.009375 0.018125
0 0.37 0.47125 0.00875 0.0275
0 0.40625 0.47375 0.006875 0.02625
0 0.41875 0.476875 0.0125 0.030625
0 0.44625 0.470625 0.04875 0.085
0 0.476875 0.455 0.01375 0.0475
0 0.53 0.46875 0.071875 0.115
0 0.555625 0.501875 0.06125 0.080625
0 0.58 0.515 0.06875 0.095625
0 0.66375 0.51875 0.14125 0.166875
0 0.805625 0.556875 0.231875 0.21125
0 0.943125 0.618125 0.111875 0.2625
0 0.349375 0.468125 0.031875 0.043125
0 0.388125 0.47125 0.031875 0.0525