0 0.399375 0.39125 0.00875 0.015
0 0.3725 0.393125 0.013125 0.016875
0 0.36 0.389375 0.01125 0.020625
0 0.336875 0.39875 0.015625 0.01375
0 0.316875 0.40625 0.009375 0.019375
0 0.429375 0.39875 0.02 0.0275
0 0.451875 0.401875 0.0225 0.035
0 0.469375 0.399375 0.0125 0.043125
0 0.4775 0.40125 0.0125 0.05
0 0.27125 0.411875 0.02375 0.0225
0 0.24625 0.413125 0.02125 0.02625
0 0.230625 0.419375 0.024375 0.030625
0 0.185 0.419375 0.0175 0.055625
0 0.06 0.450625 0.05 0.044375
2 0.13 0.414375 0.09875 0.11375
0 0.5 0.404375 0.046875 0.070625
1 0.54 0.383125 0.005625 0.035
1 0.5425 0.4 0.0075 0.054375
0 0.93 0.46125 0.13875 0.435