1 0.88875 0.48125 0.03625 0.04
0 0.45125 0.599375 0.17125 0.281875
0 0.8175 0.70875 0.3625 0.419375
0 0.94875 0.51 0.09375 0.129375
0 0.099375 0.57625 0.19875 0.129375
0 0.199375 0.55 0.134375 0.08875
0 0.2625 0.533125 0.10375 0.066875
0 0.31625 0.51875 0.053125 0.02625
0 0.541875 0.526875 0.04125 0.05125
0 0.588125 0.52125 0.034375 0.0375
0 0.694375 0.535625 0.09 0.09875
0 0.76125 0.5 0.061875 0.041875
0 0.65375 0.53625 0.0425 0.055625
0 0.63 0.5225 0.01625 0.045625
2 0.6425 0.505 0.069375 0.0725
0 0.57 0.519375 0.0075 0.03625
0 0.520625 0.52375 0.015 0.030625