0 0.01640625 0.4484375 0.0328125 0.05859375
0 0.0296875 0.44140625 0.0328125 0.04453125
0 0.053125 0.4359375 0.009375 0.03359375
0 0.0640625 0.42734375 0.01484375 0.02890625
0 0.078125 0.41953125 0.01328125 0.028125
0 0.14140625 0.43828125 0.01328125 0.0375
0 0.13203125 0.4203125 0.01875 0.03359375
0 0.11875 0.4234375 0.01640625 0.021875
0 0.3921875 0.44140625 0.01484375 0.0375
0 0.3515625 0.45546875 0.01640625 0.04140625
0 0.33203125 0.446875 0.03203125 0.0625
0 0.3765625 0.4484375 0.0234375 0.0375
0 0.3015625 0.46171875 0.04765625 0.06796875
2 0.4578125 0.384375 0.1171875 0.32109375
1 0.63828125 0.4734375 0.0265625 0.084375