0 0.01625 0.481875 0.031875 0.0725
2 0.065 0.47875 0.065625 0.058125
0 0.13 0.4775 0.071875 0.075
0 0.273125 0.46375 0.03875 0.06375
0 0.218125 0.4675 0.024375 0.033125
0 0.2375 0.4675 0.01125 0.02625
0 0.24625 0.464375 0.013125 0.0275
0 0.309375 0.469375 0.02 0.02375
0 0.2975 0.465 0.011875 0.0225
0 0.33 0.46375 0.01625 0.0125
0 0.341875 0.46125 0.00875 0.01375
0 0.946875 0.73125 0.105 0.26375
0 0.968125 0.5375 0.0625 0.17375
0 0.4725 0.49375 0.065625 0.08625
2 0.385 0.455 0.025 0.056875
0 0.424375 0.47875 0.02 0.030625
0 0.410625 0.469375 0.011875 0.02375
0 0.516875 0.49375 0.03125 0.044375
0 0.44125 0.474375 0.01125 0.0225
0 0.600625 0.498125 0.04375 0.029375
0 0.585 0.48625 0.0325 0.03625
0 0.6825 0.50625 0.078125 0.05125
0 0.745625 0.493125 0.0475 0.06375