0 0.1025 0.405 0.1275 0.068125
0 0.13375 0.39 0.09 0.083125
0 0.218125 0.40125 0.034375 0.029375
0 0.253125 0.395 0.063125 0.03625
0 0.2975 0.38125 0.030625 0.033125
0 0.30875 0.3875 0.024375 0.029375
0 0.318125 0.39125 0.044375 0.04
0 0.33875 0.374375 0.0225 0.029375
0 0.35625 0.36875 0.018125 0.018125
0 0.374375 0.3675 0.02125 0.025
0 0.35375 0.383125 0.025 0.0375
2 0.393125 0.361875 0.030625 0.054375
0 0.43625 0.36 0.0125 0.018125
0 0.44625 0.358125 0.011875 0.015
0 0.45625 0.358125 0.01 0.020625
0 0.470625 0.37125 0.02625 0.0475
0 0.605625 0.358125 0.01625 0.029375
0 0.59375 0.3525 0.0125 0.0225
0 0.574375 0.349375 0.015 0.015
0 0.565 0.348125 0.011875 0.018125
0 0.72625 0.36375 0.055625 0.066875
0 0.759375 0.369375 0.05375 0.055625
0 0.424375 0.3775 0.0325 0.05
0 0.4225 0.34875 0.01875 0.01375
0 0.523125 0.430625 0.109375 0.16
0 0.8125 0.36625 0.08 0.085
1 0.860625 0.355625 0.02 0.094375
0 0.96375 0.37625 0.07 0.10125