1 0.309375 0.4 0.005625 0.020625
1 0.305 0.41625 0.01 0.055625
1 0.295 0.418125 0.006875 0.06375
1 0.28375 0.419375 0.00875 0.04875
1 0.27625 0.415 0.01 0.058125
1 0.256875 0.400625 0.006875 0.044375
1 0.26625 0.416875 0.015625 0.0875
1 0.158125 0.406875 0.0175 0.0975
1 0.14875 0.414375 0.009375 0.08625
1 0.045 0.411875 0.018125 0.129375
1 0.02625 0.398125 0.028125 0.143125
1 0.070625 0.41375 0.04875 0.170625
0 0.565625 0.416875 0.0525 0.044375
0 0.593125 0.48375 0.084375 0.119375
0 0.369375 0.42125 0.025 0.03625
0 0.335625 0.44 0.0675 0.1025
2 0.6925 0.4025 0.131875 0.085
0 0.855 0.488125 0.1475 0.093125
0 0.704375 0.5525 0.22375 0.2375
0 0.464375 0.535625 0.22625 0.3625
0 0.869375 0.62125 0.259375 0.535