0 0.1675 0.5825 0.3325 0.379375
0 0.97625 0.66 0.04625 0.294375
0 0.2125 0.408125 0.0725 0.0375
0 0.33375 0.43625 0.115625 0.08875
0 0.50875 0.45375 0.11 0.154375
0 0.603125 0.41 0.049375 0.035
0 0.683125 0.419375 0.0425 0.06
0 0.835625 0.435625 0.019375 0.045625
0 0.816875 0.43 0.0225 0.04
0 0.790625 0.4325 0.03375 0.045625
0 0.755625 0.416875 0.03625 0.029375
0 0.9425 0.419375 0.0225 0.031875
0 0.71875 0.46625 0.08375 0.1
0 0.614375 0.52 0.149375 0.2025
2 0.8875 0.41 0.08875 0.244375
2 0.970625 0.3925 0.030625 0.035