0 0.131875 0.5075 0.034375 0.016875
2 0.029375 0.483125 0.05875 0.07625
0 0.05 0.574375 0.1 0.105625
0 0.588125 0.58375 0.013125 0.015
0 0.575625 0.57625 0.011875 0.008125
0 0.5775 0.59625 0.011875 0.0275
0 0.531875 0.588125 0.013125 0.019375
2 0.51375 0.58 0.02875 0.0525
0 0.510625 0.5925 0.01875 0.04
0 0.49875 0.59 0.01625 0.04875
0 0.480625 0.5875 0.02625 0.06375
0 0.4525 0.5875 0.044375 0.07625
0 0.42125 0.591875 0.044375 0.080625
0 0.365 0.60125 0.080625 0.116875
0 0.2975 0.60375 0.080625 0.1475
0 0.140625 0.660625 0.28125 0.295625
2 0.60375 0.5775 0.021875 0.044375
0 0.551875 0.59625 0.0425 0.056875
0 0.650625 0.59125 0.065 0.044375
0 0.69625 0.59375 0.03125 0.068125
0 0.699375 0.6 0.018125 0.06375
0 0.723125 0.60125 0.049375 0.083125
0 0.73875 0.610625 0.04 0.08875
0 0.795625 0.61375 0.105625 0.1375
1 0.716875 0.60625 0.01875 0.106875
0 0.899375 0.6725 0.1975 0.22625
1 0.90125 0.551875 0.009375 0.02375