0 0.15125 0.569375 0.025625 0.02625
2 0.1 0.524375 0.07875 0.0475
0 0.275625 0.54125 0.093125 0.1275
0 0.07375 0.62625 0.145 0.218125
0 0.2225 0.67375 0.236875 0.279375
1 0.4225 0.593125 0.005625 0.045625
1 0.4075 0.594375 0.0075 0.05
1 0.4 0.593125 0.01 0.0475
1 0.391875 0.59375 0.011875 0.0525
1 0.4275 0.6025 0.01125 0.066875
1 0.50375 0.61125 0.0125 0.07375
1 0.54 0.619375 0.0125 0.058125
1 0.52625 0.6225 0.01 0.05
1 0.5175 0.626875 0.01625 0.0475
1 0.831875 0.651875 0.056875 0.245625
0 0.645 0.608125 0.0525 0.070625
0 0.68875 0.613125 0.085 0.066875
1 0.46625 0.593125 0.006875 0.054375
1 0.44875 0.5875 0.009375 0.03875
1 0.460625 0.6075 0.0125 0.080625
0 0.76125 0.610625 0.043125 0.0725
0 0.786875 0.61375 0.05875 0.0775
0 0.85875 0.6075 0.03 0.066875
0 0.8875 0.61375 0.05625 0.065
0 0.905625 0.575 0.0375 0.025
0 0.95375 0.60625 0.074375 0.08625
0 0.98875 0.604375 0.01625 0.0525
0 0.99125 0.683125 0.015 0.129375
0 0.9425 0.6275 0.078125 0.093125