2 0.451875 0.34875 0.024375 0.04875
2 0.386875 0.370625 0.025 0.041875
2 0.36625 0.363125 0.02125 0.02625
2 0.3475 0.364375 0.0225 0.04
2 0.334375 0.37375 0.03125 0.03625
0 0.28 0.38375 0.038125 0.085
0 0.14 0.368125 0.05875 0.081875
0 0.07875 0.42625 0.156875 0.208125
0 0.216875 0.38375 0.12375 0.133125
0 0.420625 0.4 0.065625 0.09
0 0.468125 0.376875 0.030625 0.043125
0 0.600625 0.410625 0.144375 0.183125
1 0.51 0.370625 0.0075 0.02375
1 0.7 0.420625 0.015625 0.08625
1 0.721875 0.411875 0.02625 0.08875
1 0.843125 0.4225 0.035 0.133125
1 0.824375 0.40875 0.0175 0.083125
1 0.9775 0.455 0.031875 0.16125
1 0.955625 0.4475 0.0275 0.1625