0 0.461875 0.649375 0.005625 0.02375
0 0.453125 0.6525 0.011875 0.020625
0 0.44375 0.66 0.011875 0.020625
2 0.4225 0.651875 0.03625 0.055625
0 0.1925 0.65125 0.14375 0.154375
2 0.476875 0.654375 0.0325 0.070625
0 0.505625 0.673125 0.019375 0.0275
0 0.4975 0.644375 0.0075 0.02375
0 0.656875 0.6675 0.0425 0.03625
0 0.7025 0.65125 0.03625 0.0275
0 0.838125 0.65125 0.038125 0.041875
0 0.87 0.6525 0.02375 0.04
0 0.893125 0.649375 0.0275 0.033125
0 0.910625 0.6525 0.0225 0.04
0 0.944375 0.6575 0.02875 0.02625
0 0.803125 0.651875 0.02875 0.033125