0 0.593125 0.6825 0.01875 0.020625
0 0.58375 0.68 0.01625 0.019375
0 0.51375 0.679375 0.013125 0.020625
0 0.49625 0.6925 0.02125 0.02625
0 0.48375 0.68625 0.01875 0.020625
0 0.470625 0.68875 0.015625 0.019375
0 0.455 0.693125 0.02375 0.030625
0 0.43125 0.695 0.028125 0.035
0 0.39 0.780625 0.143125 0.193125
0 0.1725 0.79875 0.345 0.39875
0 0.56625 0.843125 0.275 0.31
0 0.72875 0.6775 0.030625 0.041875
1 0.886875 0.723125 0.03125 0.1525
1 0.865625 0.738125 0.019375 0.083125
1 0.84 0.745625 0.04375 0.195625
1 0.81625 0.849375 0.0075 0.0025
1 0.78875 0.74 0.031875 0.155625
1 0.75875 0.733125 0.031875 0.16