1 0.27125 0.635625 0.006875 0.033125
1 0.266875 0.636875 0.011875 0.04
1 0.255625 0.6375 0.01125 0.0475
1 0.21375 0.64625 0.01375 0.068125
1 0.40375 0.636875 0.00375 0.019375
1 0.394375 0.63875 0.006875 0.019375
0 0.49 0.629375 0.01125 0.008125
0 0.46125 0.636875 0.015625 0.015
0 0.43875 0.633125 0.01875 0.025
0 0.4725 0.629375 0.009375 0.0125
0 0.48125 0.635 0.01125 0.02375
0 0.29875 0.6525 0.0625 0.080625
0 0.355 0.663125 0.074375 0.085
2 0.5475 0.620625 0.02 0.020625
0 0.530625 0.6375 0.018125 0.029375
0 0.54625 0.644375 0.021875 0.029375
0 0.509375 0.635 0.024375 0.04875
0 0.563125 0.65875 0.03125 0.043125
2 0.603125 0.6375 0.05125 0.07625
0 0.66625 0.704375 0.02375 0.093125
0 0.025 0.72625 0.049375 0.295625
0 0.81375 0.7 0.30125 0.4