1 0.271875 0.63515625 0.00703125 0.03359375
1 0.2671875 0.63671875 0.01171875 0.040625
1 0.25546875 0.6375 0.0109375 0.046875
1 0.2140625 0.646875 0.0140625 0.06796875
1 0.403125 0.63671875 0.00390625 0.01953125
1 0.39453125 0.6390625 0.00703125 0.01953125
0 0.48984375 0.62890625 0.0109375 0.00859375
0 0.4609375 0.63671875 0.015625 0.015625
0 0.4390625 0.63359375 0.01875 0.025
0 0.471875 0.62890625 0.009375 0.0125
0 0.48125 0.634375 0.0109375 0.0234375
0 0.2984375 0.653125 0.0625 0.08046875
0 0.3546875 0.66328125 0.07421875 0.084375
2 0.546875 0.62109375 0.0203125 0.02109375
0 0.53046875 0.6375 0.01796875 0.02890625
0 0.546875 0.64453125 0.021875 0.02890625
0 0.509375 0.634375 0.02421875 0.0484375
0 0.56328125 0.659375 0.03125 0.04296875
2 0.603125 0.6375 0.0515625 0.0765625
0 0.665625 0.70390625 0.0234375 0.09296875
0 0.025 0.7265625 0.04921875 0.29609375
0 0.8140625 0.7 0.3015625 0.4