0 0.578125 0.54125 0.0075 0.01375
0 0.58375 0.539375 0.00875 0.019375
0 0.590625 0.538125 0.0075 0.019375
0 0.600625 0.53625 0.015 0.02625
0 0.615 0.5425 0.013125 0.0275
0 0.63 0.545625 0.02125 0.035
0 0.645 0.5525 0.04 0.065
0 0.535 0.535 0.00875 0.019375
0 0.566875 0.535625 0.0125 0.020625
0 0.526875 0.535 0.00875 0.0225
0 0.51625 0.535625 0.01625 0.020625
0 0.5 0.530625 0.0175 0.035
0 0.48375 0.535 0.019375 0.043125
0 0.47 0.5425 0.02375 0.044375
0 0.45125 0.551875 0.0275 0.06375
0 0.425 0.55875 0.040625 0.0775
0 0.3675 0.565 0.078125 0.11125
0 0.550625 0.535 0.019375 0.029375
0 0.77875 0.664375 0.2825 0.3975
1 0.22 0.581875 0.030625 0.131875
1 0.12125 0.575625 0.03625 0.16
1 0.049375 0.58125 0.046875 0.154375