0 0.578125 0.540625 0.0078125 0.0140625
0 0.58359375 0.53984375 0.00859375 0.01953125
0 0.590625 0.53828125 0.0078125 0.01953125
0 0.60078125 0.5359375 0.01484375 0.0265625
0 0.615625 0.5421875 0.01328125 0.028125
0 0.6296875 0.54609375 0.02109375 0.034375
0 0.6453125 0.553125 0.03984375 0.065625
0 0.534375 0.534375 0.00859375 0.01953125
0 0.5671875 0.53515625 0.0125 0.02109375
0 0.5265625 0.534375 0.00859375 0.021875
0 0.515625 0.53515625 0.01640625 0.02109375
0 0.5 0.53046875 0.0171875 0.034375
0 0.48359375 0.534375 0.01953125 0.04296875
0 0.4703125 0.5421875 0.0234375 0.04453125
0 0.4515625 0.55234375 0.02734375 0.0640625
0 0.425 0.559375 0.040625 0.078125
0 0.3671875 0.565625 0.078125 0.1109375
0 0.55078125 0.534375 0.01953125 0.02890625
0 0.77890625 0.66484375 0.2828125 0.396875
1 0.2203125 0.58203125 0.03046875 0.13203125
1 0.121875 0.57578125 0.0359375 0.159375
1 0.05 0.58125 0.046875 0.15390625