2 0.255625 0.606875 0.08625 0.1725
0 0.9125 0.733125 0.17375 0.1725
0 0.8 0.698125 0.09875 0.130625
0 0.726875 0.683125 0.08625 0.10125
0 0.68 0.67 0.07375 0.09
0 0.643125 0.67 0.053125 0.070625
0 0.613125 0.666875 0.0425 0.068125
0 0.59875 0.67 0.036875 0.075
0 0.574375 0.6725 0.04375 0.065
0 0.550625 0.66875 0.036875 0.04875
0 0.535625 0.6675 0.03125 0.05125
0 0.52125 0.67125 0.0275 0.04875
0 0.514375 0.66375 0.03 0.043125
0 0.49875 0.661875 0.018125 0.03875
0 0.87625 0.6425 0.05125 0.02375
0 0.3925 0.6375 0.02 0.01375
0 0.35875 0.65375 0.0125 0.02375
2 0.35875 0.62875 0.011875 0.015
1 0.1975 0.6425 0.013125 0.068125