1 0.296875 0.47421875 0.01875 0.0734375
1 0.22421875 0.49140625 0.040625 0.1875
1 0.259375 0.49375 0.04296875 0.190625
1 0.09140625 0.553125 0.05703125 0.15859375
1 0.6625 0.453125 0.0296875 0.153125
1 0.634375 0.44921875 0.0375 0.1765625
0 0.471875 0.42578125 0.02421875 0.025
0 0.43515625 0.43359375 0.03125 0.0109375
0 0.403125 0.44921875 0.00625 0.0140625
0 0.38984375 0.45625 0.02109375 0.034375
0 0.375 0.4734375 0.028125 0.053125
0 0.3484375 0.48359375 0.05625 0.06796875
0 0.4859375 0.6265625 0.278125 0.3875