0 0.01125 0.44375 0.021875 0.06
2 0.05375 0.41375 0.03375 0.06125
0 0.031875 0.426875 0.01875 0.030625
0 0.38125 0.4775 0.17 0.245625
0 0.276875 0.464375 0.1125 0.14875
0 0.463125 0.4275 0.036875 0.080625
0 0.495 0.4125 0.028125 0.041875
1 0.82 0.405625 0.021875 0.106875
1 0.84375 0.410625 0.019375 0.0875
1 0.78875 0.413125 0.025625 0.091875
1 0.67625 0.386875 0.01625 0.06125
1 0.70125 0.38875 0.00625 0.04875
1 0.644375 0.4025 0.01 0.06
1 0.6325 0.400625 0.013125 0.06375
1 0.6125 0.408125 0.00875 0.069375
1 0.6225 0.398125 0.01125 0.0525
1 0.59625 0.39625 0.00625 0.041875
1 0.5825 0.39875 0.00875 0.05
1 0.56 0.39875 0.0125 0.054375
1 0.540625 0.39875 0.006875 0.02375
1 0.521875 0.4 0.01 0.03875
1 0.514375 0.394375 0.006875 0.0375
1 0.186875 0.429375 0.015 0.041875
0 0.1375 0.42125 0.0275 0.044375
1 0.603125 0.395625 0.006875 0.043125