0 0.47 0.538125 0.00875 0.02625
0 0.4775 0.535625 0.01125 0.02375
0 0.49 0.53875 0.013125 0.0275
0 0.5025 0.539375 0.01875 0.0475
0 0.52 0.5425 0.030625 0.058125
0 0.5225 0.55 0.019375 0.056875
0 0.5375 0.55125 0.01875 0.083125
0 0.565 0.54875 0.06 0.1025
0 0.62 0.57625 0.08 0.133125
0 0.446875 0.54125 0.00875 0.020625
0 0.438125 0.53875 0.0125 0.02375
0 0.43375 0.545 0.015625 0.04
0 0.425625 0.54625 0.01875 0.04
0 0.41625 0.54875 0.025 0.043125
0 0.409375 0.555 0.0275 0.041875
0 0.405 0.561875 0.02 0.04875
0 0.38375 0.561875 0.03875 0.0625
0 0.3775 0.573125 0.036875 0.070625
0 0.358125 0.581875 0.028125 0.09
0 0.460625 0.544375 0.024375 0.035
0 0.7175 0.6025 0.195 0.194375
0 0.31 0.5875 0.109375 0.14875
0 0.11375 0.668125 0.2275 0.23875
1 0.844375 0.385 0.015625 0.0275
1 0.694375 0.461875 0.005 0.02625
1 0.799375 0.54875 0.0275 0.068125