0 0.4703125 0.53828125 0.00859375 0.0265625
0 0.47734375 0.53515625 0.0109375 0.0234375
0 0.490625 0.5390625 0.01328125 0.028125
0 0.50234375 0.53984375 0.01875 0.046875
0 0.5203125 0.5421875 0.03046875 0.05859375
0 0.52265625 0.55 0.01953125 0.05703125
0 0.5375 0.5515625 0.01875 0.08359375
0 0.565625 0.5484375 0.06015625 0.103125
0 0.6203125 0.5765625 0.0796875 0.13359375
0 0.446875 0.540625 0.00859375 0.02109375
0 0.43828125 0.5390625 0.0125 0.0234375
0 0.434375 0.5453125 0.015625 0.040625
0 0.425 0.546875 0.01875 0.040625
0 0.41640625 0.5484375 0.025 0.04296875
0 0.409375 0.5546875 0.02734375 0.04140625
0 0.4046875 0.56171875 0.0203125 0.0484375
0 0.384375 0.56171875 0.0390625 0.0625
0 0.37734375 0.57265625 0.03671875 0.07109375
0 0.3578125 0.58203125 0.028125 0.090625
0 0.4609375 0.54453125 0.02421875 0.034375
0 0.7171875 0.603125 0.1953125 0.19453125
0 0.31015625 0.5875 0.109375 0.1484375
0 0.1140625 0.66875 0.228125 0.2390625
1 0.84375 0.384375 0.015625 0.028125
1 0.69453125 0.46171875 0.0046875 0.0265625
1 0.79921875 0.5484375 0.02734375 0.06796875