0 0.11625 0.68625 0.23 0.36125
0 0.955625 0.548125 0.08875 0.12625
0 0.856875 0.55625 0.136875 0.143125
0 0.659375 0.606875 0.325625 0.233125
0 0.27125 0.625625 0.103125 0.11375
0 0.211875 0.585 0.034375 0.043125
1 0.53125 0.566875 0.0225 0.07375
1 0.6575 0.50125 0.01 0.0125
1 0.493125 0.59875 0.02375 0.145625
1 0.386875 0.56125 0.00875 0.041875
1 0.38125 0.561875 0.011875 0.04875
1 0.306875 0.57625 0.01625 0.05
1 0.315 0.576875 0.01125 0.043125
1 0.33375 0.5775 0.01875 0.075
1 0.33625 0.581875 0.009375 0.055625
1 0.3725 0.581875 0.01625 0.07375
0 0.50625 0.575 0.156875 0.11125
0 0.424375 0.575625 0.03125 0.094375
0 0.4025 0.54375 0.03 0.0275