1 0.861875 0.44125 0.02 0.104375
1 0.838125 0.445625 0.0275 0.1
1 0.64875 0.420625 0.013125 0.06375
1 0.3325 0.404375 0.01375 0.05125
1 0.306875 0.398125 0.006875 0.0275
1 0.426875 0.404375 0.005 0.030625
1 0.670625 0.4025 0.0175 0.043125
0 0.5025 0.424375 0.0125 0.04875
0 0.5225 0.42125 0.03125 0.069375
0 0.540625 0.424375 0.05 0.069375
0 0.55 0.436875 0.04 0.06375
0 0.46125 0.4025 0.011875 0.020625
0 0.275 0.40625 0.0375 0.043125
0 0.211875 0.43375 0.24375 0.170625
0 0.374375 0.40375 0.0225 0.033125
0 0.413125 0.40125 0.025625 0.043125
0 0.4475 0.405 0.0225 0.03625
0 0.47875 0.4075 0.025625 0.04
0 0.59 0.4475 0.07 0.085
1 0.343125 0.399375 0.02 0.055625