1 0.54 0.448125 0.011875 0.05125
1 0.523125 0.4525 0.009375 0.05125
1 0.618125 0.45625 0.011875 0.054375
0 0.298125 0.445625 0.013125 0.0375
0 0.285 0.445625 0.015625 0.041875
0 0.269375 0.44375 0.02625 0.05125
0 0.2425 0.4475 0.036875 0.06375
0 0.215625 0.450625 0.03625 0.06125
0 0.17875 0.45625 0.056875 0.0725
0 0.140625 0.46625 0.04625 0.0775
0 0.08125 0.469375 0.08625 0.1125
0 0.438125 0.44375 0.015625 0.033125
0 0.480625 0.448125 0.015 0.033125
0 0.469375 0.4475 0.015625 0.035
0 0.45125 0.449375 0.0225 0.044375
0 0.495625 0.450625 0.02875 0.0475
0 0.418125 0.4525 0.034375 0.05125
0 0.38125 0.449375 0.02375 0.04
0 0.3225 0.468125 0.056875 0.0775
0 0.0225 0.469375 0.045 0.14