1 0.64125 0.443125 0.02 0.0525
1 0.499375 0.48125 0.0225 0.0775
1 0.118125 0.474375 0.011875 0.05125
0 0.244375 0.468125 0.015 0.016875
0 0.236875 0.470625 0.01 0.01125
0 0.22 0.47375 0.011875 0.0125
0 0.2025 0.475 0.013125 0.016875
0 0.193125 0.474375 0.011875 0.018125
0 0.17 0.474375 0.011875 0.033125
0 0.128125 0.4825 0.019375 0.030625
0 0.109375 0.48875 0.0175 0.02625
2 0.15 0.466875 0.03625 0.0625
2 0.0725 0.468125 0.06125 0.0875
0 0.029375 0.47375 0.05875 0.09875
0 0.271875 0.469375 0.01 0.016875
0 0.2625 0.470625 0.015625 0.02375
0 0.27875 0.4725 0.01 0.0225
0 0.289375 0.4725 0.0175 0.02625
0 0.301875 0.469375 0.011875 0.0275
0 0.31125 0.4675 0.025625 0.03875
0 0.32125 0.475 0.0125 0.035
0 0.330625 0.47625 0.02375 0.045625
0 0.3325 0.48125 0.019375 0.03625
0 0.344375 0.48375 0.02375 0.045625
0 0.37375 0.491875 0.056875 0.075
0 0.415 0.455625 0.034375 0.05125
0 0.444375 0.5075 0.118125 0.14875
0 0.789375 0.561875 0.41875 0.745625