1 0.640625 0.44296875 0.0203125 0.053125
1 0.5 0.48125 0.02265625 0.078125
1 0.11875 0.47421875 0.01171875 0.0515625
0 0.24453125 0.46796875 0.01484375 0.01640625
0 0.2375 0.47109375 0.01015625 0.0109375
0 0.2203125 0.4734375 0.01171875 0.0125
0 0.20234375 0.475 0.01328125 0.01640625
0 0.19375 0.47421875 0.01171875 0.01796875
0 0.1703125 0.47421875 0.01171875 0.03359375
0 0.128125 0.4828125 0.01953125 0.03046875
0 0.109375 0.4890625 0.0171875 0.0265625
2 0.15 0.46640625 0.0359375 0.0625
2 0.07265625 0.46796875 0.0609375 0.0875
0 0.0296875 0.4734375 0.05859375 0.0984375
0 0.271875 0.46953125 0.01015625 0.01640625
0 0.2625 0.47109375 0.015625 0.0234375
0 0.278125 0.471875 0.01015625 0.021875
0 0.2890625 0.471875 0.0171875 0.0265625
0 0.3015625 0.46953125 0.01171875 0.028125
0 0.3109375 0.4671875 0.02578125 0.0390625
0 0.32109375 0.475 0.0125 0.034375
0 0.33125 0.4765625 0.0234375 0.04609375
0 0.3328125 0.48125 0.01953125 0.0359375
0 0.34375 0.484375 0.0234375 0.04609375
0 0.3734375 0.49140625 0.05703125 0.075
0 0.41484375 0.45546875 0.034375 0.0515625
0 0.44375 0.5078125 0.11796875 0.1484375
0 0.7890625 0.56171875 0.41875 0.74609375