0 0.074375 0.42625 0.14875 0.133125
0 0.9575 0.524375 0.08 0.275
0 0.885625 0.44875 0.225 0.2475
0 0.2725 0.375625 0.07 0.07625
2 0.32125 0.37625 0.0325 0.054375
0 0.339375 0.37125 0.02875 0.05125
0 0.36 0.3675 0.02375 0.0475
0 0.374375 0.3675 0.01875 0.030625
0 0.38875 0.3575 0.028125 0.05
0 0.49875 0.344375 0.0175 0.030625
0 0.511875 0.34625 0.01375 0.018125
0 0.536875 0.345 0.0125 0.0125
0 0.688125 0.405 0.06875 0.118125
1 0.716875 0.338125 0.011875 0.0225
0 0.7475 0.41375 0.124375 0.1375
2 0.45375 0.380625 0.09375 0.1375
0 0.254375 0.405 0.096875 0.0725
0 0.523125 0.35375 0.0175 0.033125
0 0.54625 0.3575 0.01625 0.025
0 0.591875 0.343125 0.025625 0.054375
2 0.605625 0.3475 0.0425 0.054375
0 0.02375 0.32875 0.02875 0.05
0 0.1075 0.285 0.055 0.0375
0 0.18875 0.28875 0.059375 0.033125
0 0.17125 0.299375 0.028125 0.020625
1 0.13 0.386875 0.01625 0.05
1 0.13625 0.39 0.011875 0.05125