1 0.0234375 0.4828125 0.02421875 0.10546875
1 0.05078125 0.48125 0.03125 0.10546875
0 0.35234375 0.48203125 0.17265625 0.19453125
0 0.4703125 0.484375 0.125 0.13046875
0 0.5671875 0.47890625 0.0859375 0.08203125
0 0.6265625 0.47890625 0.03984375 0.0609375
0 0.6578125 0.47109375 0.04453125 0.07109375
0 0.7 0.471875 0.046875 0.0609375
0 0.771875 0.465625 0.05859375 0.0640625
0 0.8125 0.47109375 0.015625 0.046875
0 0.83046875 0.46796875 0.015625 0.028125
0 0.84921875 0.4609375 0.0171875 0.028125
0 0.95859375 0.4625 0.059375 0.0765625
0 0.91796875 0.459375 0.02265625 0.05859375
0 0.89296875 0.465625 0.02734375 0.028125