0 0.0825 0.515 0.05625 0.02625
0 0.1075 0.508125 0.059375 0.04
0 0.1475 0.506875 0.06 0.031875
0 0.1375 0.486875 0.045 0.018125
0 0.1875 0.500625 0.050625 0.0375
0 0.2325 0.506875 0.0425 0.019375
0 0.253125 0.49875 0.03875 0.030625
0 0.2925 0.495625 0.045 0.03625
0 0.31875 0.49625 0.03625 0.035
0 0.333125 0.493125 0.03125 0.035
0 0.356875 0.47875 0.01875 0.01375
0 0.355 0.49375 0.0175 0.015
0 0.378125 0.491875 0.011875 0.025
0 0.44625 0.475 0.03125 0.05
0 0.663125 0.498125 0.03875 0.068125
0 0.693125 0.4775 0.01375 0.033125
0 0.713125 0.4775 0.00625 0.020625
0 0.724375 0.479375 0.01125 0.030625
2 0.3925 0.48125 0.038125 0.030625
0 0.55375 0.58 0.27375 0.343125
0 0.95125 0.63625 0.09625 0.2625
1 0.09875 0.501875 0.01375 0.066875
1 0.838125 0.48625 0.03375 0.16125
1 0.875625 0.483125 0.040625 0.2
1 0.9575 0.4575 0.038125 0.154375