0 0.559375 0.50125 0.01125 0.019375
0 0.58375 0.50125 0.038125 0.0625
0 0.699375 0.5025 0.025625 0.041875
0 0.7125 0.506875 0.03 0.031875
0 0.726875 0.51 0.018125 0.03625
0 0.80375 0.506875 0.024375 0.05125
0 0.8275 0.518125 0.053125 0.0525
0 0.86875 0.518125 0.06375 0.068125
0 0.543125 0.5 0.01625 0.0225
0 0.115625 0.529375 0.040625 0.03625
1 0.1375 0.53125 0.0075 0.031875
0 0.186875 0.520625 0.035 0.03875
1 0.21625 0.513125 0.006875 0.029375
1 0.155625 0.53125 0.006875 0.041875
1 0.16375 0.53125 0.009375 0.045625
0 0.311875 0.51125 0.009375 0.019375
0 0.3 0.514375 0.013125 0.02625
0 0.285625 0.524375 0.015 0.016875
0 0.268125 0.519375 0.018125 0.016875
0 0.363125 0.513125 0.0075 0.019375
0 0.353125 0.514375 0.01125 0.0225
0 0.3275 0.518125 0.01125 0.019375
0 0.37125 0.51625 0.0125 0.01375
1 0.244375 0.516875 0.00375 0.0225
1 0.248125 0.518125 0.005625 0.02375
2 0.42125 0.45875 0.09 0.181875
2 0.65125 0.488125 0.0425 0.075
0 0.48375 0.530625 0.121875 0.179375
0 0.62375 0.514375 0.068125 0.1
0 0.76 0.51 0.065625 0.075