0 0.42375 0.504375 0.009375 0.0125
0 0.365 0.525 0.02375 0.033125
0 0.380625 0.52 0.0125 0.0225
0 0.3925 0.518125 0.01 0.018125
0 0.383125 0.50125 0.01 0.018125
0 0.393125 0.495625 0.011875 0.016875
0 0.404375 0.493125 0.01 0.01375
0 0.404375 0.511875 0.01 0.01375
0 0.414375 0.51 0.0075 0.018125
0 0.41625 0.489375 0.009375 0.0125
0 0.43375 0.50375 0.009375 0.01375
0 0.44125 0.5125 0.0075 0.020625
0 0.455625 0.498125 0.028125 0.058125
0 0.461875 0.52 0.019375 0.03875
0 0.483125 0.52125 0.040625 0.055625
0 0.4225 0.563125 0.069375 0.105625
0 0.25375 0.538125 0.0175 0.03875
0 0.238125 0.53 0.019375 0.03875
0 0.213125 0.5575 0.06625 0.0775
0 0.1425 0.56125 0.07125 0.06375
0 0.070625 0.569375 0.04625 0.06
0 0.536875 0.543125 0.069375 0.105625
0 0.571875 0.523125 0.02125 0.0475
2 0.598125 0.53625 0.059375 0.0775
0 0.6225 0.529375 0.02375 0.0475
0 0.6475 0.523125 0.0375 0.055625
0 0.67625 0.536875 0.06875 0.06375
0 0.73 0.535 0.045 0.055625
0 0.91125 0.536875 0.100625 0.08875
0 0.87375 0.561875 0.07875 0.08875
0 0.788125 0.5725 0.15375 0.130625
2 0.039375 0.49 0.07875 0.366875