1 0.296875 0.416875 0.0075 0.019375
1 0.29125 0.415 0.00625 0.016875
0 0.303125 0.4525 0.030625 0.056875
0 0.280625 0.450625 0.0425 0.08625
0 0.235625 0.45125 0.09 0.11375
0 0.186875 0.47625 0.099375 0.12375
0 0.085 0.4925 0.169375 0.19875
0 0.383125 0.43375 0.018125 0.02625
0 0.371875 0.438125 0.0175 0.02625
0 0.39375 0.433125 0.00875 0.016875
0 0.50375 0.451875 0.031875 0.05125
0 0.685625 0.46875 0.01375 0.025
0 0.670625 0.499375 0.000625 0.0125
0 0.350625 0.439375 0.025625 0.035
0 0.405625 0.435625 0.0225 0.030625
0 0.433125 0.435 0.01875 0.031875
0 0.466875 0.44875 0.03875 0.06125