0 0.424375 0.2975 0.01375 0.029375
0 0.53 0.263125 0.0475 0.0275
0 0.57625 0.26125 0.02375 0.018125
0 0.755625 0.315 0.19 0.23625
0 0.046875 0.3825 0.0925 0.13625
0 0.906875 0.404375 0.181875 0.491875
0 0.918125 0.27875 0.134375 0.091875
0 0.38625 0.316875 0.063125 0.075
0 0.55125 0.38125 0.1575 0.219375
1 0.85875 0.258125 0.018125 0.07625
1 0.313125 0.313125 0.01125 0.0525
1 0.29625 0.311875 0.01125 0.044375
1 0.28375 0.315 0.01 0.056875
1 0.158125 0.33375 0.0125 0.065
1 0.2725 0.315 0.01125 0.056875
1 0.263125 0.316875 0.01 0.06
1 0.255 0.319375 0.006875 0.054375
1 0.24 0.319375 0.005625 0.054375
1 0.235 0.319375 0.01 0.054375
1 0.225625 0.313125 0.01 0.056875
1 0.215625 0.324375 0.00375 0.054375
1 0.20875 0.316875 0.01 0.069375
1 0.2025 0.325625 0.01125 0.056875
1 0.19125 0.325625 0.01125 0.066875
1 0.183125 0.329375 0.018125 0.069375
2 0.461875 0.270625 0.035 0.0725
2 0.43 0.275625 0.0225 0.0475
0 0.49375 0.26625 0.02125 0.0275