1 0.5296875 0.4234375 0.0125 0.05
1 0.5375 0.43203125 0.0125 0.06953125
1 0.5421875 0.434375 0.0125 0.0765625
1 0.5734375 0.41484375 0.01171875 0.05
1 0.6171875 0.4234375 0.01484375 0.0765625
1 0.62578125 0.4265625 0.01484375 0.06640625
1 0.165625 0.4046875 0.0140625 0.05859375
1 0.1125 0.3890625 0.0140625 0.021875
1 0.18203125 0.3921875 0.0140625 0.025
0 0.0609375 0.40546875 0.08671875 0.0734375
0 0.1328125 0.415625 0.0640625 0.05546875
0 0.234375 0.41640625 0.04765625 0.05546875
0 0.3875 0.41328125 0.01171875 0.02109375
0 0.371875 0.409375 0.03046875 0.03203125
0 0.45 0.41328125 0.01640625 0.02890625
0 0.4875 0.40078125 0.01015625 0.0140625
0 0.4828125 0.41328125 0.01484375 0.025
0 0.46953125 0.41875 0.025 0.03203125
0 0.50390625 0.428125 0.03046875 0.04296875
0 0.396875 0.43203125 0.028125 0.0625
0 0.42890625 0.45234375 0.0703125 0.12109375
0 0.296875 0.475 0.1640625 0.1890625