1 0.53 0.42375 0.0125 0.05
1 0.5375 0.431875 0.0125 0.069375
1 0.5425 0.435 0.0125 0.07625
1 0.57375 0.414375 0.011875 0.05
1 0.616875 0.42375 0.015 0.07625
1 0.625625 0.42625 0.015 0.066875
1 0.16625 0.405 0.01375 0.058125
1 0.1125 0.38875 0.01375 0.0225
1 0.181875 0.3925 0.01375 0.025
0 0.06125 0.405625 0.086875 0.07375
0 0.133125 0.415 0.06375 0.055625
0 0.235 0.416875 0.0475 0.055625
0 0.388125 0.413125 0.011875 0.020625
0 0.3725 0.41 0.030625 0.031875
0 0.45 0.413125 0.01625 0.029375
0 0.4875 0.400625 0.01 0.01375
0 0.4825 0.413125 0.015 0.025
0 0.469375 0.41875 0.025 0.031875
0 0.50375 0.42875 0.030625 0.043125
0 0.3975 0.431875 0.028125 0.0625
0 0.42875 0.451875 0.07 0.120625
0 0.296875 0.475 0.16375 0.18875