0 0.425 0.296875 0.0140625 0.02890625
0 0.5296875 0.26328125 0.04765625 0.028125
0 0.5765625 0.2609375 0.0234375 0.01796875
0 0.75625 0.315625 0.18984375 0.2359375
0 0.046875 0.3828125 0.0921875 0.1359375
0 0.90703125 0.40390625 0.18203125 0.49140625
0 0.91875 0.278125 0.134375 0.09140625
0 0.3859375 0.31640625 0.06328125 0.075
0 0.5515625 0.38125 0.1578125 0.21953125
1 0.859375 0.25859375 0.01796875 0.0765625
1 0.3125 0.31328125 0.0109375 0.053125
1 0.29609375 0.31171875 0.0109375 0.04453125
1 0.284375 0.315625 0.01015625 0.05703125
1 0.1578125 0.334375 0.0125 0.065625
1 0.271875 0.315625 0.0109375 0.05703125
1 0.26328125 0.31640625 0.01015625 0.059375
1 0.2546875 0.31953125 0.00703125 0.05390625
1 0.23984375 0.31953125 0.00546875 0.05390625
1 0.23515625 0.31953125 0.01015625 0.05390625
1 0.225 0.31328125 0.01015625 0.05703125
1 0.215625 0.32421875 0.00390625 0.05390625
1 0.20859375 0.31640625 0.01015625 0.06953125
1 0.20234375 0.32578125 0.0109375 0.05703125
1 0.190625 0.32578125 0.0109375 0.06640625
1 0.1828125 0.32890625 0.01796875 0.06953125
2 0.46171875 0.27109375 0.03515625 0.071875
2 0.4296875 0.27578125 0.02265625 0.046875
0 0.49375 0.265625 0.02109375 0.028125