0 0.361875 0.449375 0.035 0.0525
1 0.54 0.4525 0.00875 0.0525
1 0.524375 0.43125 0.00875 0.020625
1 0.518125 0.433125 0.006875 0.029375
1 0.496875 0.443125 0.006875 0.033125
1 0.5125 0.4525 0.009375 0.06
1 0.524375 0.466875 0.01125 0.0525
1 0.535 0.4575 0.0125 0.070625
0 0.458125 0.44375 0.01375 0.0225
0 0.44125 0.445625 0.011875 0.030625
0 0.29625 0.468125 0.080625 0.108125
0 0.40375 0.508125 0.111875 0.175
0 0.01625 0.726875 0.0325 0.291875
1 0.611875 0.465 0.01125 0.0725
1 0.986875 0.491875 0.024375 0.133125