0 0.56875 0.604375 0.06125 0.094375
0 0.5375 0.594375 0.053125 0.080625
0 0.51375 0.588125 0.024375 0.075
0 0.49625 0.58875 0.0175 0.056875
0 0.48375 0.57625 0.009375 0.019375
0 0.44875 0.579375 0.011875 0.01375
0 0.44 0.574375 0.00875 0.020625
0 0.435 0.5575 0.005 0.0125
0 0.431875 0.5625 0.005 0.01375
0 0.34 0.593125 0.013125 0.030625
0 0.295 0.6075 0.030625 0.0725
0 0.155 0.633125 0.096875 0.11375
0 0.23625 0.6525 0.128125 0.14
0 0.42375 0.575 0.011875 0.019375
0 0.423125 0.5775 0.01375 0.020625
0 0.413125 0.55875 0.00375 0.0125
0 0.46625 0.594375 0.03875 0.06
0 0.4075 0.57 0.01 0.019375
0 0.3225 0.59625 0.0225 0.033125
2 0.363125 0.58 0.030625 0.056875
2 0.390625 0.570625 0.0225 0.045625
2 0.425 0.54625 0.009375 0.016875
0 0.411875 0.5475 0.006875 0.01
0 0.41375 0.5375 0.005 0.015