1 0.906875 0.554375 0.013125 0.0225
1 0.89 0.5625 0.011875 0.0375
1 0.87875 0.5925 0.02 0.081875
1 0.86375 0.576875 0.011875 0.056875
1 0.8475 0.566875 0.0125 0.0225
1 0.829375 0.574375 0.0125 0.05125
1 0.765 0.585625 0.01875 0.0775
1 0.749375 0.581875 0.019375 0.085
1 0.74 0.58125 0.0225 0.079375
0 0.70125 0.564375 0.0225 0.04
1 0.718125 0.608125 0.03625 0.130625
1 0.66625 0.585 0.00875 0.07625
1 0.6575 0.581875 0.013125 0.09875
1 0.650625 0.58375 0.015 0.09875
1 0.621875 0.5675 0.013125 0.058125
1 0.63625 0.59375 0.034375 0.0975
1 0.695 0.639375 0.046875 0.2025
1 0.499375 0.635625 0.02 0.11125
1 0.409375 0.595625 0.024375 0.091875
1 0.341875 0.585625 0.013125 0.056875
1 0.2775 0.5875 0.0125 0.06375
1 0.224375 0.57625 0.0075 0.044375
1 0.2175 0.5925 0.013125 0.075
1 0.121875 0.576875 0.019375 0.019375
1 0.29375 0.62375 0.0325 0.144375
1 0.536875 0.699375 0.07 0.23875
1 0.520625 0.669375 0.086875 0.335
1 0.44625 0.7175 0.115 0.415
1 0.063125 0.750625 0.090625 0.418125
0 0.39 0.59875 0.06 0.0625
0 0.43625 0.59 0.034375 0.07625
0 0.613125 0.560625 0.01875 0.02375
0 0.60125 0.570625 0.013125 0.030625
0 0.585625 0.58375 0.03875 0.0775
0 0.55 0.581875 0.01875 0.05
0 0.700625 0.57125 0.02375 0.043125
0 0.9625 0.614375 0.074375 0.1