0 0.639375 0.5575 0.0075 0.01375
0 0.67875 0.555 0.01125 0.02375
0 0.64875 0.56 0.009375 0.018125
0 0.62875 0.564375 0.013125 0.0275
0 0.615 0.564375 0.0175 0.043125
0 0.61125 0.5825 0.011875 0.05
0 0.56125 0.569375 0.009375 0.02625
0 0.525625 0.56 0.0275 0.018125
0 0.544375 0.585625 0.024375 0.044375
0 0.4825 0.58625 0.0275 0.056875
0 0.7575 0.56875 0.063125 0.0475
0 0.93375 0.63625 0.115625 0.141875
0 0.88625 0.674375 0.15 0.19
0 0.6775 0.57875 0.065 0.016875
0 0.443125 0.58875 0.061875 0.07625
0 0.510625 0.59625 0.05375 0.06375
0 0.5825 0.588125 0.053125 0.081875
0 0.185 0.745625 0.37 0.504375
0 0.7525 0.789375 0.375 0.418125
0 0.98875 0.881875 0.021875 0.2225
1 0.33875 0.55375 0.011875 0.033125
1 0.35625 0.555625 0.0125 0.03625
2 0.57875 0.53125 0.034375 0.033125