0 0.610625 0.45375 0.02375 0.033125
0 0.591875 0.451875 0.028125 0.035
0 0.568125 0.4575 0.02375 0.025
0 0.555625 0.498125 0.028125 0.055625
0 0.513125 0.493125 0.025625 0.0375
0 0.444375 0.51 0.0325 0.054375
0 0.38 0.5225 0.05875 0.0875
0 0.868125 0.53875 0.118125 0.129375
2 0.6425 0.470625 0.03125 0.07625
0 0.675625 0.5 0.03625 0.043125
0 0.94875 0.575 0.100625 0.13875
0 0.599375 0.543125 0.085 0.1375
0 0.486875 0.543125 0.078125 0.104375
0 0.2575 0.63875 0.319375 0.291875
0 0.068125 0.593125 0.134375 0.2375
1 0.954375 0.48125 0.02125 0.05125