0 0.6109375 0.453125 0.0234375 0.03359375
0 0.5921875 0.45234375 0.028125 0.034375
0 0.56875 0.4578125 0.0234375 0.025
0 0.55546875 0.49765625 0.028125 0.05546875
0 0.51328125 0.49296875 0.02578125 0.0375
0 0.44375 0.509375 0.0328125 0.05390625
0 0.3796875 0.521875 0.05859375 0.0875
0 0.86875 0.5390625 0.11796875 0.12890625
2 0.6421875 0.47109375 0.03125 0.0765625
0 0.675 0.5 0.0359375 0.04296875
0 0.9484375 0.575 0.10078125 0.1390625
0 0.59921875 0.54296875 0.08515625 0.1375
0 0.4875 0.54296875 0.078125 0.10390625
0 0.2578125 0.6390625 0.31953125 0.29140625
0 0.06796875 0.59296875 0.134375 0.2375
1 0.9546875 0.48125 0.02109375 0.0515625