0 0.534375 0.49125 0.011875 0.0375
0 0.5525 0.49875 0.02875 0.0475
0 0.60875 0.485625 0.01125 0.035
0 0.628125 0.48875 0.024375 0.041875
0 0.630625 0.460625 0.02875 0.029375
0 0.944375 0.511875 0.065625 0.079375
0 0.931875 0.505 0.081875 0.083125
0 0.589375 0.5175 0.0575 0.095625
0 0.494375 0.50125 0.08125 0.145625
2 0.67875 0.49625 0.071875 0.1375
0 0.21375 0.6225 0.39375 0.394375
0 0.031875 0.635625 0.063125 0.295625
1 0.786875 0.516875 0.0175 0.069375
1 0.415 0.51375 0.01875 0.06375
1 0.934375 0.525625 0.028125 0.11375
1 0.85 0.499375 0.013125 0.0975
1 0.72625 0.488125 0.009375 0.043125
1 0.40125 0.491875 0.011875 0.043125