1 0.165 0.52 0.011875 0.0875
1 0.1275 0.538125 0.015625 0.08875
1 0.17875 0.519375 0.01125 0.0975
1 0.155625 0.52125 0.01625 0.08875
1 0.191875 0.515 0.015625 0.10125
1 0.145625 0.538125 0.02875 0.119375
0 0.36125 0.488125 0.01375 0.02375
0 0.39125 0.485625 0.009375 0.016875
0 0.4 0.4875 0.013125 0.025
0 0.41 0.4925 0.021875 0.03625
0 0.4225 0.498125 0.025 0.03875
0 0.43625 0.50125 0.03 0.044375
0 0.455625 0.505625 0.045 0.056875
0 0.3775 0.488125 0.01875 0.02375
0 0.46875 0.519375 0.056875 0.080625
1 0.626875 0.513125 0.02625 0.1375
1 0.6875 0.51625 0.02625 0.1125
1 0.568125 0.7 0.17375 0.50125
1 0.6425 0.704375 0.10375 0.48875