1 0.49 0.451875 0.006875 0.015
1 0.4625 0.45 0.006875 0.018125
1 0.468125 0.4525 0.00625 0.016875
2 0.375 0.450625 0.025 0.02375
0 0.2975 0.46375 0.015 0.02375
0 0.2775 0.469375 0.0425 0.03875
0 0.34875 0.45875 0.03 0.04
0 0.32125 0.45375 0.02875 0.02625
0 0.25875 0.46375 0.0175 0.020625
0 0.231875 0.479375 0.0425 0.069375
0 0.2175 0.489375 0.0175 0.045625
0 0.19875 0.491875 0.034375 0.06375
0 0.185625 0.495 0.031875 0.068125
0 0.139375 0.498125 0.084375 0.1025
0 0.1025 0.526875 0.08 0.091875
0 0.046875 0.54875 0.0875 0.130625
0 0.030625 0.55125 0.06125 0.115
0 0.019375 0.575625 0.03875 0.119375
0 0.43375 0.475 0.0325 0.045625
0 0.455625 0.48125 0.0325 0.0475
0 0.478125 0.489375 0.025 0.056875
0 0.49375 0.493125 0.04125 0.075
0 0.518125 0.499375 0.049375 0.0875
0 0.561875 0.51 0.0825 0.1125
0 0.636875 0.529375 0.134375 0.143125
0 0.738125 0.5725 0.174375 0.16
0 0.32 0.50125 0.045 0.066875
0 0.245625 0.500625 0.05125 0.056875