0 0.653125 0.298125 0.0175 0.029375
0 0.665625 0.30125 0.0175 0.02625
0 0.643125 0.31875 0.01875 0.0525
0 0.6925 0.304375 0.03 0.045625
0 0.556875 0.308125 0.03125 0.044375
0 0.546875 0.315 0.03 0.05
0 0.52875 0.318125 0.0375 0.0475
2 0.619375 0.27375 0.0325 0.04
0 0.61625 0.325625 0.05125 0.075
0 0.71125 0.335625 0.06125 0.08625
0 0.380625 0.404375 0.318125 0.404375
1 0.57625 0.3075 0.00875 0.0275
1 0.785 0.313125 0.02 0.06125
1 0.105625 0.295 0.013125 0.045625
1 0.111875 0.30125 0.0175 0.03625
1 0.073125 0.29875 0.0225 0.056875
1 0.0825 0.3 0.0325 0.0525
1 0.008125 0.39625 0.01625 0.19875
0 0.0375 0.305625 0.04875 0.03875
1 0.82125 0.31 0.015 0.07375
1 0.849375 0.31625 0.015 0.083125