1 0.8375 0.4275 0.0525 0.2125
1 0.969375 0.35375 0.031875 0.168125
0 0.248125 0.375625 0.021875 0.030625
0 0.216875 0.380625 0.024375 0.035
0 0.189375 0.38625 0.031875 0.033125
0 0.1675 0.383125 0.021875 0.035
0 0.149375 0.386875 0.019375 0.035
0 0.125625 0.3825 0.03125 0.03625
0 0.38625 0.3675 0.02125 0.0275
0 0.43125 0.364375 0.019375 0.0225
0 0.470625 0.364375 0.015625 0.0225
0 0.4825 0.3725 0.01875 0.035
0 0.37 0.400625 0.0575 0.075
0 0.073125 0.39875 0.14625 0.16375
0 0.08875 0.564375 0.1775 0.445625
0 0.2975 0.43375 0.12625 0.14875
0 0.501875 0.375625 0.035 0.0525
0 0.45125 0.374375 0.0225 0.03625
0 0.411875 0.373125 0.03375 0.04875