0 0.33875 0.5475 0.013125 0.019375
0 0.349375 0.549375 0.01125 0.02375
0 0.361875 0.5525 0.013125 0.031875
0 0.37125 0.554375 0.013125 0.033125
0 0.384375 0.556875 0.018125 0.03875
0 0.285 0.533125 0.018125 0.016875
0 0.264375 0.545625 0.018125 0.041875
0 0.31 0.5425 0.01875 0.033125
0 0.2425 0.54125 0.0125 0.016875
0 0.218125 0.543125 0.01625 0.0225
0 0.19875 0.5425 0.018125 0.029375
0 0.1775 0.5525 0.0275 0.02625
0 0.156875 0.5375 0.01625 0.019375
0 0.055 0.55375 0.035 0.0525
0 0.03375 0.55125 0.013125 0.043125
0 0.0175 0.56125 0.035 0.068125
0 0.40625 0.558125 0.025625 0.03875
2 0.098125 0.5425 0.069375 0.1
0 0.3025 0.55625 0.038125 0.04875
1 0.043125 0.57625 0.034375 0.130625
2 0.71375 0.49 0.5675 0.98