1 0.900625 0.49375 0.063125 0.23875
1 0.61 0.49625 0.02375 0.119375
1 0.680625 0.5 0.0225 0.12625
1 0.253125 0.48625 0.015 0.070625
1 0.02125 0.4825 0.0225 0.04
0 0.036875 0.619375 0.07 0.193125
0 0.1225 0.538125 0.213125 0.21
0 0.010625 0.516875 0.02125 0.041875
0 0.0175 0.479375 0.035 0.0475
0 0.393125 0.539375 0.138125 0.18875
0 0.475625 0.47875 0.0275 0.035
0 0.47 0.4725 0.024375 0.0475
0 0.466875 0.45875 0.025 0.041875
0 0.449375 0.469375 0.013125 0.016875
0 0.33875 0.4775 0.013125 0.03625
0 0.6625 0.47125 0.08875 0.07625
0 0.730625 0.47625 0.05 0.0725