0 0.06 0.54 0.12 0.12625
0 0.1275 0.5225 0.038125 0.0625
0 0.241875 0.51 0.031875 0.056875
0 0.31375 0.485625 0.015625 0.016875
0 0.3225 0.51 0.02875 0.044375
0 0.331875 0.498125 0.031875 0.045625
0 0.3525 0.499375 0.01625 0.041875
0 0.443125 0.49125 0.01625 0.015
0 0.41625 0.5025 0.0375 0.06375
0 0.38625 0.531875 0.078125 0.11
1 0.4575 0.488125 0.005 0.018125
1 0.45375 0.4875 0.005625 0.016875
0 0.188125 0.54625 0.134375 0.143125
0 0.286875 0.51 0.06375 0.085
0 0.698125 0.49625 0.024375 0.0375
0 0.603125 0.47125 0.024375 0.030625
0 0.615 0.48375 0.02125 0.015
0 0.5275 0.48625 0.02 0.01375