0 0.05125 0.50125 0.1025 0.13625
0 0.538125 0.464375 0.02875 0.025
0 0.56125 0.46 0.024375 0.033125
0 0.571875 0.4625 0.0225 0.030625
0 0.46 0.46875 0.035 0.04
0 0.39 0.473125 0.0325 0.041875
0 0.364375 0.48125 0.030625 0.03625
0 0.3325 0.48 0.04125 0.05125
0 0.19125 0.495625 0.068125 0.06
0 0.129375 0.5075 0.074375 0.080625
0 0.293125 0.48625 0.050625 0.056875
0 0.43125 0.4725 0.0475 0.0475
0 0.60375 0.46875 0.044375 0.058125
1 0.68375 0.46625 0.018125 0.108125
1 0.761875 0.48125 0.04 0.235
1 0.723125 0.4725 0.0375 0.235