0 0.4325 0.451875 0.0175 0.03875
0 0.396875 0.456875 0.0625 0.07375
0 0.088125 0.46375 0.165 0.1375
1 0.34 0.44 0.018125 0.05
1 0.495 0.463125 0.01375 0.06
1 0.504375 0.451875 0.0125 0.04
1 0.51 0.450625 0.01 0.0375
1 0.515625 0.450625 0.00875 0.0375
1 0.519375 0.451875 0.00875 0.0475
1 0.481875 0.4525 0.011875 0.04
1 0.529375 0.4625 0.01625 0.075
1 0.535 0.45625 0.006875 0.045625
1 0.54125 0.458125 0.005625 0.05
1 0.5625 0.46625 0.018125 0.075
1 0.546875 0.46125 0.02125 0.081875
1 0.569375 0.4525 0.01375 0.0625
1 0.4575 0.455625 0.00875 0.033125
1 0.46125 0.455 0.0075 0.031875
1 0.46625 0.455 0.00875 0.03625
1 0.628125 0.433125 0.024375 0.044375
1 0.619375 0.43125 0.011875 0.045625
1 0.875625 0.4575 0.028125 0.1125
1 0.006875 0.56375 0.0125 0.170625
0 0.904375 0.733125 0.188125 0.393125
0 0.26 0.48 0.200625 0.144375
0 0.70875 0.495625 0.26125 0.1525
1 0.043125 0.51875 0.084375 0.316875
1 0.129375 0.555 0.14125 0.444375