0 0.108125 0.500625 0.065625 0.093125
0 0.27 0.485625 0.02125 0.04
0 0.31 0.4825 0.02125 0.030625
0 0.330625 0.47875 0.0225 0.033125
0 0.49875 0.486875 0.015625 0.0275
0 0.44875 0.49125 0.02 0.045625
0 0.54375 0.4925 0.0175 0.04875
0 0.565 0.4925 0.0225 0.043125
0 0.581875 0.49125 0.038125 0.045625
0 0.61375 0.49125 0.05875 0.0625
0 0.82125 0.53875 0.143125 0.11375
0 0.93625 0.57125 0.12625 0.158125
0 0.054375 0.51 0.105625 0.106875
0 0.016875 0.585 0.030625 0.125
0 0.66 0.51125 0.07375 0.07625
0 0.39125 0.51375 0.11625 0.19
0 0.515 0.488125 0.038125 0.045625
0 0.32125 0.39375 0.01125 0.033125
1 0.715625 0.49375 0.02 0.0625
1 0.829375 0.47875 0.0175 0.033125
1 0.733125 0.501875 0.02125 0.07375