0 0.104375 0.515 0.09 0.1125
0 0.1725 0.508125 0.071875 0.081875
0 0.215 0.5075 0.04 0.0725
0 0.244375 0.50625 0.02375 0.04875
0 0.37125 0.499375 0.02375 0.035
0 0.5175 0.513125 0.036875 0.04875
2 0.4125 0.46625 0.044375 0.065
2 0.44875 0.4825 0.02625 0.056875
0 0.553125 0.514375 0.03625 0.04875
0 0.494375 0.481875 0.02125 0.016875
0 0.2875 0.516875 0.08375 0.0975
0 0.405625 0.518125 0.059375 0.093125
0 0.4775 0.518125 0.0475 0.058125
1 0.345625 0.494375 0.00875 0.043125
1 0.868125 0.5375 0.02375 0.065
1 0.83625 0.53125 0.015625 0.070625
2 0.036875 0.464375 0.069375 0.243125
0 0.33625 0.49625 0.019375 0.029375