0 0.4175 0.483125 0.0125 0.030625
0 0.43125 0.49 0.02375 0.04875
0 0.45125 0.49125 0.036875 0.06375
0 0.469375 0.508125 0.046875 0.085
0 0.41 0.4925 0.013125 0.0475
0 0.345 0.49 0.02375 0.0375
0 0.500625 0.4575 0.05125 0.056875
0 0.55375 0.515 0.169375 0.270625
0 0.381875 0.4975 0.059375 0.095625
0 0.25125 0.52875 0.18 0.2375
0 0.040625 0.539375 0.08125 0.1625
1 0.76875 0.511875 0.01625 0.0975
1 0.7775 0.520625 0.025 0.11375
1 0.749375 0.514375 0.028125 0.12375
1 0.81875 0.5175 0.02875 0.135
1 0.67625 0.495625 0.0225 0.070625
1 0.634375 0.5 0.01125 0.041875
1 0.643125 0.51375 0.015 0.07625
1 0.6575 0.515 0.0175 0.093125
1 0.700625 0.49125 0.01 0.033125
1 0.13 0.50375 0.0275 0.104375
1 0.11125 0.5025 0.01125 0.09875
1 0.10875 0.50375 0.0175 0.1
1 0.869375 0.499375 0.015625 0.083125
1 0.97875 0.4975 0.015625 0.079375
1 0.949375 0.57 0.04625 0.204375
1 0.890625 0.54875 0.043125 0.181875
1 0.989375 0.556875 0.0175 0.2375
1 0.968125 0.45875 0.01125 0.035
1 0.06375 0.47125 0.011875 0.0475
1 0.073125 0.473125 0.00875 0.06375
1 0.081875 0.49625 0.015625 0.104375