0 0.018125 0.651875 0.035 0.22375
0 0.329375 0.470625 0.02375 0.015
0 0.335 0.493125 0.0525 0.03625
0 0.31625 0.495625 0.045 0.035
0 0.3225 0.54 0.031875 0.07375
0 0.280625 0.548125 0.069375 0.118125
0 0.215 0.48625 0.03875 0.0275
0 0.2475 0.485625 0.03 0.0225
0 0.218125 0.566875 0.1075 0.129375
0 0.16125 0.52125 0.0225 0.035
0 0.089375 0.605 0.17875 0.24
0 0.01 0.4825 0.01625 0.03875
0 0.02125 0.47875 0.025 0.033125
0 0.466875 0.470625 0.011875 0.016875
0 0.48875 0.47875 0.011875 0.0225
0 0.505 0.4775 0.02625 0.020625
0 0.42 0.474375 0.02625 0.01
0 0.41375 0.4925 0.05125 0.035
0 0.53875 0.558125 0.09625 0.130625
0 0.548125 0.494375 0.0475 0.0275
0 0.50375 0.506875 0.025625 0.03875
0 0.669375 0.538125 0.061875 0.056875
0 0.83125 0.556875 0.156875 0.08625
0 0.9425 0.55125 0.050625 0.068125
2 0.683125 0.51375 0.115625 0.095625
2 0.80125 0.504375 0.1425 0.120625
0 0.886875 0.53375 0.02 0.030625
0 0.944375 0.541875 0.0925 0.06125
0 0.99375 0.5825 0.01 0.030625
1 0.455625 0.486875 0.009375 0.030625