1 0.8625 0.44765625 0.03828125 0.0984375
1 0.92421875 0.44375 0.04453125 0.09296875
0 0.253125 0.36953125 0.0265625 0.04453125
0 0.21875 0.3796875 0.0515625 0.09296875
0 0.321875 0.3640625 0.015625 0.028125
2 0.29765625 0.34375 0.01953125 0.02109375
2 0.2640625 0.340625 0.03828125 0.07890625
2 0.353125 0.35234375 0.0265625 0.04140625
0 0.353125 0.39453125 0.040625 0.07109375
0 0.3 0.396875 0.059375 0.09296875
0 0.4640625 0.47734375 0.1625 0.2140625
2 0.471875 0.35 0.0515625 0.07109375
2 0.5953125 0.371875 0.21328125 0.3484375
2 0.10546875 0.25625 0.2109375 0.48359375
0 0.9140625 0.54296875 0.1703125 0.36796875