2 0.4425 0.46375 0.019375 0.033125
2 0.460625 0.466875 0.018125 0.044375
2 0.4825 0.47 0.035 0.0625
0 0.37875 0.45375 0.009375 0.01
0 0.36 0.4575 0.019375 0.020625
0 0.348125 0.449375 0.01125 0.008125
0 0.31125 0.44625 0.01625 0.01375
0 0.2825 0.445 0.024375 0.0275
0 0.255 0.44125 0.011875 0.035
0 0.230625 0.4375 0.009375 0.030625
0 0.215625 0.435625 0.02625 0.04
0 0.185 0.43125 0.04375 0.045625
0 0.48875 0.491875 0.02 0.02375
0 0.504375 0.5 0.018125 0.0225
0 0.526875 0.510625 0.043125 0.045625
0 0.55875 0.52125 0.040625 0.06
0 0.1175 0.4225 0.0625 0.056875
0 0.593125 0.535 0.068125 0.093125
0 0.42125 0.45625 0.005625 0.01