1 0.915625 0.340625 0.028125 0.11640625
1 0.86640625 0.32734375 0.0265625 0.0984375
1 0.84609375 0.32734375 0.01953125 0.0890625
0 0.6625 0.321875 0.07109375 0.09609375
0 0.278125 0.3109375 0.10234375 0.140625
2 0.4 0.271875 0.06953125 0.115625
0 0.46875 0.28671875 0.03203125 0.06640625
0 0.3375 0.3203125 0.028125 0.0625
0 0.35859375 0.309375 0.01484375 0.05390625
0 0.4421875 0.27890625 0.01875 0.05703125
0 0.496875 0.28984375 0.02578125 0.0515625
0 0.5828125 0.3 0.03515625 0.046875
0 0.5984375 0.3109375 0.03671875 0.05859375
0 0.62421875 0.309375 0.03359375 0.06796875
0 0.553125 0.29140625 0.05078125 0.0515625