1 0.138125 0.369375 0.03375 0.133125
1 0.08375 0.355625 0.011875 0.080625
1 0.065625 0.33375 0.0225 0.054375
1 0.0425 0.326875 0.024375 0.033125
1 0.22875 0.320625 0.02 0.033125
0 0.37 0.35 0.025 0.085
0 0.335 0.331875 0.045 0.0625
0 0.086875 0.543125 0.17375 0.49
0 0.27 0.405625 0.16625 0.194375
2 0.486875 0.26875 0.219375 0.5
0 0.885625 0.341875 0.081875 0.104375
1 0.65375 0.341875 0.019375 0.081875
1 0.795625 0.3725 0.030625 0.18875
1 0.76625 0.361875 0.03125 0.145625
1 0.76375 0.376875 0.024375 0.15
1 0.61 0.331875 0.01375 0.06