0 0.73875 0.30875 0.018125 0.020625
0 0.73 0.3025 0.0125 0.0125
0 0.730625 0.320625 0.01375 0.025
0 0.715625 0.3075 0.015 0.008125
0 0.719375 0.324375 0.0175 0.02375
0 0.706875 0.318125 0.015 0.01125
0 0.7075 0.33375 0.02125 0.02625
0 0.69875 0.3325 0.01125 0.015
0 0.68625 0.323125 0.013125 0.01
2 0.66375 0.32625 0.02625 0.045625
0 0.669375 0.338125 0.018125 0.031875
0 0.6825 0.3425 0.031875 0.043125
0 0.59875 0.348125 0.04875 0.035
0 0.53 0.34625 0.031875 0.04
0 0.4975 0.3775 0.07875 0.081875
2 0.32125 0.35125 0.23625 0.215
0 0.815625 0.345625 0.04375 0.06
0 0.82625 0.355 0.04 0.066875
0 0.84875 0.373125 0.053125 0.105625
2 0.921875 0.285625 0.153125 0.09
0 0.925 0.3875 0.149375 0.195625
1 0.97625 0.550625 0.045 0.385
1 0.9525 0.48 0.078125 0.404375
1 0.7825 0.316875 0.006875 0.020625
1 0.163125 0.3875 0.028125 0.119375