0 0.074375 0.461875 0.14625 0.245625
0 0.88375 0.511875 0.23 0.445625
0 0.4575 0.445 0.315 0.49875
0 0.91125 0.36125 0.1725 0.105625
0 0.72125 0.37625 0.206875 0.258125
0 0.52125 0.273125 0.07125 0.065
0 0.29875 0.413125 0.125 0.183125
0 0.37 0.306875 0.036875 0.030625
0 0.169375 0.4025 0.159375 0.16125
0 0.241875 0.348125 0.03625 0.05125
1 0.22 0.318125 0.01 0.058125
1 0.213125 0.324375 0.019375 0.035
1 0.3075 0.305625 0.015 0.02625
0 0.6175 0.333125 0.02625 0.0525
0 0.604375 0.313125 0.034375 0.075
0 0.5975 0.3125 0.0425 0.066875
0 0.575625 0.318125 0.01875 0.043125
1 0.01125 0.306875 0.0225 0.054375