1 0.741875 0.469375 0.0325 0.16
0 0.276875 0.460625 0.01875 0.02375
0 0.298125 0.450625 0.015625 0.018125
0 0.3075 0.4625 0.011875 0.02375
0 0.323125 0.4675 0.034375 0.06125
0 0.30875 0.431875 0.0175 0.018125
0 0.450625 0.44875 0.038125 0.0275
0 0.516875 0.45 0.06125 0.044375
2 0.610625 0.438125 0.05 0.04875
2 0.28875 0.435 0.01875 0.02375
0 0.7175 0.439375 0.03125 0.0475
0 0.87 0.4275 0.0925 0.055625
0 0.1225 0.50875 0.1425 0.081875
0 0.41375 0.45375 0.030625 0.0375
0 0.34 0.476875 0.0425 0.065
0 0.97 0.424375 0.0575 0.054375