1 0.035 0.52375 0.025 0.120625
1 0.01125 0.516875 0.02 0.135
1 0.134375 0.50125 0.0175 0.091875
1 0.21375 0.506875 0.02 0.081875
1 0.193125 0.495625 0.013125 0.058125
1 0.2725 0.50125 0.01125 0.054375
1 0.29375 0.500625 0.01125 0.044375
1 0.313125 0.49125 0.009375 0.033125
1 0.751875 0.531875 0.01125 0.05125
1 0.739375 0.531875 0.0125 0.041875
1 0.730625 0.530625 0.01125 0.055625
1 0.72 0.526875 0.006875 0.04875
1 0.81875 0.538125 0.015625 0.04
1 0.950625 0.531875 0.015625 0.0375
0 0.569375 0.611875 0.23625 0.36375
0 0.94875 0.65125 0.100625 0.19
0 0.67875 0.555 0.0425 0.131875
0 0.474375 0.53875 0.043125 0.1525
0 0.450625 0.54125 0.024375 0.09
0 0.393125 0.518125 0.0475 0.08625
0 0.431875 0.510625 0.0325 0.056875
2 0.413125 0.4675 0.035 0.02625
1 0.188125 0.5275 0.02125 0.0775