0 0.35625 0.494375 0.01375 0.02625
0 0.3775 0.495625 0.024375 0.03625
2 0.465 0.45875 0.031875 0.030625
0 0.51 0.51625 0.03 0.055625
0 0.55375 0.510625 0.025 0.05125
0 0.578125 0.506875 0.04 0.065
0 0.7125 0.5225 0.055 0.06375
0 0.625 0.545 0.124375 0.125
0 0.263125 0.518125 0.05875 0.058125
0 0.46875 0.530625 0.075 0.115
1 0.12375 0.511875 0.01375 0.05
0 0.115625 0.5125 0.05375 0.05125
0 0.836875 0.656875 0.325625 0.3975
0 0.080625 0.680625 0.16125 0.54
0 0.43375 0.51125 0.01875 0.0775
0 0.419375 0.494375 0.013125 0.02625