1 0.03515625 0.5234375 0.025 0.12109375
1 0.0109375 0.51640625 0.0203125 0.134375
1 0.134375 0.5015625 0.0171875 0.09140625
1 0.2140625 0.50703125 0.0203125 0.08203125
1 0.19296875 0.49609375 0.01328125 0.05859375
1 0.271875 0.5015625 0.0109375 0.05390625
1 0.29375 0.50078125 0.0109375 0.04453125
1 0.3125 0.490625 0.009375 0.03359375
1 0.7515625 0.53203125 0.0109375 0.0515625
1 0.7390625 0.53203125 0.0125 0.04140625
1 0.73046875 0.53046875 0.0109375 0.05546875
1 0.7203125 0.52734375 0.00703125 0.0484375
1 0.81875 0.53828125 0.015625 0.040625
1 0.95 0.53203125 0.015625 0.0375
0 0.56875 0.61171875 0.2359375 0.3640625
0 0.9484375 0.6515625 0.10078125 0.190625
0 0.67890625 0.5546875 0.0421875 0.13203125
0 0.475 0.5390625 0.04296875 0.153125
0 0.45078125 0.540625 0.02421875 0.090625
0 0.39375 0.51796875 0.04765625 0.0859375
0 0.43203125 0.51015625 0.0328125 0.05703125
2 0.41328125 0.4671875 0.03515625 0.0265625
1 0.18828125 0.528125 0.02109375 0.078125