2 0.286875 0.376875 0.02625 0.025
2 0.361875 0.3775 0.01375 0.018125
0 0.343125 0.391875 0.0125 0.016875
0 0.33375 0.39 0.0125 0.01375
0 0.3225 0.38375 0.01 0.01375
0 0.32125 0.39875 0.0125 0.01375
0 0.30875 0.395625 0.009375 0.016875
0 0.29375 0.4 0.01875 0.016875
0 0.27125 0.39875 0.025625 0.0225
0 0.253125 0.39625 0.0125 0.02625
0 0.245625 0.4 0.01625 0.020625
0 0.22875 0.405 0.02875 0.0225
0 0.185625 0.385625 0.045 0.058125
0 0.19375 0.405 0.038125 0.030625
0 0.154375 0.405 0.01625 0.030625
0 0.14125 0.406875 0.01375 0.035
0 0.119375 0.4025 0.035 0.05125
0 0.07875 0.410625 0.06875 0.054375
0 0.02125 0.414375 0.0425 0.070625
0 0.4 0.383125 0.006875 0.016875
0 0.4175 0.404375 0.02125 0.025
0 0.57875 0.3775 0.02875 0.02625
0 0.6725 0.37375 0.038125 0.018125
0 0.4875 0.39 0.0125 0.01375
0 0.52625 0.38625 0.011875 0.018125
2 0.386875 0.3875 0.024375 0.054375