1 0.279375 0.53375 0.006875 0.0475
1 0.519375 0.516875 0.011875 0.05125
0 0.388125 0.51375 0.01125 0.02375
0 0.37875 0.525625 0.01625 0.029375
0 0.368125 0.536875 0.015625 0.044375
0 0.346875 0.54375 0.049375 0.075
0 0.494375 0.53625 0.0425 0.08875
0 0.431875 0.564375 0.100625 0.1475
0 0.043125 0.6875 0.08625 0.315
0 0.03875 0.551875 0.0775 0.108125
1 0.95625 0.57 0.0875 0.7375
1 0.885625 0.541875 0.04 0.12625
2 0.834375 0.544375 0.06 0.106875
2 0.765625 0.541875 0.065625 0.104375
0 0.906875 0.73375 0.18625 0.375