0 0.4525 0.42625 0.00875 0.006875
0 0.4425 0.42875 0.00875 0.006875
0 0.431875 0.424375 0.011875 0.006875
0 0.400625 0.42125 0.015 0.016875
0 0.3825 0.423125 0.0175 0.015
0 0.359375 0.420625 0.02125 0.015
0 0.33375 0.42375 0.02375 0.0125
0 0.49 0.42875 0.006875 0.018125
0 0.225625 0.41875 0.0275 0.016875
0 0.10875 0.42125 0.05625 0.030625
0 0.03125 0.42 0.061875 0.03875
0 0.160625 0.41125 0.05375 0.05
2 0.276875 0.399375 0.074375 0.054375
0 0.47125 0.4425 0.03 0.044375
0 0.505625 0.4325 0.009375 0.018125
2 0.04125 0.4 0.074375 0.0875