0 0.380625 0.505 0.006875 0.0125
0 0.39 0.505 0.0125 0.0125
0 0.4025 0.50125 0.011875 0.005625
0 0.4075 0.50875 0.02125 0.018125
0 0.426875 0.504375 0.01875 0.01
0 0.43 0.5125 0.028125 0.016875
0 0.330625 0.5325 0.0325 0.045625
0 0.37875 0.555625 0.085 0.08875
0 0.5275 0.523125 0.0125 0.015
0 0.543125 0.523125 0.018125 0.0225
0 0.565625 0.525625 0.01125 0.018125
0 0.581875 0.525625 0.025625 0.0225
0 0.615 0.529375 0.02125 0.025
0 0.643125 0.519375 0.013125 0.01125
0 0.65375 0.533125 0.024375 0.0275
0 0.60375 0.535 0.024375 0.0275
0 0.30875 0.5175 0.02 0.033125
0 0.289375 0.52125 0.0325 0.03625
0 0.260625 0.52875 0.035 0.0525
0 0.15375 0.51125 0.06125 0.0475
0 0.12375 0.516875 0.065625 0.03625
0 0.224375 0.538125 0.103125 0.069375
0 0.469375 0.614375 0.15125 0.218125
0 0.739375 0.566875 0.16125 0.116875
0 0.950625 0.670625 0.094375 0.19875
1 0.858125 0.56625 0.0125 0.054375
1 0.815 0.5575 0.00875 0.0525