0 0.374375 0.55625 0.015 0.006875
0 0.374375 0.561875 0.018125 0.006875
0 0.373125 0.569375 0.02 0.01375
0 0.370625 0.591875 0.02 0.03875
0 0.395 0.558125 0.018125 0.030625
0 0.39875 0.566875 0.01625 0.025
0 0.404375 0.576875 0.02375 0.029375
0 0.404375 0.583125 0.02 0.030625
0 0.41 0.588125 0.02625 0.02625
0 0.353125 0.549375 0.0125 0.006875
0 0.35375 0.56 0.01375 0.016875
0 0.349375 0.56625 0.0175 0.018125
0 0.34625 0.564375 0.021875 0.0125
0 0.34 0.57375 0.02125 0.025
0 0.324375 0.59 0.03125 0.0625
0 0.30875 0.6025 0.035 0.056875
0 0.286875 0.619375 0.055625 0.07625
0 0.444375 0.6325 0.140625 0.1225
0 0.67625 0.64875 0.221875 0.135
0 0.911875 0.848125 0.174375 0.29875
1 0.204375 0.620625 0.0325 0.104375
1 0.32125 0.61875 0.024375 0.091875
1 0.3425 0.7175 0.10125 0.28875
1 0.53625 0.613125 0.015 0.066875
1 0.24625 0.608125 0.025625 0.09
1 0.886875 0.6925 0.04125 0.1525
1 0.574375 0.655 0.01875 0.093125
1 0.605 0.614375 0.01 0.018125
1 0.62875 0.694375 0.01625 0.0225
1 0.68375 0.69875 0.024375 0.0225