1 0.790625 0.50234375 0.140625 0.52890625
1 0.7578125 0.4796875 0.1140625 0.51640625
0 0.921875 0.36328125 0.153125 0.12109375
0 0.296875 0.4203125 0.0734375 0.08046875
0 0.4828125 0.38984375 0.046875 0.0515625
0 0.3921875 0.38828125 0.02265625 0.0265625
0 0.14140625 0.446875 0.10078125 0.1
0 0.196875 0.4296875 0.0375 0.07109375
0 0.23046875 0.42265625 0.0484375 0.06640625
0 0.2578125 0.409375 0.0421875 0.059375
0 0.33125 0.403125 0.03515625 0.06953125
0 0.4625 0.38671875 0.021875 0.04609375
0 0.45 0.384375 0.01484375 0.0359375
0 0.4453125 0.38046875 0.01953125 0.028125
0 0.3609375 0.39453125 0.0171875 0.0234375
0 0.37265625 0.390625 0.01484375 0.025
0 0.42265625 0.37890625 0.015625 0.025