0 0.024375 0.77875 0.046875 0.285
0 0.075625 0.631875 0.150625 0.2
0 0.2925 0.61625 0.11875 0.168125
0 0.36125 0.600625 0.038125 0.0875
0 0.390625 0.58375 0.06125 0.0875
0 0.42625 0.57375 0.03 0.04875
0 0.4425 0.569375 0.02 0.04
0 0.455 0.5625 0.01625 0.0275
0 0.46875 0.56 0.01375 0.020625
0 0.480625 0.55625 0.009375 0.019375
0 0.501875 0.554375 0.015625 0.02375
0 0.511875 0.55375 0.01375 0.025
0 0.52125 0.5575 0.01375 0.025
0 0.53125 0.55 0.01375 0.031875
0 0.543125 0.5575 0.01875 0.03875
0 0.556875 0.560625 0.0275 0.044375
0 0.5875 0.564375 0.05 0.06125
2 0.65625 0.56625 0.10125 0.14
1 0.718125 0.589375 0.046875 0.233125