0 0.194375 0.513125 0.009375 0.018125
0 0.211875 0.493125 0.015 0.01125
0 0.2325 0.5175 0.011875 0.020625
0 0.21 0.516875 0.011875 0.01375
0 0.186875 0.52 0.01 0.020625
2 0.141875 0.5175 0.0275 0.04875
0 0.166875 0.50875 0.011875 0.01375
0 0.1725 0.489375 0.013125 0.016875
0 0.026875 0.54625 0.05375 0.16375
1 0.5675 0.47375 0.0325 0.115
1 0.4425 0.5075 0.011875 0.06125
1 0.40375 0.495625 0.009375 0.05125
1 0.39125 0.495625 0.00625 0.05125
1 0.305 0.505 0.0075 0.0275
0 0.80875 0.4325 0.180625 0.12375
0 0.941875 0.4275 0.03625 0.095625