1 0.96171875 0.421875 0.04296875 0.221875
1 0.95703125 0.359375 0.03359375 0.134375
1 0.7328125 0.4328125 0.04921875 0.2859375
1 0.66953125 0.37265625 0.01796875 0.07109375
1 0.64296875 0.378125 0.0109375 0.06796875
1 0.628125 0.36328125 0.0140625 0.0515625
1 0.60703125 0.3546875 0.01328125 0.02890625
1 0.5953125 0.35859375 0.0109375 0.028125
0 0.4609375 0.365625 0.009375 0.025
0 0.4453125 0.36640625 0.01328125 0.0234375
0 0.4296875 0.36640625 0.02421875 0.040625
0 0.40546875 0.37265625 0.02265625 0.0359375
0 0.3421875 0.37265625 0.03515625 0.04453125
0 0.32578125 0.38203125 0.02890625 0.0359375
0 0.29375 0.37890625 0.05625 0.0484375
0 0.38125 0.384375 0.03828125 0.040625
2 0.484375 0.3265625 0.04921875 0.07890625
0 0.48125 0.39453125 0.046875 0.05703125
1 0.9140625 0.3484375 0.01328125 0.059375
0 0.9625 0.34296875 0.07421875 0.07109375
0 0.9 0.36640625 0.05390625 0.0359375
1 0.83515625 0.35390625 0.015625 0.05703125
0 0.1171875 0.4375 0.234375 0.56640625