0 0.3775 0.42375 0.015625 0.04
0 0.363125 0.4175 0.0175 0.0475
0 0.3525 0.425 0.0275 0.0475
0 0.33625 0.426875 0.034375 0.055625
0 0.334375 0.445625 0.0225 0.075
0 0.299375 0.444375 0.055625 0.1475
0 0.243125 0.445625 0.130625 0.1875
0 0.46375 0.425 0.015625 0.041875
0 0.48875 0.42 0.05125 0.065
0 0.525 0.44125 0.07875 0.1225
0 0.599375 0.46125 0.15125 0.16125
2 0.44125 0.42375 0.030625 0.054375
2 0.406875 0.406875 0.05125 0.11
2 0.113125 0.481875 0.225625 0.283125
0 0.8225 0.531875 0.353125 0.406875