1 0.961875 0.4225 0.043125 0.2225
1 0.956875 0.35875 0.03375 0.135
1 0.733125 0.4325 0.049375 0.28625
1 0.669375 0.373125 0.018125 0.070625
1 0.643125 0.37875 0.01125 0.068125
1 0.628125 0.363125 0.01375 0.05125
1 0.606875 0.355 0.013125 0.029375
1 0.595 0.358125 0.01125 0.0275
0 0.46125 0.365 0.009375 0.025
0 0.445 0.366875 0.013125 0.02375
0 0.43 0.366875 0.024375 0.04
0 0.405625 0.373125 0.0225 0.03625
0 0.3425 0.373125 0.035 0.044375
0 0.325625 0.381875 0.02875 0.03625
0 0.294375 0.379375 0.05625 0.04875
0 0.380625 0.38375 0.038125 0.04
2 0.485 0.32625 0.049375 0.079375
0 0.48125 0.394375 0.046875 0.056875
1 0.914375 0.34875 0.013125 0.06
0 0.9625 0.3425 0.075 0.07
0 0.9 0.366875 0.05375 0.03625
1 0.835 0.354375 0.015625 0.056875
0 0.1175 0.4375 0.234375 0.566875