1 0.02625 0.335625 0.018125 0.030625
1 0.006875 0.349375 0.013125 0.033125
0 0.503125 0.3525 0.01 0.025
0 0.518125 0.3525 0.02 0.015
1 0.73625 0.345 0.019375 0.05
0 0.47375 0.3675 0.028125 0.04875
0 0.445 0.361875 0.03625 0.085
0 0.355 0.32 0.034375 0.031875
0 0.3925 0.37875 0.08875 0.12375
0 0.06125 0.3175 0.025 0.02375
0 0.17375 0.418125 0.346875 0.365
0 0.543125 0.351875 0.01375 0.016875
0 0.6025 0.3675 0.0275 0.0625
0 0.62125 0.373125 0.044375 0.083125
0 0.659375 0.3875 0.08125 0.09
0 0.79875 0.436875 0.2 0.23625
0 0.91 0.441875 0.175625 0.42625