0 0.064375 0.574375 0.034375 0.05125
0 0.0975 0.573125 0.071875 0.054375
0 0.030625 0.573125 0.06125 0.08625
0 0.16375 0.568125 0.065625 0.058125
0 0.353125 0.5625 0.02875 0.0375
0 0.51375 0.54875 0.011875 0.01375
0 0.505 0.554375 0.009375 0.030625
0 0.495 0.55 0.02375 0.04875
0 0.493125 0.560625 0.01875 0.033125
0 0.47875 0.551875 0.015625 0.058125
0 0.468125 0.551875 0.02125 0.0725
0 0.431875 0.5125 0.05625 0.0625
0 0.24375 0.57 0.031875 0.0375
0 0.293125 0.57375 0.02375 0.033125
0 0.419375 0.57375 0.06375 0.083125
0 0.524375 0.565 0.01875 0.02625
0 0.72875 0.626875 0.174375 0.1975
0 0.799375 0.5575 0.055625 0.10125
0 0.899375 0.569375 0.17125 0.145625
0 0.944375 0.6 0.11 0.155625
0 0.556875 0.55 0.01875 0.045625
0 0.58 0.550625 0.04125 0.075
0 0.595625 0.563125 0.045 0.0625
0 0.6175 0.536875 0.0225 0.035
2 0.5475 0.54375 0.025 0.069375
0 0.66625 0.565 0.1125 0.1475
2 0.443125 0.560625 0.05875 0.081875