0 0.50375 0.53 0.011875 0.020625
0 0.5175 0.525 0.013125 0.030625
0 0.520625 0.5225 0.0175 0.03625
0 0.551875 0.563125 0.08625 0.229375
0 0.461875 0.5325 0.011875 0.03625
0 0.831875 0.533125 0.08625 0.07375
0 0.89375 0.500625 0.061875 0.054375
0 0.8775 0.55 0.04875 0.070625
0 0.935 0.52375 0.12875 0.170625
0 0.9725 0.54625 0.053125 0.14
0 0.48125 0.53 0.0325 0.05125
0 0.43375 0.53625 0.053125 0.07375
0 0.79625 0.519375 0.113125 0.091875
1 0.7825 0.519375 0.02 0.04
1 0.83625 0.549375 0.021875 0.106875
1 0.85 0.551875 0.02875 0.1125
1 0.2925 0.53875 0.015625 0.069375
1 0.281875 0.54 0.015625 0.06125
1 0.2625 0.5525 0.0175 0.08625
1 0.24 0.54875 0.0175 0.07375
1 0.15125 0.55 0.024375 0.091875
1 0.0925 0.555625 0.03125 0.1125
1 0.07 0.5525 0.021875 0.106875
1 0.0475 0.568125 0.04 0.131875
0 0.7075 0.68125 0.3825 0.466875