1 0.97375 0.610625 0.05 0.21
0 0.476875 0.535625 0.011875 0.019375
0 0.466875 0.535625 0.018125 0.019375
0 0.449375 0.53875 0.01375 0.020625
0 0.4425 0.544375 0.01625 0.02375
0 0.42375 0.544375 0.013125 0.033125
0 0.41125 0.54875 0.01125 0.043125
0 0.39625 0.551875 0.02 0.04
0 0.380625 0.55375 0.01375 0.06
0 0.365 0.5575 0.015625 0.06
0 0.350625 0.5625 0.01625 0.06125
0 0.648125 0.611875 0.08125 0.1375
0 0.58625 0.58625 0.063125 0.075
0 0.559375 0.57 0.02625 0.06
0 0.54125 0.5575 0.021875 0.06
0 0.530625 0.56 0.021875 0.055625
0 0.5175 0.55375 0.01375 0.043125
0 0.513125 0.54625 0.015625 0.033125
0 0.50375 0.541875 0.00875 0.0275
0 0.17375 0.6075 0.346875 0.44875
0 0.773125 0.635 0.2325 0.268125
0 0.48875 0.53625 0.0075 0.015
1 0.560625 0.56 0.01 0.03625