1 0.95546875 0.6234375 0.025 0.1390625
1 0.9328125 0.62265625 0.02265625 0.13359375
1 0.89296875 0.6265625 0.03515625 0.1265625
1 0.853125 0.6234375 0.00859375 0.05
1 0.86328125 0.62109375 0.00859375 0.0484375
1 0.56484375 0.6203125 0.009375 0.04296875
1 0.57421875 0.61953125 0.009375 0.04140625
1 0.4859375 0.621875 0.00703125 0.04296875
1 0.478125 0.61640625 0.0078125 0.046875
0 0.2421875 0.590625 0.315625 0.38359375
0 0.51953125 0.6265625 0.06171875 0.07109375
0 0.615625 0.62578125 0.0484375 0.04453125
2 0.7453125 0.60234375 0.08359375 0.146875
0 0.6984375 0.6171875 0.0171875 0.0375
0 0.43515625 0.63046875 0.0390625 0.04296875
0 0.4734375 0.62421875 0.01484375 0.03359375