1 0.955625 0.62375 0.025 0.13875
1 0.9325 0.623125 0.0225 0.133125
1 0.893125 0.62625 0.035 0.12625
1 0.8525 0.62375 0.00875 0.05
1 0.863125 0.620625 0.00875 0.04875
1 0.565 0.62 0.009375 0.043125
1 0.574375 0.619375 0.009375 0.041875
1 0.485625 0.62125 0.006875 0.043125
1 0.47875 0.616875 0.0075 0.0475
0 0.241875 0.59 0.315625 0.383125
0 0.519375 0.62625 0.061875 0.070625
0 0.61625 0.625625 0.04875 0.044375
2 0.745625 0.601875 0.08375 0.1475
0 0.698125 0.6175 0.0175 0.0375
0 0.435 0.630625 0.03875 0.043125
0 0.473125 0.624375 0.015 0.033125