1 0.691875 0.529375 0.01625 0.08875
1 0.71375 0.53375 0.02125 0.1
0 0.878125 0.5625 0.24125 0.57375
0 0.06875 0.56625 0.1375 0.3025
2 0.185 0.45 0.165625 0.293125
1 0.275625 0.513125 0.015625 0.145625
0 0.299375 0.504375 0.059375 0.141875
0 0.41 0.51125 0.0475 0.0625
0 0.4875 0.515 0.043125 0.056875
0 0.63 0.538125 0.078125 0.095625
0 0.56625 0.525625 0.04875 0.06375
0 0.384375 0.500625 0.024375 0.035
0 0.465 0.510625 0.011875 0.03625
0 0.4525 0.50125 0.01625 0.029375
2 0.4325 0.494375 0.0275 0.054375