1 0.131875 0.46125 0.0525 0.243125
1 0.16375 0.445 0.03125 0.155625
1 0.738125 0.45 0.02375 0.08875
1 0.488125 0.4375 0.0175 0.1025
1 0.47375 0.430625 0.015 0.06375
1 0.83 0.408125 0.013125 0.02625
0 0.793125 0.464375 0.115625 0.0975
0 0.595 0.455625 0.180625 0.120625
0 0.454375 0.41375 0.02375 0.030625
0 0.193125 0.424375 0.025 0.044375
0 0.551875 0.41625 0.043125 0.031875
0 0.509375 0.4325 0.030625 0.04
2 0.88375 0.46125 0.228125 0.735
0 0.2175 0.423125 0.0175 0.035
0 0.30875 0.54125 0.455625 0.61