0 0.608125 0.499375 0.025625 0.0725
1 0.51625 0.499375 0.019375 0.035
1 0.51125 0.475 0.015 0.01
1 0.47625 0.46875 0.0175 0.01
1 0.4625 0.483125 0.01 0.018125
1 0.47375 0.49 0.01875 0.029375
0 0.449375 0.485625 0.02125 0.030625
0 0.756875 0.5425 0.15125 0.166875
0 0.655625 0.5 0.100625 0.119375
0 0.889375 0.580625 0.219375 0.316875
0 0.050625 0.548125 0.09875 0.11375
0 0.315625 0.5075 0.01875 0.041875
0 0.288125 0.514375 0.05 0.055625
0 0.24 0.518125 0.05 0.066875
0 0.559375 0.499375 0.08375 0.14875
0 0.384375 0.51625 0.130625 0.19875
0 0.49125 0.5 0.03625 0.055625
0 0.1825 0.523125 0.07625 0.080625