1 0.093125 0.49625 0.0425 0.193125
1 0.229375 0.505625 0.018125 0.08875
1 0.28375 0.5 0.015 0.06375
1 0.29125 0.495 0.009375 0.05125
1 0.4725 0.49875 0.011875 0.0475
1 0.365625 0.4975 0.00875 0.0475
1 0.346875 0.49625 0.00875 0.04875
1 0.32875 0.495625 0.0075 0.03875
1 0.32 0.495625 0.00875 0.03875
1 0.375625 0.500625 0.021875 0.0775
1 0.61375 0.526875 0.011875 0.070625
0 0.5875 0.49875 0.09125 0.080625
0 0.391875 0.49375 0.01 0.016875
0 0.805625 0.5675 0.38375 0.40125
0 0.52375 0.53125 0.1175 0.119375
0 0.423125 0.5125 0.06 0.09875
0 0.23125 0.5025 0.075 0.044375
0 0.91625 0.7225 0.165625 0.24875
0 0.038125 0.46 0.07375 0.16125
0 0.16875 0.50125 0.11 0.08875