2 0.0325 0.48875 0.065 0.18875
0 0.37 0.444375 0.01 0.016875
0 0.401875 0.426875 0.018125 0.018125
0 0.395625 0.429375 0.01125 0.01375
0 0.395 0.44125 0.01125 0.018125
0 0.389375 0.414375 0.01 0.0125
0 0.38375 0.4225 0.011875 0.018125
0 0.41625 0.419375 0.01 0.018125
0 0.414375 0.423125 0.006875 0.01125
0 0.4175 0.4275 0.0175 0.02375
0 0.42875 0.43 0.015625 0.015
0 0.341875 0.456875 0.01 0.016875
0 0.324375 0.485625 0.01625 0.020625
0 0.326875 0.475625 0.018125 0.015
0 0.3725 0.474375 0.015625 0.025
0 0.363125 0.4475 0.01 0.018125
0 0.35375 0.469375 0.015625 0.019375
0 0.386875 0.489375 0.028125 0.04
0 0.4375 0.48875 0.07625 0.115
0 0.3975 0.461875 0.024375 0.016875
0 0.394375 0.4725 0.015 0.016875
2 0.463125 0.45875 0.04375 0.07375
1 0.736875 0.460625 0.04 0.14875