0 0.0234375 0.4078125 0.046875 0.13125
1 0.1625 0.3953125 0.03203125 0.096875
1 0.29765625 0.44140625 0.04765625 0.21796875
1 0.49375 0.4234375 0.0234375 0.103125
0 0.6421875 0.44140625 0.07734375 0.1109375
0 0.9078125 0.43125 0.06015625 0.065625
1 0.94375 0.4125 0.01171875 0.0484375
0 0.6890625 0.434375 0.02109375 0.07890625
0 0.703125 0.42421875 0.009375 0.05859375
0 0.7140625 0.42421875 0.01171875 0.04453125
0 0.7125 0.41015625 0.028125 0.0484375
0 0.7578125 0.41328125 0.03828125 0.05390625
2 0.728125 0.38984375 0.03203125 0.05859375
0 0.8734375 0.428125 0.0171875 0.0484375
0 0.8625 0.4234375 0.01875 0.0359375
0 0.85625 0.4171875 0.02890625 0.04453125
0 0.83828125 0.4171875 0.01171875 0.03046875
0 0.83046875 0.41171875 0.01171875 0.0265625
0 0.821875 0.40703125 0.01328125 0.03046875