1 0.105625 0.526875 0.043125 0.1475
1 0.26875 0.539375 0.02125 0.08875
1 0.40875 0.543125 0.0125 0.05
1 0.44125 0.53875 0.015 0.045625
0 0.6475 0.698125 0.25375 0.41
0 0.91125 0.64125 0.175625 0.233125
0 0.835 0.605625 0.084375 0.141875
0 0.756875 0.58875 0.030625 0.0875
0 0.649375 0.55125 0.05 0.045625
1 0.505625 0.55 0.0075 0.043125
0 0.511875 0.54375 0.02875 0.043125
0 0.521875 0.53875 0.01 0.033125
0 0.525 0.536875 0.01875 0.033125
0 0.5275 0.5325 0.025625 0.033125
0 0.53875 0.520625 0.030625 0.03875
1 0.47875 0.525 0.0075 0.035