0 0.58125 0.5525 0.0275 0.041875
0 0.59125 0.56125 0.02375 0.033125
0 0.545 0.55125 0.009375 0.029375
0 0.56 0.556875 0.025625 0.02625
0 0.60875 0.564375 0.036875 0.045625
2 0.245 0.50625 0.16625 0.158125
2 0.1475 0.505 0.080625 0.13625
0 0.0625 0.54375 0.121875 0.10125
2 0.06625 0.47 0.13125 0.104375
2 0.519375 0.52375 0.049375 0.09875
0 0.63875 0.558125 0.025625 0.031875
1 0.8025 0.5975 0.045 0.13875
1 0.670625 0.561875 0.01125 0.041875
1 0.678125 0.561875 0.009375 0.041875
1 0.8425 0.579375 0.02 0.080625
1 0.87 0.585625 0.018125 0.081875
1 0.321875 0.54125 0.0275 0.065