0 0.4325 0.479375 0.011875 0.015
0 0.423125 0.48625 0.011875 0.019375
0 0.3925 0.4925 0.015625 0.02375
0 0.45375 0.480625 0.013125 0.0125
0 0.47 0.500625 0.01625 0.0275
0 0.48125 0.479375 0.015625 0.02375
0 0.514375 0.501875 0.03125 0.029375
0 0.48875 0.5125 0.043125 0.035
0 0.449375 0.50625 0.01625 0.029375
0 0.410625 0.511875 0.0275 0.04
0 0.36625 0.510625 0.035 0.03875
0 0.33 0.50875 0.025 0.031875
0 0.258125 0.5275 0.07375 0.080625
1 0.64125 0.505 0.01625 0.075
1 0.963125 0.5525 0.040625 0.175
1 0.92875 0.500625 0.03 0.104375
2 0.03125 0.49125 0.06125 0.119375