0 0.4328125 0.47890625 0.01171875 0.015625
0 0.4234375 0.4859375 0.01171875 0.01953125
0 0.3921875 0.4921875 0.015625 0.0234375
0 0.453125 0.48046875 0.01328125 0.0125
0 0.4703125 0.50078125 0.01640625 0.028125
0 0.48125 0.47890625 0.015625 0.0234375
0 0.5140625 0.50234375 0.03125 0.02890625
0 0.4890625 0.5125 0.04296875 0.034375
0 0.45 0.50625 0.01640625 0.02890625
0 0.4109375 0.51171875 0.02734375 0.040625
0 0.365625 0.51015625 0.03515625 0.0390625
0 0.3296875 0.509375 0.025 0.03203125
0 0.2578125 0.528125 0.0734375 0.08046875
1 0.64140625 0.5046875 0.01640625 0.075
1 0.9625 0.553125 0.040625 0.175
1 0.92890625 0.50078125 0.0296875 0.10390625
2 0.03125 0.490625 0.0609375 0.11953125