0 0.020625 0.64125 0.04125 0.16125
0 0.893125 0.63375 0.2125 0.258125
0 0.9475 0.491875 0.10375 0.081875
0 0.930625 0.475 0.100625 0.04875
0 0.0475 0.601875 0.095 0.115
0 0.2525 0.5375 0.040625 0.0725
0 0.305625 0.51625 0.038125 0.056875
0 0.345625 0.495 0.019375 0.025
0 0.361875 0.4925 0.01375 0.025
0 0.435 0.4975 0.02375 0.031875
0 0.39875 0.49375 0.03125 0.020625
0 0.388125 0.506875 0.025625 0.01375
0 0.476875 0.524375 0.06375 0.08875
0 0.42375 0.479375 0.015625 0.016875
0 0.40375 0.595 0.113125 0.1775
1 0.541875 0.4975 0.0075 0.031875
1 0.5475 0.493125 0.005625 0.0375
1 0.555625 0.500625 0.0125 0.0525
1 0.6075 0.514375 0.015 0.075
1 0.594375 0.515 0.01 0.07375
1 0.565625 0.50125 0.0075 0.04875
1 0.570625 0.48875 0.009375 0.018125
1 0.57625 0.52125 0.01 0.0625
1 0.585625 0.51125 0.009375 0.075
1 0.6275 0.51125 0.015 0.080625
1 0.643125 0.49625 0.02125 0.066875
1 0.6575 0.493125 0.00875 0.055625
1 0.67625 0.495625 0.0125 0.055625
1 0.6925 0.498125 0.01 0.030625
1 0.703125 0.494375 0.011875 0.0375
1 0.720625 0.4875 0.019375 0.0475
1 0.75375 0.4825 0.0175 0.035
1 0.80875 0.469375 0.0175 0.029375
1 0.13875 0.515 0.011875 0.033125
1 0.149375 0.51125 0.01 0.030625
1 0.276875 0.544375 0.03125 0.15
1 0.3275 0.525625 0.0225 0.079375
1 0.213125 0.50875 0.015 0.0275
1 0.198125 0.51375 0.01 0.0275
1 0.185625 0.51625 0.009375 0.0275
1 0.09625 0.535 0.02375 0.06125
1 0.075625 0.535 0.015625 0.0475