0 0.46640625 0.50703125 0.0109375 0.015625
0 0.4578125 0.5125 0.01015625 0.01640625
0 0.4515625 0.509375 0.00859375 0.01953125
0 0.440625 0.509375 0.02109375 0.0375
0 0.43984375 0.5125 0.015625 0.0265625
0 0.43046875 0.515625 0.0234375 0.0359375
0 0.4203125 0.51953125 0.01875 0.0359375
0 0.40625 0.528125 0.01640625 0.05546875
0 0.378125 0.52734375 0.05859375 0.08046875
0 0.478125 0.5125 0.0109375 0.015625
0 0.4890625 0.5140625 0.0125 0.0125
0 0.496875 0.515625 0.00859375 0.0140625
0 0.5109375 0.51484375 0.02109375 0.02890625
0 0.5296875 0.521875 0.015625 0.025
0 0.559375 0.5328125 0.01875 0.028125
0 0.5703125 0.5375 0.0078125 0.0265625
0 0.58984375 0.53359375 0.0140625 0.025
2 0.7390625 0.55546875 0.13984375 0.146875
0 0.93515625 0.61953125 0.128125 0.1625
0 0.2296875 0.553125 0.18046875 0.20546875
1 0.0375 0.48125 0.01640625 0.11953125
1 0.09375 0.49609375 0.01953125 0.11640625
1 0.0765625 0.5046875 0.028125 0.1234375
1 0.471875 0.509375 0.009375 0.02890625
1 0.578125 0.546875 0.034375 0.10703125
1 0.603125 0.534375 0.009375 0.03203125
1 0.60859375 0.5390625 0.0078125 0.03046875
1 0.8609375 0.5984375 0.021875 0.0875