0 0.46625 0.506875 0.01125 0.015
0 0.4575 0.5125 0.01 0.016875
0 0.45125 0.51 0.00875 0.019375
0 0.44125 0.50875 0.02125 0.0375
0 0.44 0.5125 0.015625 0.02625
0 0.430625 0.51625 0.02375 0.03625
0 0.420625 0.519375 0.01875 0.03625
0 0.406875 0.5275 0.01625 0.055625
0 0.37875 0.526875 0.05875 0.080625
0 0.4775 0.5125 0.01125 0.015
0 0.48875 0.51375 0.0125 0.0125
0 0.496875 0.515 0.00875 0.01375
0 0.51125 0.514375 0.02125 0.029375
0 0.53 0.52125 0.015625 0.025
0 0.55875 0.5325 0.01875 0.0275
0 0.570625 0.5375 0.0075 0.02625
0 0.59 0.533125 0.01375 0.025
2 0.73875 0.555625 0.14 0.1475
0 0.935 0.619375 0.128125 0.1625
0 0.229375 0.5525 0.180625 0.205625
1 0.038125 0.48125 0.01625 0.119375
1 0.093125 0.495625 0.019375 0.116875
1 0.07625 0.505 0.028125 0.12375
1 0.4725 0.51 0.009375 0.029375
1 0.578125 0.5475 0.034375 0.106875
1 0.60375 0.53375 0.009375 0.031875
1 0.60875 0.53875 0.0075 0.030625
1 0.86125 0.59875 0.021875 0.0875