0 0.0275 0.635 0.055 0.385
0 0.06 0.439375 0.119375 0.1
0 0.265 0.43125 0.065 0.070625
0 0.29875 0.40875 0.021875 0.033125
0 0.31125 0.41625 0.02 0.04
0 0.361875 0.425 0.09 0.13875
0 0.41 0.405625 0.044375 0.079375
0 0.53375 0.413125 0.038125 0.0725
0 0.4725 0.435625 0.115625 0.20125
0 0.340625 0.3875 0.0275 0.025
1 0.53 0.426875 0.015625 0.079375
0 0.575625 0.42375 0.069375 0.0975
0 0.655 0.455625 0.121875 0.14875
0 0.80875 0.505625 0.299375 0.27625
0 0.97625 0.680625 0.044375 0.304375
1 0.10875 0.413125 0.01375 0.03625
1 0.12125 0.433125 0.01125 0.080625