0 0.57875 0.58 0.06 0.116875
0 0.578125 0.601875 0.04625 0.116875
0 0.51125 0.545 0.00875 0.016875
0 0.501875 0.548125 0.0125 0.015
0 0.4925 0.54625 0.01 0.016875
0 0.48375 0.55125 0.009375 0.015
0 0.475 0.550625 0.011875 0.020625
0 0.360625 0.56125 0.025 0.0375
0 0.2475 0.5725 0.05125 0.0525
0 0.206875 0.583125 0.04 0.04875
0 0.1575 0.5775 0.0625 0.068125
0 0.08875 0.58375 0.08125 0.080625
0 0.53375 0.55 0.0125 0.018125
0 0.6425 0.625 0.12875 0.17625
2 0.274375 0.54 0.088125 0.081875
2 0.455 0.5425 0.03625 0.055625
2 0.40625 0.544375 0.07125 0.069375
0 0.02625 0.5925 0.0525 0.0975
0 0.281875 0.566875 0.0275 0.025
0 0.47875 0.46375 0.018125 0.01125
0 0.46 0.464375 0.01625 0.0125
0 0.434375 0.4625 0.013125 0.0125