0 0.40875 0.393125 0.0725 0.09
0 0.490625 0.3875 0.06375 0.104375
0 0.684375 0.406875 0.14125 0.105625
2 0.835 0.344375 0.161875 0.14
0 0.33125 0.369375 0.04 0.0275
0 0.360625 0.36875 0.025625 0.02375
0 0.388125 0.361875 0.021875 0.0275
0 0.523125 0.35 0.01 0.015
0 0.533125 0.345625 0.0075 0.016875
0 0.54125 0.3475 0.013125 0.0125
2 0.551875 0.350625 0.013125 0.02375
0 0.5675 0.3475 0.006875 0.01375
0 0.5725 0.354375 0.01125 0.0125
0 0.580625 0.356875 0.009375 0.020625
0 0.589375 0.3575 0.011875 0.019375
0 0.594375 0.365 0.011875 0.031875
2 0.615625 0.355625 0.03875 0.07375
1 0.563125 0.373125 0.0225 0.06
1 0.934375 0.3775 0.01375 0.069375