0 0.409375 0.39296875 0.07265625 0.090625
0 0.490625 0.3875 0.0640625 0.10390625
0 0.684375 0.40703125 0.14140625 0.10546875
2 0.83515625 0.34453125 0.16171875 0.140625
0 0.33125 0.36953125 0.03984375 0.028125
0 0.3609375 0.36875 0.02578125 0.0234375
0 0.38828125 0.36171875 0.021875 0.028125
0 0.5234375 0.35 0.01015625 0.015625
0 0.5328125 0.34609375 0.0078125 0.01640625
0 0.540625 0.346875 0.01328125 0.0125
2 0.5515625 0.35078125 0.01328125 0.0234375
0 0.5671875 0.346875 0.00703125 0.0140625
0 0.57265625 0.35390625 0.0109375 0.0125
0 0.58046875 0.35703125 0.009375 0.02109375
0 0.5890625 0.3578125 0.01171875 0.01953125
0 0.59453125 0.365625 0.01171875 0.03203125
2 0.615625 0.35546875 0.0390625 0.0734375
1 0.5625 0.37265625 0.02265625 0.059375
1 0.934375 0.378125 0.0140625 0.06953125