1 0.379375 0.5125 0.00875 0.030625
1 0.50875 0.53125 0.01 0.045625
0 0.34125 0.506875 0.0225 0.03625
0 0.3725 0.5025 0.011875 0.02375
0 0.4125 0.48625 0.00875 0.016875
0 0.425625 0.488125 0.015625 0.0275
0 0.43625 0.4975 0.01125 0.020625
2 0.45125 0.493125 0.025625 0.043125
0 0.454375 0.51125 0.02375 0.0275
0 0.36125 0.51375 0.021875 0.033125
0 0.41625 0.51875 0.0275 0.043125
0 0.605625 0.57375 0.118125 0.1275
1 0.731875 0.536875 0.0175 0.033125
0 0.918125 0.53875 0.0375 0.03875
0 0.958125 0.541875 0.024375 0.02625
0 0.88 0.533125 0.0275 0.033125
0 0.83 0.53125 0.0675 0.02625
0 0.748125 0.53 0.04875 0.030625
0 0.655 0.600625 0.128125 0.15
0 0.799375 0.638125 0.2475 0.219375
0 0.175625 0.541875 0.349375 0.485
0 0.946875 0.708125 0.1025 0.2525