1 0.0625 0.519375 0.035 0.119375
1 0.128125 0.59125 0.02375 0.07625
1 0.144375 0.59125 0.025625 0.07625
1 0.285 0.575 0.02625 0.1125
1 0.696875 0.62125 0.019375 0.09
1 0.665625 0.61 0.0175 0.068125
1 0.61875 0.605625 0.01125 0.06375
1 0.906875 0.651875 0.038125 0.169375
1 0.43625 0.59125 0.0175 0.066875
1 0.425625 0.59625 0.01125 0.058125
1 0.395625 0.57125 0.011875 0.056875
1 0.75125 0.625 0.0225 0.105625
1 0.736875 0.60375 0.015625 0.056875
1 0.405 0.574375 0.011875 0.075
0 0.585 0.600625 0.01875 0.06375
0 0.499375 0.58375 0.01125 0.020625
0 0.491875 0.585625 0.00875 0.018125
0 0.514375 0.586875 0.019375 0.035
0 0.54375 0.6025 0.069375 0.094375
0 0.480625 0.58375 0.01375 0.020625
1 0.613125 0.6075 0.01125 0.05
0 0.424375 0.539375 0.0075 0.01375
1 0.39 0.551875 0.00875 0.020625
1 0.015625 0.5425 0.03125 0.241875