0 0.469375 0.41875 0.031875 0.05
0 0.475625 0.439375 0.01875 0.045625
0 0.47 0.474375 0.03625 0.08625
0 0.22625 0.468125 0.10625 0.15125
0 0.03875 0.4975 0.075625 0.315
0 0.349375 0.5875 0.294375 0.38875
1 0.088125 0.42875 0.01875 0.1
1 0.105625 0.423125 0.01875 0.09
1 0.115 0.4225 0.00875 0.06
1 0.135 0.38875 0.0125 0.041875
1 0.155625 0.426875 0.011875 0.0625
1 0.5525 0.4575 0.00875 0.066875
1 0.560625 0.455625 0.0125 0.0625
1 0.599375 0.46125 0.01125 0.068125
1 0.591875 0.46875 0.01125 0.066875
1 0.578125 0.488125 0.024375 0.116875
1 0.529375 0.5075 0.04 0.16
1 0.694375 0.46375 0.01375 0.0375
1 0.701875 0.49375 0.02125 0.0975
1 0.715625 0.491875 0.018125 0.095625
1 0.73625 0.46875 0.015625 0.041875
1 0.735 0.5125 0.02375 0.1125
1 0.77875 0.564375 0.0425 0.1875