0 0.50078125 0.5359375 0.01171875 0.021875
0 0.471875 0.5375 0.01171875 0.02109375
0 0.5171875 0.53515625 0.0140625 0.0234375
0 0.53125 0.5453125 0.0203125 0.03203125
0 0.5421875 0.54921875 0.01640625 0.0375
0 0.55078125 0.5546875 0.01328125 0.04609375
0 0.496875 0.5359375 0.01171875 0.025
0 0.45078125 0.534375 0.0125 0.03046875
0 0.4546875 0.528125 0.01875 0.04453125
0 0.4203125 0.546875 0.0453125 0.078125
0 0.484375 0.540625 0.0140625 0.02109375
0 0.05234375 0.51484375 0.0859375 0.0625
2 0.2625 0.515625 0.3625 0.46953125
2 0.5953125 0.53359375 0.0890625 0.140625
2 0.45234375 0.51171875 0.0234375 0.05703125
1 0.928125 0.5890625 0.01875 0.09296875
1 0.6890625 0.565625 0.01328125 0.0734375
1 0.9890625 0.590625 0.0203125 0.11640625