0 0.97125 0.345 0.055 0.035
0 0.933125 0.35625 0.02625 0.02375
0 0.906875 0.363125 0.030625 0.015
0 0.881875 0.369375 0.015625 0.0275
0 0.855625 0.36875 0.031875 0.020625
0 0.81125 0.373125 0.0325 0.018125
0 0.7825 0.380625 0.0225 0.016875
0 0.765 0.379375 0.01 0.0225
0 0.718125 0.3875 0.01875 0.018125
0 0.684375 0.388125 0.0125 0.019375
0 0.581875 0.406875 0.01375 0.015
0 0.5675 0.4 0.01125 0.0125
0 0.519375 0.41875 0.006875 0.0125
0 0.508125 0.42375 0.009375 0.016875
0 0.49375 0.4275 0.005625 0.01375
0 0.30125 0.42875 0.01375 0.016875
0 0.279375 0.42875 0.015625 0.019375
0 0.441875 0.425 0.0125 0.02375
0 0.43375 0.43375 0.015625 0.0375
0 0.411875 0.4425 0.04125 0.058125
0 0.464375 0.46 0.059375 0.081875
0 0.370625 0.460625 0.065 0.08625
0 0.2275 0.44875 0.03125 0.029375
0 0.166875 0.49125 0.140625 0.13875
0 0.02625 0.45 0.028125 0.01375
1 0.00875 0.44625 0.009375 0.02625
1 0.0025 0.444375 0.005 0.02625