1 0.075625 0.50375 0.01875 0.08625
1 0.050625 0.504375 0.0175 0.070625
1 0.215625 0.486875 0.0175 0.04875
0 0.055625 0.463125 0.02625 0.02625
0 0.11375 0.466875 0.0525 0.0275
0 0.405 0.47625 0.013125 0.02375
0 0.455625 0.475 0.011875 0.020625
0 0.468125 0.48875 0.02125 0.030625
0 0.5375 0.5 0.015 0.033125
2 0.49375 0.47 0.025 0.035
2 0.585625 0.475 0.103125 0.1475
2 0.429375 0.466875 0.04375 0.09875
0 0.395625 0.481875 0.015625 0.02625
0 0.489375 0.49375 0.02875 0.044375
0 0.64125 0.524375 0.084375 0.12375
0 0.791875 0.563125 0.125 0.108125
1 0.83625 0.506875 0.02125 0.055625
1 0.72875 0.51625 0.015 0.070625
1 0.713125 0.5125 0.0175 0.06375
0 0.281875 0.51625 0.065 0.079375
0 0.018125 0.464375 0.03625 0.0275