1 0.1425 0.498125 0.0175 0.108125
1 0.1575 0.4875 0.0175 0.106875
1 0.211875 0.4875 0.015625 0.106875
1 0.225 0.4925 0.02 0.0975
1 0.249375 0.47625 0.018125 0.056875
1 0.770625 0.47 0.009375 0.0475
1 0.68125 0.456875 0.005625 0.019375
1 0.67625 0.461875 0.00625 0.03625
1 0.26625 0.480625 0.015 0.081875
1 0.706875 0.456875 0.005625 0.018125
1 0.703125 0.463125 0.005625 0.0275
1 0.695 0.46 0.006875 0.031875
2 0.563125 0.43875 0.031875 0.07625
0 0.543125 0.4425 0.00875 0.0225
0 0.578125 0.46125 0.02 0.0475
0 0.5175 0.441875 0.04875 0.06125
0 0.714375 0.455 0.024375 0.020625
0 0.6925 0.458125 0.025 0.025
0 0.735 0.456875 0.0175 0.025
0 0.4775 0.531875 0.149375 0.2025
0 0.6025 0.47 0.04875 0.06375
0 0.9025 0.50125 0.193125 0.344375
1 0.174375 0.50375 0.024375 0.105625