0 0.4075 0.458125 0.02375 0.0275
0 0.39125 0.4225 0.00875 0.018125
0 0.380625 0.426875 0.01 0.0225
0 0.37 0.435625 0.0125 0.018125
1 0.39 0.46375 0.00875 0.030625
1 0.3375 0.71375 0.00125 0.018125
0 0.34875 0.458125 0.02125 0.02375
0 0.33 0.461875 0.01875 0.043125
0 0.306875 0.469375 0.035 0.05
0 0.28625 0.475 0.025625 0.0525
0 0.26 0.479375 0.038125 0.06125
0 0.219375 0.4925 0.06875 0.091875
0 0.138125 0.511875 0.140625 0.1225
0 0.035 0.554375 0.069375 0.158125
0 0.44 0.4275 0.019375 0.019375
0 0.4475 0.455 0.038125 0.056875
1 0.484375 0.460625 0.00875 0.033125
0 0.50375 0.469375 0.035 0.041875
0 0.571875 0.4825 0.06875 0.07625
0 0.706875 0.518125 0.146875 0.130625
1 0.890625 0.500625 0.034375 0.1525
1 0.855625 0.49875 0.038125 0.16125