0 0.36 0.658125 0.23625 0.34
1 0.069375 0.5125 0.01625 0.0525
1 0.08125 0.5125 0.01625 0.044375
0 0.215 0.52625 0.069375 0.043125
0 0.573125 0.56 0.05875 0.06125
1 0.654375 0.6425 0.036875 0.16
1 0.686875 0.6225 0.034375 0.204375
1 0.7275 0.551875 0.015625 0.055625
1 0.745625 0.56 0.009375 0.056875
1 0.75 0.57375 0.015625 0.055625
1 0.8975 0.6125 0.03 0.104375
1 0.91 0.630625 0.02 0.068125
0 0.99125 0.61625 0.013125 0.03875
0 0.65375 0.516875 0.02875 0.04
0 0.814375 0.53625 0.04 0.06125
2 0.756875 0.518125 0.0675 0.05125