0 0.550625 0.52375 0.028125 0.041875
0 0.56625 0.524375 0.01 0.03875
0 0.588125 0.516875 0.0375 0.058125
0 0.5975 0.525625 0.0375 0.06
0 0.605625 0.531875 0.04 0.06125
0 0.6325 0.54 0.061875 0.079375
0 0.5 0.539375 0.09125 0.13625
0 0.45125 0.53125 0.01875 0.044375
0 0.435 0.5375 0.0325 0.05
0 0.425 0.545625 0.02375 0.044375
2 0.40125 0.54 0.04125 0.06375
0 0.3825 0.554375 0.0475 0.06125
0 0.325625 0.56375 0.078125 0.0875
0 0.938125 0.655625 0.11875 0.36125
1 0.805625 0.569375 0.05125 0.316875
1 0.296875 0.5375 0.01375 0.03875
1 0.3425 0.5125 0.01 0.02625
1 0.718125 0.51375 0.02 0.09
1 0.690625 0.52125 0.0175 0.070625