0 0.318125 0.523125 0.025625 0.055625
0 0.19625 0.51125 0.04875 0.09875
0 0.3425 0.53375 0.01375 0.0375
0 0.40125 0.529375 0.028125 0.030625
0 0.264375 0.506875 0.095 0.144375
0 0.3675 0.515 0.04625 0.069375
0 0.11125 0.645625 0.2225 0.4725
0 0.769375 0.461875 0.038125 0.029375
0 0.70875 0.47 0.0975 0.05
0 0.64 0.498125 0.053125 0.06375
0 0.595 0.5025 0.08875 0.066875
1 0.780625 0.46625 0.01375 0.033125
1 0.7625 0.46625 0.015 0.029375
1 0.93375 0.476875 0.0475 0.145625
1 0.96875 0.52125 0.043125 0.081875
0 0.788125 0.66125 0.415 0.39
0 0.921875 0.805 0.153125 0.381875