0 0.073125 0.616875 0.14625 0.393125
0 0.2725 0.629375 0.32 0.393125
2 0.056875 0.450625 0.11375 0.11
0 0.946875 0.3475 0.10125 0.1125
0 0.8025 0.406875 0.12 0.13875
0 0.898125 0.32375 0.046875 0.0725
0 0.394375 0.455625 0.0525 0.0625
0 0.238125 0.443125 0.0525 0.0125
0 0.19625 0.473125 0.02375 0.030625
0 0.451875 0.438125 0.02875 0.02625
0 0.438125 0.438125 0.0075 0.0225
0 0.423125 0.438125 0.01875 0.035
0 0.69625 0.4025 0.10125 0.085
0 0.50625 0.44625 0.12875 0.080625
2 0.430625 0.405 0.0825 0.0475
1 0.61125 0.413125 0.021875 0.080625
0 0.496875 0.22 0.01625 0.01375
0 0.84125 0.026875 0.01875 0.05125
0 0.835 0.130625 0.05625 0.06375
0 0.8425 0.18875 0.02375 0.07625
0 0.163125 0.469375 0.0125 0.020625
0 0.178125 0.464375 0.01 0.02625
0 0.144375 0.4675 0.01875 0.020625