2 0.130625 0.5425 0.011875 0.02375
0 0.2175 0.576875 0.025 0.0375
0 0.25375 0.58 0.074375 0.056875
0 0.34625 0.575625 0.075 0.0725
0 0.375 0.588125 0.05125 0.070625
0 0.4175 0.58875 0.065625 0.09
0 0.64125 0.56875 0.025 0.04875
0 0.663125 0.57375 0.028125 0.04875
0 0.76875 0.575625 0.0425 0.055625
0 0.799375 0.558125 0.050625 0.055625
2 0.1625 0.565 0.055625 0.069375
0 0.18125 0.575625 0.05875 0.04875
0 0.07875 0.575625 0.0575 0.04875
0 0.461875 0.614375 0.078125 0.12375
0 0.599375 0.581875 0.08 0.104375
0 0.839375 0.57 0.068125 0.05125