0 0.63375 0.350625 0.021875 0.043125
0 0.655625 0.345625 0.02875 0.06125
0 0.68125 0.34625 0.03 0.06
0 0.71125 0.34375 0.04875 0.056875
0 0.44875 0.366875 0.019375 0.030625
0 0.50875 0.39875 0.0975 0.135
0 0.591875 0.36875 0.080625 0.1
0 0.319375 0.41375 0.088125 0.104375
0 0.4325 0.3825 0.015 0.03625
0 0.24875 0.41 0.0275 0.02625
0 0.150625 0.4275 0.031875 0.029375
0 0.1075 0.435625 0.03625 0.029375
0 0.065625 0.45 0.050625 0.04875
0 0.04 0.45625 0.04 0.03625
0 0.186875 0.424375 0.05375 0.05125
0 0.38 0.391875 0.04125 0.055625
2 0.388125 0.37875 0.07375 0.0775
0 0.014375 0.56875 0.02875 0.208125
2 0.87625 0.42125 0.2425 0.65