1 0.725 0.31015625 0.015625 0.10390625
1 0.6875 0.32109375 0.02265625 0.0984375
0 0.028125 0.471875 0.05546875 0.0765625
0 0.078125 0.45625 0.046875 0.0484375
0 0.2109375 0.41953125 0.0203125 0.025
0 0.15703125 0.4328125 0.03671875 0.0375
0 0.12109375 0.4359375 0.0390625 0.034375
0 0.10625 0.453125 0.040625 0.04609375
0 0.265625 0.40859375 0.021875 0.01953125
0 0.18515625 0.425 0.03203125 0.03359375
0 0.8828125 0.27265625 0.06953125 0.0609375
0 0.82734375 0.26796875 0.021875 0.021875
1 0.76796875 0.29921875 0.01015625 0.07890625
0 0.459375 0.4734375 0.1953125 0.28046875
0 0.38671875 0.375 0.02734375 0.04296875