1 0.725625 0.310625 0.015625 0.104375
1 0.686875 0.320625 0.0225 0.09875
0 0.0275 0.471875 0.055 0.07625
0 0.0775 0.45625 0.046875 0.04875
0 0.21125 0.419375 0.02 0.025
0 0.156875 0.4325 0.036875 0.0375
0 0.12125 0.43625 0.03875 0.035
0 0.105625 0.45375 0.040625 0.045625
0 0.26625 0.408125 0.021875 0.019375
0 0.185 0.425 0.031875 0.033125
0 0.8825 0.273125 0.069375 0.06125
0 0.8275 0.268125 0.021875 0.0225
1 0.768125 0.299375 0.01 0.079375
0 0.46 0.47375 0.195 0.280625
0 0.386875 0.375 0.0275 0.043125