0 0.336875 0.486875 0.02375 0.0625
0 0.2475 0.4725 0.040625 0.0375
0 0.276875 0.4725 0.01375 0.025
0 0.294375 0.470625 0.01625 0.0225
0 0.305 0.4725 0.01625 0.020625
0 0.21625 0.47 0.01875 0.025
0 0.0525 0.454375 0.021875 0.05125
0 0.023125 0.46875 0.04625 0.11
0 0.155 0.473125 0.06375 0.0725
0 0.421875 0.541875 0.199375 0.25125
0 0.203125 0.470625 0.01875 0.02625
1 0.115625 0.464375 0.006875 0.043125
1 0.10875 0.46 0.006875 0.0375
1 0.1025 0.46375 0.009375 0.041875
1 0.095 0.4575 0.0075 0.041875
1 0.095 0.4575 0.005625 0.05