0 0.31375 0.548125 0.0325 0.045625
0 0.145 0.54625 0.07375 0.0625
0 0.055625 0.544375 0.06625 0.065
0 0.043125 0.554375 0.08625 0.09125
0 0.439375 0.53375 0.015625 0.030625
0 0.444375 0.539375 0.01625 0.02375
0 0.455 0.54 0.018125 0.0275
0 0.465 0.5475 0.01875 0.029375
0 0.535625 0.54625 0.03375 0.070625
0 0.766875 0.54 0.01875 0.0275
1 0.588125 0.54 0.006875 0.033125
1 0.6025 0.5425 0.009375 0.016875
1 0.575625 0.5375 0.009375 0.0275
0 0.348125 0.543125 0.0425 0.06
0 0.205625 0.565 0.0975 0.08875
0 0.41125 0.5375 0.01375 0.020625
0 0.49625 0.561875 0.06 0.108125
0 0.850625 0.679375 0.294375 0.418125