1 0.569375 0.465 0.011875 0.0475
1 0.55375 0.46375 0.011875 0.06125
1 0.539375 0.46875 0.00875 0.05
0 0.2325 0.50125 0.06375 0.06375
0 0.325625 0.49625 0.06 0.068125
0 0.275 0.4925 0.03875 0.05125
0 0.299375 0.4625 0.036875 0.044375
0 0.3225 0.454375 0.013125 0.01375
0 0.34 0.45125 0.025 0.0225
0 0.36375 0.47875 0.0275 0.04875
2 0.501875 0.458125 0.044375 0.09875
0 0.4775 0.461875 0.005 0.029375
0 0.47375 0.450625 0.011875 0.035
0 0.443125 0.448125 0.013125 0.015
0 0.46625 0.4475 0.011875 0.01375
0 0.39875 0.444375 0.013125 0.015
0 0.411875 0.448125 0.006875 0.015
0 0.4225 0.450625 0.011875 0.016875