0 0.65125 0.3975 0.025 0.05
0 0.643125 0.40875 0.01625 0.03875
0 0.619375 0.39875 0.0375 0.080625
0 0.60125 0.414375 0.045 0.070625
0 0.590625 0.4225 0.024375 0.069375
0 0.57125 0.4275 0.04125 0.08625
0 0.52 0.44 0.109375 0.12625
0 0.76375 0.415 0.034375 0.058125
0 0.7875 0.416875 0.03875 0.085
0 0.680625 0.40125 0.030625 0.0275
0 0.823125 0.424375 0.071875 0.0975
0 0.38375 0.47625 0.20875 0.220625
0 0.106875 0.4075 0.213125 0.22625
0 0.94 0.450625 0.11875 0.21375
1 0.8925 0.416875 0.018125 0.075
1 0.93 0.354375 0.011875 0.031875
1 0.950625 0.34 0.011875 0.030625