0 0.0525 0.525625 0.02625 0.041875
0 0.2375 0.49375 0.01875 0.02625
0 0.655 0.495625 0.030625 0.035
0 0.720625 0.5 0.04875 0.06125
0 0.74625 0.500625 0.06125 0.0775
0 0.76875 0.5 0.06125 0.075
0 0.795625 0.501875 0.04625 0.075
0 0.826875 0.506875 0.07875 0.085
0 0.87 0.5125 0.11125 0.081875
0 0.709375 0.49375 0.105625 0.058125
0 0.935 0.5125 0.124375 0.10125
0 0.964375 0.5225 0.069375 0.105625
2 0.62 0.483125 0.02875 0.0375
2 0.511875 0.501875 0.063125 0.0375
2 0.4175 0.538125 0.0825 0.1475
0 0.363125 0.49875 0.02125 0.02625
0 0.2575 0.501875 0.015625 0.033125
0 0.175 0.535 0.05125 0.055625