0 0.2225 0.33875 0.03875 0.083125
0 0.46625 0.3525 0.04375 0.075
0 0.330625 0.344375 0.01 0.018125
0 0.3425 0.34375 0.0125 0.0275
0 0.359375 0.32875 0.0075 0.01
0 0.354375 0.35125 0.0175 0.043125
0 0.37375 0.320625 0.02125 0.0125
0 0.800625 0.5325 0.396875 0.570625
0 0.32125 0.631875 0.009375 0.0025
0 0.051875 0.425 0.1025 0.329375
0 0.17125 0.365 0.06875 0.07375
0 0.279375 0.368125 0.105 0.143125
0 0.406875 0.424375 0.14875 0.2125
0 0.556875 0.376875 0.10875 0.155625
0 0.5 0.341875 0.025625 0.06
1 0.6275 0.325625 0.01125 0.045625
1 0.588125 0.329375 0.009375 0.025