0 0.89375 0.55875 0.02 0.056875
0 0.864375 0.5475 0.0725 0.056875
0 0.8425 0.57375 0.05375 0.06375
0 0.80375 0.54625 0.07125 0.05
0 0.73 0.56625 0.105625 0.07625
0 0.664375 0.56875 0.0475 0.04875
0 0.68625 0.57 0.059375 0.054375
0 0.643125 0.56125 0.06625 0.055625
0 0.608125 0.563125 0.040625 0.0375
0 0.603125 0.556875 0.056875 0.04
0 0.585 0.54875 0.0525 0.0275
0 0.559375 0.549375 0.031875 0.020625
0 0.385 0.5525 0.00625 0.008125
0 0.37125 0.55 0.009375 0.016875
0 0.38 0.545625 0.0075 0.008125
0 0.443125 0.55125 0.009375 0.016875
0 0.44625 0.55 0.00875 0.019375
0 0.44875 0.55125 0.00625 0.019375
0 0.4525 0.5525 0.009375 0.0225
0 0.46125 0.55625 0.011875 0.02625
0 0.471875 0.555625 0.011875 0.035
0 0.48 0.5575 0.02 0.033125
0 0.48375 0.561875 0.02 0.033125
0 0.49625 0.56375 0.0225 0.041875
0 0.514375 0.563125 0.035 0.05125
0 0.5175 0.573125 0.025 0.045625
0 0.529375 0.57875 0.03125 0.04875
1 0.48375 0.5625 0.01125 0.041875
1 0.5525 0.548125 0.011875 0.020625
0 0.30875 0.569375 0.0325 0.058125
0 0.304375 0.543125 0.0375 0.033125
0 0.28 0.5725 0.04625 0.080625
0 0.230625 0.580625 0.081875 0.104375
0 0.0175 0.595625 0.034375 0.11
0 0.4325 0.55375 0.0125 0.015
0 0.42125 0.54875 0.01125 0.016875
0 0.39125 0.55 0.01125 0.01375
0 0.378125 0.5525 0.0125 0.01375