0 0.133125 0.565 0.04625 0.05
0 0.275625 0.550625 0.03125 0.0625
0 0.391875 0.556875 0.01 0.029375
0 0.4425 0.55875 0.0175 0.033125
0 0.44625 0.563125 0.0125 0.033125
0 0.463125 0.56375 0.028125 0.05125
0 0.4675 0.57 0.03625 0.043125
0 0.495 0.58125 0.04625 0.08625
0 0.52875 0.593125 0.0525 0.11375
0 0.54625 0.6 0.055625 0.12375
0 0.625625 0.610625 0.1475 0.194375
0 0.813125 0.65375 0.37125 0.4375
0 0.940625 0.864375 0.115 0.268125
0 0.05 0.56625 0.08375 0.080625
0 0.213125 0.591875 0.145 0.181875
0 0.4175 0.561875 0.04125 0.06375
0 0.37625 0.5575 0.02875 0.05125
2 0.310625 0.538125 0.025625 0.054375
2 0.356875 0.536875 0.02125 0.043125
2 0.33375 0.53625 0.035 0.066875