0 0.1328125 0.565625 0.04609375 0.05
0 0.27578125 0.55078125 0.03125 0.0625
0 0.3921875 0.55703125 0.01015625 0.02890625
0 0.4421875 0.559375 0.0171875 0.03359375
0 0.44609375 0.56328125 0.0125 0.03359375
0 0.4625 0.5640625 0.028125 0.0515625
0 0.4671875 0.5703125 0.0359375 0.04296875
0 0.4953125 0.58125 0.04609375 0.0859375
0 0.528125 0.59296875 0.05234375 0.1140625
0 0.546875 0.6 0.05546875 0.1234375
0 0.62578125 0.61015625 0.14765625 0.19453125
0 0.8125 0.653125 0.37109375 0.4375
0 0.940625 0.86484375 0.11484375 0.26796875
0 0.05 0.565625 0.08359375 0.08046875
0 0.21328125 0.59140625 0.1453125 0.18203125
0 0.4171875 0.56171875 0.04140625 0.0640625
0 0.3765625 0.5578125 0.02890625 0.0515625
2 0.3109375 0.53828125 0.02578125 0.05390625
2 0.35703125 0.53671875 0.02109375 0.04296875
2 0.33359375 0.5359375 0.03515625 0.06640625