0 0.525625 0.4725 0.0175 0.04
0 0.53 0.475625 0.0125 0.030625
0 0.536875 0.470625 0.01125 0.043125
0 0.55125 0.4675 0.03125 0.04
0 0.56375 0.476875 0.025 0.035
0 0.49875 0.474375 0.035 0.04875
0 0.466875 0.456875 0.018125 0.016875
0 0.4725 0.4725 0.0225 0.035
0 0.43 0.468125 0.009375 0.018125
0 0.445 0.47375 0.03625 0.05
0 0.423125 0.460625 0.0075 0.0125
0 0.418125 0.4675 0.0075 0.018125
0 0.394375 0.4675 0.04625 0.066875
0 0.363125 0.461875 0.01875 0.018125
0 0.355 0.461875 0.0275 0.0225
0 0.349375 0.461875 0.02125 0.0225
0 0.3275 0.4525 0.038125 0.0275
0 0.31625 0.456875 0.02875 0.02625
0 0.29375 0.46625 0.025 0.041875
0 0.255625 0.458125 0.086875 0.079375
0 0.115 0.655 0.23 0.4525
2 0.64875 0.41 0.146875 0.181875
0 0.69 0.505625 0.190625 0.215
1 0.9025 0.46375 0.025625 0.1