1 0.94609375 0.56953125 0.10625 0.425
1 0.6328125 0.328125 0.01953125 0.0375
1 0.66171875 0.35546875 0.0171875 0.09296875
0 0.1140625 0.5609375 0.228125 0.44375
0 0.2203125 0.40234375 0.07734375 0.08359375
0 0.2984375 0.36015625 0.05390625 0.05546875
0 0.325 0.35 0.025 0.0484375
0 0.34375 0.34296875 0.009375 0.028125
0 0.35078125 0.3328125 0.02734375 0.04140625
0 0.3859375 0.3359375 0.03828125 0.0484375
0 0.440625 0.31796875 0.02734375 0.03359375
0 0.6 0.4203125 0.128125 0.18203125
0 0.5328125 0.371875 0.05625 0.075
0 0.5171875 0.34375 0.0390625 0.05703125
0 0.5078125 0.3359375 0.04375 0.0765625
0 0.484375 0.3296875 0.01328125 0.046875
0 0.478125 0.32109375 0.009375 0.0375
0 0.471875 0.31796875 0.0109375 0.01953125
0 0.4703125 0.31171875 0.01328125 0.034375
0 0.459375 0.315625 0.009375 0.02109375
0 0.40703125 0.3046875 0.0125 0.02109375