1 0.94625 0.569375 0.10625 0.425
1 0.6325 0.3275 0.019375 0.0375
1 0.661875 0.355625 0.0175 0.093125
0 0.114375 0.561875 0.22875 0.443125
0 0.220625 0.401875 0.0775 0.083125
0 0.29875 0.360625 0.05375 0.055625
0 0.325625 0.35 0.025 0.04875
0 0.344375 0.343125 0.009375 0.0275
0 0.350625 0.3325 0.0275 0.041875
0 0.38625 0.33625 0.038125 0.04875
0 0.440625 0.318125 0.0275 0.033125
0 0.599375 0.42 0.128125 0.181875
0 0.5325 0.37125 0.05625 0.075
0 0.516875 0.34375 0.03875 0.056875
0 0.5075 0.33625 0.04375 0.07625
0 0.484375 0.33 0.013125 0.0475
0 0.47875 0.320625 0.009375 0.0375
0 0.4725 0.318125 0.01125 0.019375
0 0.47 0.311875 0.013125 0.035
0 0.45875 0.315 0.009375 0.020625
0 0.406875 0.305 0.0125 0.020625