0 0.00546875 0.38671875 0.0109375 0.0734375
0 0.3484375 0.33359375 0.02578125 0.04140625
0 0.35234375 0.34375 0.0296875 0.046875
0 0.490625 0.3328125 0.02265625 0.05859375
0 0.5125 0.33203125 0.01484375 0.03046875
0 0.32421875 0.33515625 0.02109375 0.01953125
2 0.1421875 0.29609375 0.26015625 0.33046875
0 0.24375 0.38125 0.1546875 0.1984375
0 0.4265625 0.38984375 0.146875 0.26640625
0 0.7296875 0.3703125 0.1359375 0.15703125
2 0.5796875 0.31015625 0.14140625 0.234375
1 0.84921875 0.3453125 0.025 0.140625