0 0.32375 0.388125 0.006875 0.016875
0 0.315 0.38375 0.01 0.025
0 0.30875 0.3875 0.0125 0.02625
0 0.296875 0.385625 0.018125 0.033125
0 0.288125 0.38875 0.01875 0.033125
0 0.27125 0.385625 0.018125 0.0525
0 0.3675 0.39625 0.01 0.030625
0 0.375625 0.40125 0.02125 0.0275
0 0.3825 0.40875 0.0175 0.025
0 0.39625 0.415 0.03 0.0525
2 0.436875 0.42 0.078125 0.1225
0 0.4675 0.455 0.099375 0.135
2 0.21 0.36 0.1075 0.118125
2 0.16375 0.368125 0.1625 0.1275
0 0.084375 0.375625 0.105625 0.13875
0 0.334375 0.389375 0.015 0.020625
0 0.03 0.373125 0.059375 0.191875
2 0.7475 0.466875 0.5025 0.7975
0 0.36125 0.39625 0.009375 0.01125