0 0.471875 0.44375 0.01015625 0.01640625
0 0.45859375 0.44375 0.01015625 0.02109375
0 0.4390625 0.440625 0.01328125 0.01796875
0 0.4234375 0.4421875 0.01328125 0.0234375
0 0.4046875 0.43671875 0.01328125 0.0109375
0 0.4015625 0.453125 0.01953125 0.02109375
0 0.5421875 0.4421875 0.02890625 0.04140625
0 0.5796875 0.44375 0.0234375 0.03046875
0 0.6078125 0.44375 0.034375 0.0484375
0 0.62109375 0.446875 0.02890625 0.0375
0 0.2375 0.45390625 0.04453125 0.05546875
0 0.190625 0.4578125 0.0609375 0.05859375
2 0.3703125 0.4390625 0.04609375 0.04453125
2 0.528125 0.41484375 0.025 0.028125
2 0.57421875 0.421875 0.03828125 0.04140625
0 0.3 0.44921875 0.0515625 0.0484375
0 0.50625 0.4578125 0.059375 0.084375
0 0.65 0.45078125 0.04453125 0.065625
0 0.1171875 0.471875 0.08984375 0.07890625
0 0.7 0.434375 0.065625 0.04140625
0 0.90625 0.45078125 0.05 0.065625
2 0.809375 0.44453125 0.1609375 0.1609375
2 0.0375 0.44921875 0.07421875 0.14296875
0 0.959375 0.44765625 0.07890625 0.0984375