0 0.471875 0.44375 0.01 0.016875
0 0.45875 0.44375 0.01 0.020625
0 0.43875 0.44 0.013125 0.018125
0 0.423125 0.4425 0.013125 0.02375
0 0.405 0.436875 0.013125 0.01125
0 0.40125 0.4525 0.019375 0.020625
0 0.541875 0.4425 0.02875 0.041875
0 0.58 0.44375 0.02375 0.030625
0 0.6075 0.44375 0.034375 0.04875
0 0.62125 0.4475 0.02875 0.0375
0 0.236875 0.454375 0.044375 0.055625
0 0.19125 0.4575 0.06125 0.058125
2 0.37 0.43875 0.04625 0.044375
2 0.528125 0.414375 0.025 0.0275
2 0.574375 0.42125 0.038125 0.041875
0 0.3 0.449375 0.05125 0.04875
0 0.505625 0.4575 0.059375 0.085
0 0.65 0.450625 0.044375 0.065
0 0.1175 0.47125 0.09 0.079375
0 0.700625 0.43375 0.065625 0.041875
0 0.905625 0.450625 0.05 0.065
2 0.81 0.444375 0.16125 0.16125
2 0.036875 0.44875 0.07375 0.1425
0 0.96 0.448125 0.07875 0.09875