1 0.710625 0.48375 0.013125 0.055625
1 0.6925 0.479375 0.011875 0.05125
1 0.92125 0.46375 0.024375 0.06375
1 0.955625 0.4625 0.018125 0.043125
2 0.411875 0.429375 0.049375 0.1
0 0.325625 0.454375 0.0275 0.030625
0 0.253125 0.45625 0.0425 0.065
0 0.22125 0.455 0.045 0.075
0 0.169375 0.4575 0.074375 0.085
0 0.084375 0.460625 0.12375 0.106875
0 0.609375 0.483125 0.025 0.06375
0 0.025625 0.4725 0.050625 0.10125
0 0.3825 0.45875 0.06625 0.09875
0 0.51625 0.48875 0.17375 0.280625
0 0.64875 0.49 0.06625 0.13625
0 0.805 0.536875 0.16625 0.15125
0 0.295 0.45875 0.03875 0.05125