0 0.348125 0.50375 0.0075 0.018125
0 0.340625 0.505 0.009375 0.020625
0 0.33375 0.505625 0.0075 0.018125
0 0.323125 0.508125 0.01875 0.01375
0 0.31 0.50375 0.02375 0.033125
0 0.289375 0.510625 0.0225 0.033125
0 0.441875 0.505 0.02125 0.016875
0 0.459375 0.495625 0.01375 0.0275
0 0.26625 0.515 0.034375 0.0375
2 0.3875 0.499375 0.02125 0.04
2 0.445625 0.4875 0.02625 0.01125
0 0.555 0.5375 0.069375 0.1125
0 0.419375 0.495625 0.02375 0.04
0 0.4775 0.504375 0.03125 0.0475
0 0.370625 0.51125 0.044375 0.055625
0 0.225625 0.51875 0.05 0.05125
0 0.15 0.533125 0.078125 0.0775
2 0.754375 0.44375 0.353125 0.515
0 0.02 0.56 0.04 0.10125
0 0.963125 0.77 0.0725 0.293125