0 0.40875 0.544375 0.009375 0.033125
0 0.395 0.541875 0.015625 0.0275
0 0.57 0.54875 0.053125 0.075
0 0.47875 0.538125 0.01 0.035
2 0.509375 0.518125 0.055625 0.119375
0 0.450625 0.563125 0.07875 0.15125
0 0.364375 0.55875 0.0475 0.068125
0 0.624375 0.543125 0.084375 0.116875
0 0.424375 0.529375 0.024375 0.03625
0 0.125 0.5575 0.036875 0.056875
1 0.83875 0.510625 0.03 0.093125
1 0.81375 0.519375 0.019375 0.083125
1 0.801875 0.514375 0.015 0.093125
1 0.776875 0.5075 0.01625 0.07625
1 0.7475 0.520625 0.011875 0.083125
1 0.73625 0.52 0.015 0.0875
1 0.721875 0.50375 0.01125 0.03625
1 0.71125 0.5 0.013125 0.045625