1 0.77734375 0.384375 0.0171875 0.06953125
2 0.515625 0.37265625 0.02265625 0.0359375
2 0.34453125 0.39140625 0.0671875 0.08203125
0 0.25 0.38046875 0.0859375 0.0515625
0 0.1890625 0.36875 0.02890625 0.025
0 0.1171875 0.359375 0.015625 0.0234375
0 0.28125 0.3671875 0.0375 0.01953125
0 0.30390625 0.359375 0.021875 0.02890625
0 0.38046875 0.378125 0.0234375 0.04140625
0 0.68984375 0.36953125 0.021875 0.04296875
0 0.4921875 0.3640625 0.0125 0.02109375
0 0.4703125 0.365625 0.01015625 0.015625
0 0.4203125 0.36640625 0.02734375 0.01796875
0 0.4359375 0.36171875 0.025 0.01953125
0 0.48125 0.3640625 0.0078125 0.015625