0 0.2328125 0.50703125 0.1578125 0.18359375
0 0.409375 0.51953125 0.146875 0.2015625
0 0.334375 0.46796875 0.04453125 0.07109375
0 0.3 0.471875 0.0296875 0.0640625
0 0.465625 0.44921875 0.0171875 0.0484375
1 0.9640625 0.46953125 0.0296875 0.1140625
1 0.6421875 0.46953125 0.01796875 0.0734375
1 0.6265625 0.4640625 0.01171875 0.0625
1 0.6609375 0.46796875 0.015625 0.08203125
1 0.67578125 0.44921875 0.00859375 0.03046875
1 0.8390625 0.478125 0.0421875 0.134375
1 0.84375 0.484375 0.03046875 0.12890625
1 0.59375 0.471875 0.0171875 0.075
1 0.521875 0.459375 0.01171875 0.04296875