0 0.60546875 0.60234375 0.0109375 0.015625
0 0.6234375 0.6078125 0.03046875 0.0265625
0 0.58125 0.5921875 0.0375 0.02109375
0 0.5578125 0.60859375 0.01328125 0.02109375
0 0.534375 0.621875 0.02109375 0.04140625
0 0.5078125 0.6328125 0.05078125 0.0765625
0 0.321875 0.6609375 0.05390625 0.06796875
0 0.3796875 0.7046875 0.15234375 0.17890625
0 0.221875 0.71328125 0.17890625 0.1859375
0 0.58125 0.65625 0.078125 0.11796875
0 0.6734375 0.61640625 0.0453125 0.084375
2 0.8390625 0.56796875 0.32109375 0.6234375
1 0.0375 0.69609375 0.03359375 0.1359375
1 0.98046875 0.59453125 0.0359375 0.1625
1 0.6734375 0.62890625 0.034375 0.15390625