0 0.605625 0.601875 0.01125 0.015
0 0.62375 0.6075 0.030625 0.02625
0 0.581875 0.5925 0.0375 0.020625
0 0.5575 0.608125 0.013125 0.020625
0 0.535 0.62125 0.02125 0.041875
0 0.508125 0.6325 0.050625 0.07625
0 0.3225 0.66125 0.05375 0.068125
0 0.38 0.705 0.1525 0.179375
0 0.22125 0.713125 0.17875 0.18625
0 0.581875 0.65625 0.078125 0.118125
0 0.67375 0.616875 0.045 0.085
2 0.839375 0.568125 0.32125 0.62375
1 0.036875 0.695625 0.03375 0.13625
1 0.980625 0.594375 0.03625 0.1625
1 0.673125 0.629375 0.034375 0.154375