1 0.7775 0.47875 0.03625 0.14
1 0.69125 0.47125 0.015625 0.08875
1 0.669375 0.47 0.0175 0.0775
1 0.679375 0.464375 0.013125 0.065
1 0.70375 0.464375 0.015 0.075
1 0.64875 0.4625 0.013125 0.06125
1 0.593125 0.455 0.00625 0.018125
1 0.49875 0.458125 0.01 0.035
0 0.623125 0.46 0.0175 0.02375
0 0.48125 0.45625 0.02375 0.02625
0 0.08375 0.425 0.10125 0.065
0 0.2225 0.431875 0.13625 0.085
0 0.139375 0.4225 0.0225 0.0475
0 0.19875 0.454375 0.128125 0.091875
0 0.560625 0.464375 0.02375 0.0375
2 0.5475 0.413125 0.0075 0.018125
0 0.5725 0.4225 0.01 0.01375
0 0.01625 0.425625 0.0325 0.054375
0 0.0225 0.54875 0.045 0.225