0 0.465 0.6225 0.015625 0.030625
0 0.4125 0.615 0.044375 0.044375
0 0.436875 0.635625 0.03125 0.045625
0 0.2625 0.595 0.049375 0.02625
0 0.2425 0.623125 0.075 0.0725
0 0.215625 0.6275 0.074375 0.066875
0 0.169375 0.63 0.0625 0.085
0 0.155 0.62875 0.061875 0.083125
0 0.1475 0.631875 0.065625 0.093125
0 0.08 0.664375 0.16 0.195625
0 0.013125 0.72125 0.025625 0.155625
1 0.491875 0.666875 0.0225 0.11
1 0.5225 0.656875 0.02125 0.12625
1 0.575625 0.68875 0.053125 0.231875
1 0.663125 0.63 0.02125 0.054375
1 0.70625 0.66875 0.04125 0.145625
1 0.785 0.700625 0.049375 0.26375
0 0.328125 0.70875 0.169375 0.266875