0 0.47 0.375 0.011875 0.0225
0 0.4425 0.375625 0.01625 0.025
0 0.455 0.37875 0.025 0.03875
0 0.42625 0.3775 0.021875 0.031875
1 0.393125 0.3675 0.0075 0.016875
0 0.406875 0.38 0.02875 0.04
0 0.3725 0.38625 0.0175 0.031875
0 0.294375 0.389375 0.02875 0.055625
1 0.300625 0.39125 0.015 0.0525
1 0.28375 0.391875 0.011875 0.06
1 0.13875 0.40125 0.025 0.091875
1 0.21625 0.394375 0.021875 0.09
1 0.24625 0.37 0.01375 0.030625
1 0.455625 0.381875 0.011875 0.0225
1 0.63375 0.381875 0.015 0.06
1 0.66 0.385 0.011875 0.0525
1 0.79125 0.35375 0.01 0.0225
0 0.565 0.36125 0.0175 0.0125
0 0.561875 0.385 0.03 0.0475
0 0.58375 0.376875 0.0225 0.044375
0 0.609375 0.37875 0.049375 0.055625
0 0.749375 0.405625 0.090625 0.10125
0 0.8775 0.4025 0.213125 0.195625
0 0.985625 0.463125 0.02875 0.175
0 0.07 0.393125 0.13875 0.1525
0 0.338125 0.389375 0.068125 0.091875
0 0.510625 0.40375 0.085 0.120625