0 0.4953125 0.496875 0.01953125 0.046875
0 0.73359375 0.52890625 0.1140625 0.1375
0 0.434375 0.49609375 0.03828125 0.04140625
0 0.471875 0.51875 0.05078125 0.078125
0 0.4078125 0.52890625 0.0578125 0.07109375
0 0.33046875 0.55546875 0.0859375 0.09140625
0 0.1078125 0.5625 0.05078125 0.0640625
0 0.1640625 0.56015625 0.1234375 0.09609375
0 0.5921875 0.58203125 0.2015625 0.33359375
1 0.0875 0.6546875 0.075 0.2359375
1 0.82421875 0.475 0.02265625 0.08359375
1 0.92265625 0.46171875 0.0265625 0.09140625
2 0.9328125 0.453125 0.13125 0.09140625
0 0.9328125 0.62578125 0.13359375 0.4265625