1 0.25875 0.49875 0.0275 0.16125
0 0.4925 0.405625 0.0075 0.018125
0 0.49625 0.415 0.01 0.01375
0 0.50375 0.424375 0.009375 0.018125
0 0.510625 0.429375 0.01 0.018125
0 0.521875 0.43625 0.011875 0.018125
0 0.5325 0.441875 0.019375 0.025
0 0.479375 0.411875 0.01 0.016875
0 0.47 0.420625 0.01 0.016875
0 0.463125 0.4275 0.011875 0.020625
0 0.4575 0.439375 0.011875 0.020625
0 0.4475 0.444375 0.01875 0.030625
0 0.43125 0.45125 0.0225 0.04875
0 0.42 0.456875 0.015625 0.05125
0 0.40875 0.456875 0.01875 0.055625
0 0.386875 0.46875 0.050625 0.075
0 0.5475 0.455625 0.013125 0.025
0 0.56 0.458125 0.015625 0.030625
0 0.565625 0.461875 0.015625 0.0275
2 0.625625 0.43125 0.115625 0.168125
0 0.45125 0.60125 0.17 0.243125
0 0.71375 0.605 0.20625 0.23625
0 0.97875 0.526875 0.03875 0.055625
0 0.044375 0.458125 0.08875 0.11
0 0.031875 0.74 0.063125 0.291875
0 0.913125 0.5875 0.17 0.181875