1 0.1225 0.431875 0.0175 0.104375
1 0.346875 0.429375 0.01125 0.058125
1 0.33 0.408125 0.01125 0.0475
1 0.338125 0.415 0.009375 0.058125
1 0.31625 0.404375 0.01 0.02625
1 0.295 0.398125 0.01125 0.029375
1 0.275 0.395625 0.01375 0.02375
1 0.10625 0.429375 0.01625 0.11
0 0.099375 0.41375 0.035 0.055625
0 0.149375 0.39375 0.04875 0.025
0 0.151875 0.4175 0.04375 0.035
0 0.518125 0.413125 0.013125 0.018125
0 0.49 0.41125 0.01125 0.019375
0 0.47625 0.408125 0.024375 0.03625
2 0.39 0.38375 0.103125 0.17625
2 0.55875 0.3975 0.068125 0.1375
0 0.52625 0.4175 0.01125 0.030625
0 0.461875 0.420625 0.02625 0.045625
0 0.24875 0.625625 0.353125 0.441875
0 0.59 0.4175 0.018125 0.033125
0 0.505 0.4125 0.01625 0.025