1 0.12265625 0.43203125 0.0171875 0.10390625
1 0.346875 0.42890625 0.0109375 0.05859375
1 0.3296875 0.40859375 0.0109375 0.046875
1 0.33828125 0.415625 0.009375 0.05859375
1 0.31640625 0.40390625 0.01015625 0.0265625
1 0.2953125 0.39765625 0.0109375 0.02890625
1 0.275 0.39609375 0.0140625 0.0234375
1 0.10625 0.42890625 0.01640625 0.109375
0 0.09921875 0.4140625 0.03515625 0.05546875
0 0.15 0.39375 0.0484375 0.025
0 0.1515625 0.4171875 0.04375 0.034375
0 0.51796875 0.41328125 0.01328125 0.01796875
0 0.48984375 0.4109375 0.0109375 0.01953125
0 0.4765625 0.40859375 0.02421875 0.0359375
2 0.390625 0.384375 0.103125 0.1765625
2 0.559375 0.396875 0.06796875 0.1375
0 0.5265625 0.4171875 0.0109375 0.03046875
0 0.4625 0.42109375 0.0265625 0.04609375
0 0.2484375 0.62578125 0.353125 0.44140625
0 0.590625 0.4171875 0.01796875 0.03359375
0 0.5046875 0.4125 0.01640625 0.025