1 0.78875 0.366875 0.115 0.295625
1 0.888125 0.33625 0.1175 0.36375
1 0.99375 0.408125 0.01125 0.165
1 0.9775 0.40625 0.04 0.2375
1 0.42 0.355625 0.02375 0.1275
1 0.5825 0.370625 0.035 0.1525
1 0.450625 0.345 0.02375 0.1
1 0.535 0.35875 0.01875 0.1
1 0.6075 0.35875 0.021875 0.08875
0 0.02 0.319375 0.03875 0.158125
0 0.060625 0.329375 0.05625 0.1
0 0.10625 0.331875 0.050625 0.0775
2 0.1475 0.31875 0.05625 0.09
2 0.099375 0.279375 0.046875 0.0275
2 0.175 0.295 0.0575 0.119375
2 0.21 0.31875 0.013125 0.05125
0 0.24625 0.345 0.0775 0.11375
0 0.30875 0.3475 0.0325 0.05
0 0.28625 0.3325 0.0125 0.0275
0 0.955625 0.399375 0.02625 0.154375
2 0.94875 0.275625 0.0975 0.1275