1 0.786875 0.59375 0.019375 0.0875
1 0.775 0.58875 0.013125 0.085
1 0.675625 0.5825 0.009375 0.065
1 0.661875 0.581875 0.01375 0.066875
1 0.6375 0.585 0.011875 0.055625
1 0.625 0.588125 0.00875 0.05125
1 0.613125 0.580625 0.0075 0.04875
1 0.605 0.583125 0.00875 0.04875
1 0.399375 0.58 0.005625 0.058125
0 0.44125 0.606875 0.0425 0.0775
0 0.775625 0.575625 0.071875 0.08875
0 0.708125 0.588125 0.063125 0.0525
0 0.518125 0.62875 0.136875 0.220625
0 0.2975 0.639375 0.15875 0.169375
1 0.006875 0.62 0.0125 0.218125