0 0.496875 0.52625 0.02 0.031875
0 0.475625 0.508125 0.013125 0.016875
0 0.46 0.525625 0.011875 0.029375
0 0.444375 0.525625 0.0275 0.043125
0 0.419375 0.538125 0.019375 0.035
0 0.38875 0.520625 0.049375 0.085
0 0.474375 0.538125 0.0275 0.043125
0 0.535 0.536875 0.044375 0.083125
0 0.62 0.54 0.02125 0.06
0 0.65125 0.53875 0.05 0.079375
0 0.666875 0.55625 0.038125 0.070625
0 0.706875 0.5525 0.07375 0.115
0 0.78 0.580625 0.130625 0.154375
0 0.90625 0.6475 0.1875 0.275
0 0.2925 0.5575 0.0625 0.085
0 0.228125 0.575625 0.11875 0.0875
1 0.1725 0.523125 0.01375 0.055625
1 0.1525 0.518125 0.015625 0.0525
2 0.08375 0.585625 0.1675 0.175