0 0.89875 0.68 0.2 0.216875
0 0.2825 0.40375 0.04 0.054375
0 0.350625 0.405 0.044375 0.055625
0 0.656875 0.4825 0.175625 0.158125
0 0.236875 0.388125 0.01625 0.03875
0 0.186875 0.3825 0.01875 0.025
0 0.02625 0.39125 0.02375 0.025
0 0.21 0.386875 0.019375 0.033125
0 0.22375 0.38875 0.01 0.029375
0 0.325625 0.399375 0.015 0.033125
0 0.318125 0.399375 0.0125 0.041875
0 0.30625 0.399375 0.009375 0.033125
0 0.54125 0.4475 0.084375 0.0875
0 0.490625 0.438125 0.0475 0.07625
1 0.436875 0.39875 0.01375 0.043125
1 0.474375 0.395 0.0125 0.041875
1 0.5925 0.40125 0.015 0.044375
0 0.26 0.395625 0.015625 0.0225