1 0.730625 0.455 0.040625 0.17375
1 0.64625 0.43375 0.015 0.083125
1 0.628125 0.4175 0.01375 0.0375
1 0.58625 0.441875 0.015625 0.0875
1 0.574375 0.431875 0.01125 0.079375
1 0.51125 0.419375 0.00875 0.030625
1 0.374375 0.411875 0.006875 0.015
1 0.471875 0.4275 0.00875 0.029375
0 0.43875 0.406875 0.0075 0.01
0 0.433125 0.4125 0.00875 0.01375
0 0.43 0.416875 0.006875 0.01
0 0.4225 0.42375 0.01 0.01375
0 0.418125 0.43125 0.01 0.01375
0 0.41 0.4325 0.01 0.016875
0 0.39625 0.43375 0.0175 0.01375
0 0.375625 0.431875 0.025 0.025
0 0.355625 0.42625 0.01625 0.031875
0 0.33625 0.448125 0.055625 0.080625
0 0.299375 0.48125 0.06125 0.09
0 0.46375 0.404375 0.0075 0.01
0 0.455 0.404375 0.009375 0.01
0 0.45375 0.414375 0.009375 0.01
0 0.45 0.425 0.01625 0.01375
0 0.488125 0.4025 0.01125 0.01
0 0.48875 0.411875 0.01375 0.01
0 0.49 0.420625 0.011875 0.0125
0 0.47125 0.401875 0.009375 0.01125
0 0.4025 0.556875 0.16375 0.235