1 0.37375 0.404375 0.105625 0.125
0 0.515 0.418125 0.08625 0.125
0 0.581875 0.39875 0.0475 0.0625
0 0.668125 0.39375 0.0425 0.04875
0 0.27 0.385625 0.063125 0.065
0 0.7675 0.408125 0.059375 0.05125
0 0.20875 0.381875 0.06 0.0525
0 0.309375 0.369375 0.03 0.03875
0 0.4275 0.3925 0.038125 0.081875
0 0.450625 0.3825 0.03625 0.06
0 0.47625 0.376875 0.019375 0.035
0 0.555625 0.395 0.01375 0.054375
0 0.615 0.38625 0.024375 0.02625
0 0.106875 0.50125 0.211875 0.56
0 0.8825 0.513125 0.23125 0.558125
2 0.77 0.370625 0.065 0.0475