0 0.7671875 0.53671875 0.0140625 0.0375
0 0.7828125 0.53203125 0.025 0.03359375
0 0.66875 0.53984375 0.04375 0.059375
0 0.85625 0.525 0.0171875 0.0265625
0 0.871875 0.52421875 0.009375 0.01796875
0 0.890625 0.5265625 0.0171875 0.02109375
0 0.9390625 0.52421875 0.01328125 0.015625
0 0.834375 0.52578125 0.028125 0.03203125
0 0.978125 0.52890625 0.021875 0.021875
0 0.9921875 0.53671875 0.01328125 0.0234375
0 0.7265625 0.5375 0.084375 0.09609375
0 0.9265625 0.5328125 0.01328125 0.021875
0 0.9109375 0.52421875 0.0171875 0.021875
0 0.87890625 0.528125 0.01015625 0.01640625
0 0.94921875 0.52890625 0.01796875 0.015625
0 0.96171875 0.521875 0.01015625 0.0125
0 0.8015625 0.5203125 0.03515625 0.0375
1 0.1765625 0.5625 0.02421875 0.115625
1 0.4203125 0.540625 0.01796875 0.09609375
1 0.3890625 0.5453125 0.0203125 0.0984375