0 0.7675 0.536875 0.01375 0.0375
0 0.7825 0.531875 0.025 0.033125
0 0.668125 0.539375 0.04375 0.06
0 0.855625 0.525 0.0175 0.02625
0 0.871875 0.524375 0.009375 0.018125
0 0.89125 0.52625 0.0175 0.020625
0 0.939375 0.524375 0.013125 0.015
0 0.835 0.525625 0.028125 0.031875
0 0.9775 0.529375 0.021875 0.0225
0 0.9925 0.536875 0.013125 0.02375
0 0.72625 0.5375 0.084375 0.095625
0 0.926875 0.5325 0.013125 0.0225
0 0.91125 0.524375 0.0175 0.0225
0 0.87875 0.52875 0.01 0.016875
0 0.949375 0.529375 0.018125 0.015
0 0.961875 0.5225 0.01 0.0125
0 0.801875 0.52 0.035 0.0375
1 0.17625 0.5625 0.024375 0.115
1 0.42 0.54125 0.018125 0.095625
1 0.38875 0.545 0.02 0.09875