0 0.244375 0.5625 0.13875 0.179375
0 0.43 0.505625 0.0325 0.054375
0 0.37375 0.508125 0.038125 0.06375
0 0.399375 0.5 0.0175 0.03875
0 0.465 0.49875 0.024375 0.035
0 0.1075 0.539375 0.08 0.068125
2 0.11125 0.5 0.12 0.083125
2 0.2075 0.479375 0.06375 0.029375
2 0.268125 0.47 0.04 0.0225
2 0.431875 0.46625 0.03375 0.02625
0 0.0275 0.788125 0.05375 0.26375
0 0.180625 0.52 0.02875 0.0475
0 0.300625 0.50125 0.0125 0.02625
0 0.321875 0.4875 0.0075 0.025
0 0.3425 0.4875 0.011875 0.020625
2 0.4525 0.468125 0.01375 0.01
2 0.025625 0.513125 0.05 0.095625
0 0.0975 0.51125 0.0575 0.035