0 0.07 0.7525 0.14 0.3775
0 0.4275 0.5575 0.02 0.029375
0 0.48625 0.555 0.01625 0.019375
2 0.40375 0.53875 0.02 0.033125
2 0.4375 0.539375 0.011875 0.019375
0 0.880625 0.570625 0.021875 0.0125
0 0.85375 0.5675 0.018125 0.015
0 0.863125 0.5875 0.025 0.020625
0 0.890625 0.591875 0.031875 0.029375
0 0.93 0.5825 0.044375 0.02375
0 0.89875 0.566875 0.01625 0.0125
0 0.7925 0.58125 0.063125 0.033125
0 0.695625 0.585 0.10875 0.0525
0 0.745 0.62125 0.080625 0.06375
0 0.79375 0.620625 0.11875 0.06125
0 0.868125 0.645625 0.14 0.091875
0 0.943125 0.67375 0.10875 0.116875
0 0.9775 0.725625 0.043125 0.0975
0 0.973125 0.59375 0.049375 0.033125
0 0.87 0.55875 0.013125 0.015
0 0.4625 0.59875 0.0775 0.104375
0 0.97625 0.56625 0.03375 0.025