1 0.68375 0.420625 0.0175 0.0875
1 0.78625 0.435 0.031875 0.115
1 0.92 0.450625 0.038125 0.1275
1 0.635625 0.4075 0.01 0.05
1 0.624375 0.410625 0.00875 0.0525
1 0.60875 0.39375 0.005625 0.030625
1 0.961875 0.445625 0.03 0.14
1 0.981875 0.460625 0.035 0.21
1 0.0225 0.480625 0.01125 0.043125
1 0.129375 0.444375 0.01875 0.04875
1 0.106875 0.4375 0.00875 0.020625
1 0.14 0.445625 0.01 0.0375
1 0.15 0.43375 0.011875 0.030625
1 0.00875 0.475 0.015 0.09875
0 0.07125 0.50125 0.125625 0.11
0 0.174375 0.488125 0.113125 0.119375
0 0.37875 0.430625 0.025 0.04875
0 0.39625 0.425 0.019375 0.04
0 0.41 0.415 0.0175 0.031875
0 0.433125 0.42875 0.036875 0.083125
1 0.585625 0.41625 0.009375 0.05
1 0.595 0.42125 0.009375 0.0475
1 0.60125 0.415 0.01125 0.04
0 0.31125 0.495 0.17 0.21375
0 0.515625 0.475625 0.1525 0.25
0 0.925625 0.40625 0.08375 0.08875
0 0.9575 0.413125 0.08375 0.080625