0 0.0703125 0.753125 0.13984375 0.378125
0 0.428125 0.5578125 0.0203125 0.02890625
0 0.4859375 0.5546875 0.01640625 0.01953125
2 0.40390625 0.5390625 0.0203125 0.03359375
2 0.4375 0.53984375 0.01171875 0.01953125
0 0.88046875 0.57109375 0.021875 0.0125
0 0.85390625 0.5671875 0.01796875 0.015625
0 0.86328125 0.5875 0.025 0.02109375
0 0.890625 0.59140625 0.03203125 0.02890625
0 0.9296875 0.5828125 0.04453125 0.0234375
0 0.8984375 0.56640625 0.01640625 0.0125
0 0.7921875 0.58125 0.06328125 0.03359375
0 0.6953125 0.584375 0.10859375 0.053125
0 0.7453125 0.621875 0.08046875 0.0640625
0 0.79375 0.62109375 0.11875 0.0609375
0 0.86796875 0.64609375 0.13984375 0.09140625
0 0.94375 0.6734375 0.10859375 0.11640625
0 0.97734375 0.72578125 0.04296875 0.096875
0 0.9734375 0.59375 0.04921875 0.03359375
0 0.8703125 0.559375 0.01328125 0.015625
0 0.4625 0.5984375 0.07734375 0.10390625
0 0.9765625 0.565625 0.03359375 0.025