0 0.45125 0.48875 0.07 0.095625
0 0.50375 0.47625 0.0375 0.045625
0 0.5975 0.470625 0.0325 0.030625
0 0.55875 0.468125 0.0425 0.033125
1 0.2125 0.508125 0.04 0.12625
2 0.72375 0.47875 0.18625 0.229375
0 0.984375 0.57875 0.02875 0.191875
0 0.90625 0.5225 0.185 0.2125
0 0.81375 0.511875 0.07 0.125
0 0.52375 0.470625 0.011875 0.035
0 0.316875 0.483125 0.068125 0.0725
0 0.21125 0.50125 0.096875 0.0875
0 0.150625 0.501875 0.068125 0.06375
0 0.25875 0.47625 0.043125 0.029375
2 0.045 0.485625 0.08875 0.1725