0 0.248125 0.5075 0.01625 0.016875
0 0.23375 0.511875 0.011875 0.020625
0 0.224375 0.52 0.018125 0.025
0 0.265 0.5 0.021875 0.015
0 0.281875 0.511875 0.00625 0.025
0 0.265 0.518125 0.021875 0.0125
2 0.2975 0.498125 0.0225 0.0275
0 0.295 0.526875 0.015625 0.029375
0 0.30625 0.52375 0.013125 0.02375
1 0.331875 0.524375 0.006875 0.035
0 0.270625 0.56375 0.0575 0.0875
0 0.1775 0.525625 0.01375 0.02375
0 0.16375 0.533125 0.021875 0.025
0 0.175625 0.569375 0.06 0.0725
2 0.036875 0.56875 0.07375 0.26
0 0.3425 0.56625 0.019375 0.070625
0 0.38 0.568125 0.074375 0.1
0 0.3925 0.58875 0.05875 0.1025
0 0.46125 0.600625 0.1325 0.15125
1 0.550625 0.508125 0.019375 0.04875
0 0.619375 0.6625 0.286875 0.291875
0 0.886875 0.774375 0.225625 0.443125