0 0.745 0.599375 0.346875 0.23625
0 0.433125 0.59375 0.23125 0.144375
2 0.176875 0.530625 0.09875 0.13875
0 0.100625 0.549375 0.05 0.04875
0 0.070625 0.53375 0.028125 0.035
0 0.02625 0.544375 0.0525 0.05125
2 0.035 0.5075 0.036875 0.0275
0 0.214375 0.5075 0.011875 0.035
0 0.573125 0.558125 0.099375 0.13875
0 0.511875 0.531875 0.035 0.0375
0 0.48 0.516875 0.06625 0.030625
2 0.409375 0.5025 0.06 0.083125
2 0.325625 0.51375 0.03125 0.05
2 0.05375 0.473125 0.02875 0.041875
0 0.011875 0.49375 0.0125 0.02375
0 0.0025 0.495625 0.00375 0.0275
2 0.028125 0.486875 0.0175 0.01
0 0.078125 0.493125 0.0175 0.019375
0 0.09 0.48625 0.006875 0.019375
0 0.11375 0.4825 0.013125 0.015
0 0.223125 0.48 0.0075 0.01375
0 0.213125 0.47625 0.006875 0.01375
2 0.369375 0.505 0.02125 0.0475
2 0.350625 0.5075 0.011875 0.044375