1 0.699375 0.608125 0.011875 0.08625
1 0.713125 0.6075 0.013125 0.108125
1 0.686875 0.580625 0.013125 0.081875
1 0.3575 0.600625 0.013125 0.06125
0 0.45375 0.613125 0.01 0.02375
0 0.445 0.60625 0.009375 0.0275
0 0.43625 0.605625 0.013125 0.041875
0 0.42625 0.60625 0.011875 0.0475
0 0.4125 0.614375 0.013125 0.044375
0 0.4175 0.606875 0.019375 0.054375
0 0.505625 0.61125 0.011875 0.0275
0 0.51375 0.611875 0.015 0.035
0 0.52375 0.6025 0.02375 0.058125
0 0.54375 0.614375 0.0275 0.0725
0 0.541875 0.6025 0.034375 0.081875
0 0.568125 0.606875 0.05 0.119375
0 0.481875 0.618125 0.030625 0.018125
0 0.388125 0.608125 0.0525 0.070625
0 0.6325 0.614375 0.1225 0.1525