1 0.063125 0.48375 0.036875 0.043125
1 0.563125 0.4825 0.015 0.054375
1 0.605 0.504375 0.0125 0.083125
1 0.590625 0.485625 0.011875 0.0625
1 0.625 0.485625 0.0175 0.09
1 0.643125 0.5025 0.0275 0.13875
1 0.705625 0.454375 0.030625 0.069375
1 0.6925 0.4675 0.02 0.070625
1 0.6925 0.424375 0.0525 0.093125
1 0.7275 0.4125 0.024375 0.0275
1 0.733125 0.443125 0.035 0.033125
1 0.77875 0.43375 0.01875 0.029375
1 0.815 0.43 0.01875 0.0275
1 0.8475 0.430625 0.0225 0.029375
1 0.935 0.416875 0.02625 0.043125
1 0.938125 0.4725 0.08 0.143125
1 0.700625 0.595625 0.04 0.131875
0 0.05125 0.755625 0.1025 0.30125
0 0.018125 0.58 0.03625 0.095625
0 0.014375 0.529375 0.02875 0.043125
0 0.07125 0.541875 0.081875 0.105625
0 0.16125 0.59875 0.243125 0.25125
0 0.4225 0.643125 0.378125 0.67625
0 0.93125 0.82625 0.135 0.343125
0 0.82 0.598125 0.3475 0.319375
1 0.96625 0.42875 0.06625 0.1475