1 0.06328125 0.484375 0.03671875 0.04296875
1 0.5625 0.4828125 0.01484375 0.05390625
1 0.6046875 0.50390625 0.0125 0.08359375
1 0.590625 0.48515625 0.01171875 0.0625
1 0.625 0.48515625 0.0171875 0.090625
1 0.64375 0.503125 0.02734375 0.1390625
1 0.70546875 0.45390625 0.03046875 0.06953125
1 0.6921875 0.4671875 0.0203125 0.07109375
1 0.6921875 0.42421875 0.05234375 0.09296875
1 0.728125 0.4125 0.02421875 0.028125
1 0.7328125 0.44296875 0.03515625 0.03359375
1 0.778125 0.434375 0.01875 0.02890625
1 0.815625 0.4296875 0.01875 0.028125
1 0.84765625 0.43046875 0.02265625 0.02890625
1 0.93515625 0.41640625 0.0265625 0.04296875
1 0.9375 0.471875 0.0796875 0.14296875
1 0.7 0.59609375 0.03984375 0.13203125
0 0.0515625 0.75546875 0.103125 0.3015625
0 0.01796875 0.5796875 0.0359375 0.09609375
0 0.0140625 0.528125 0.028125 0.04375
0 0.07109375 0.54140625 0.08203125 0.10546875
0 0.1609375 0.5984375 0.24296875 0.2515625
0 0.421875 0.64296875 0.378125 0.6765625
0 0.93125 0.8265625 0.13515625 0.34296875
0 0.8203125 0.59765625 0.34765625 0.31953125
1 0.96640625 0.428125 0.06640625 0.146875