1 0.173125 0.601875 0.01625 0.104375
1 0.186875 0.595625 0.0075 0.0725
1 0.20875 0.5975 0.013125 0.075
1 0.06375 0.605625 0.03 0.175
1 0.035 0.60375 0.040625 0.179375
1 0.250625 0.594375 0.01625 0.080625
1 0.1275 0.60375 0.024375 0.10125
1 0.155 0.61375 0.021875 0.168125
1 0.194375 0.59875 0.015 0.091875
1 0.01375 0.6075 0.0275 0.195
0 0.500625 0.594375 0.013125 0.031875
0 0.484375 0.604375 0.024375 0.045625
0 0.4725 0.5775 0.015 0.02625
0 0.464375 0.595625 0.02 0.0975
2 0.515625 0.5875 0.01625 0.094375
0 0.350625 0.599375 0.23 0.395625