1 0.879375 0.36625 0.0125 0.055625
0 0.369375 0.375 0.0175 0.030625
0 0.3875 0.379375 0.02375 0.05125
0 0.3425 0.366875 0.01625 0.030625
0 0.31 0.355625 0.01375 0.020625
0 0.294375 0.355 0.01 0.018125
0 0.2825 0.363125 0.015 0.01375
0 0.285 0.380625 0.0125 0.033125
0 0.255 0.35875 0.011875 0.01375
0 0.243125 0.35875 0.0125 0.018125
0 0.231875 0.36625 0.011875 0.0125
0 0.240625 0.37625 0.0175 0.025
0 0.320625 0.399375 0.0475 0.058125
0 0.174375 0.379375 0.024375 0.03875
0 0.22 0.374375 0.0175 0.025
0 0.265 0.395625 0.038125 0.05125
0 0.195 0.3975 0.038125 0.05
0 0.664375 0.381875 0.09375 0.07625
0 0.819375 0.445625 0.13 0.141875
0 0.705 0.461875 0.184375 0.181875
0 0.941875 0.37125 0.06875 0.0475
0 0.973125 0.381875 0.024375 0.030625
2 0.125625 0.388125 0.074375 0.080625
0 0.496875 0.491875 0.250625 0.39
0 0.953125 0.51625 0.09125 0.533125