1 0.705 0.36875 0.011875 0.0475
1 0.75875 0.3575 0.006875 0.05125
1 0.745 0.389375 0.02125 0.133125
1 0.6825 0.395625 0.02125 0.104375
1 0.906875 0.40625 0.040625 0.180625
1 0.84125 0.413125 0.055625 0.2225
1 0.72625 0.43625 0.05875 0.220625
1 0.79875 0.523125 0.109375 0.568125
1 0.5325 0.40625 0.015 0.08625
1 0.52 0.415 0.011875 0.0775
1 0.513125 0.42125 0.024375 0.079375
1 0.43375 0.39125 0.01125 0.033125
1 0.35375 0.4225 0.015 0.0775
1 0.306875 0.413125 0.009375 0.069375
1 0.286875 0.43625 0.025 0.091875
1 0.27 0.439375 0.01875 0.09875
1 0.3325 0.46875 0.03875 0.208125
1 0.170625 0.53875 0.15 0.470625
1 0.030625 0.525625 0.06 0.305625
0 0.968125 0.39125 0.06 0.091875
0 0.896875 0.39 0.106875 0.106875
0 0.679375 0.375625 0.0275 0.05
0 0.658125 0.37875 0.024375 0.055625
0 0.64 0.38 0.028125 0.065
0 0.6225 0.38625 0.034375 0.068125
0 0.61 0.39625 0.035 0.068125
0 0.56125 0.38375 0.02125 0.043125
0 0.538125 0.39125 0.02625 0.043125
0 0.50875 0.40625 0.06375 0.069375
2 0.4925 0.380625 0.059375 0.06375
0 0.45125 0.41375 0.04625 0.054375
0 0.39625 0.425625 0.068125 0.06125
0 0.573125 0.4075 0.06 0.08625
1 0.030625 0.475 0.06 0.2