0 0.58625 0.4725 0.009375 0.025
0 0.579375 0.4725 0.015625 0.025
0 0.57 0.474375 0.01375 0.033125
0 0.56 0.476875 0.0275 0.03875
0 0.545 0.483125 0.02875 0.03875
2 0.519375 0.4475 0.018125 0.03875
0 0.525 0.489375 0.021875 0.043125
0 0.48125 0.476875 0.0925 0.14
0 0.43125 0.518125 0.113125 0.129375
0 0.603125 0.47 0.01125 0.020625
0 0.611875 0.474375 0.015625 0.025
0 0.6525 0.483125 0.036875 0.0475
1 0.71625 0.469375 0.013125 0.031875
1 0.3625 0.5275 0.021875 0.156875
1 0.30875 0.325 0.03625 0.02375
1 0.244375 0.54 0.025 0.14875
1 0.264375 0.53875 0.021875 0.166875
1 0.285 0.529375 0.024375 0.1725
1 0.31 0.539375 0.0275 0.1375
1 0.380625 0.5425 0.025 0.165