0 0.69453125 0.5453125 0.03046875 0.04140625
0 0.5828125 0.5390625 0.009375 0.0125
0 0.621875 0.53359375 0.01015625 0.0140625
0 0.5703125 0.5328125 0.01953125 0.02890625
0 0.553125 0.53359375 0.01484375 0.04296875
0 0.5296875 0.52890625 0.03515625 0.0765625
0 0.60234375 0.5390625 0.03515625 0.04609375
0 0.44765625 0.53671875 0.01171875 0.04609375
0 0.4296875 0.53359375 0.028125 0.0515625
0 0.4125 0.54140625 0.03125 0.05546875
0 0.37890625 0.54296875 0.046875 0.0625
0 0.3171875 0.54921875 0.0875 0.0875
0 0.48359375 0.5375 0.0734375 0.10546875
0 0.6515625 0.54375 0.065625 0.08046875
1 0.259375 0.52421875 0.01015625 0.075
1 0.734375 0.54375 0.01171875 0.0515625
1 0.7796875 0.55 0.01484375 0.04296875
1 0.940625 0.54375 0.0234375 0.0765625