0 0.488125 0.5575 0.01875 0.043125
0 0.243125 0.5575 0.03125 0.0275
0 0.276875 0.5575 0.025 0.0275
0 0.161875 0.563125 0.0225 0.031875
0 0.0925 0.5625 0.031875 0.02625
0 0.133125 0.56375 0.0325 0.0375
0 0.640625 0.554375 0.01125 0.020625
0 0.65625 0.55625 0.015625 0.018125
0 0.675625 0.558125 0.015 0.016875
0 0.6925 0.55375 0.015625 0.02625
0 0.72125 0.5525 0.025625 0.03875
0 0.728125 0.566875 0.011875 0.031875
0 0.78875 0.56625 0.04 0.04875
0 0.78 0.6325 0.061875 0.1025
0 0.36625 0.5575 0.028125 0.025
0 0.4075 0.5475 0.040625 0.05
0 0.46625 0.554375 0.025 0.03875
0 0.539375 0.59625 0.1 0.141875
0 0.020625 0.56875 0.04125 0.043125
0 0.05125 0.585 0.096875 0.068125
2 0.878125 0.4625 0.24375 0.925
2 0.763125 0.54375 0.05375 0.070625