0 0.965625 0.61953125 0.065625 0.09609375
0 0.125 0.65859375 0.13359375 0.215625
1 0.0515625 0.58515625 0.01484375 0.06953125
0 0.265625 0.5984375 0.0625 0.0640625
1 0.3078125 0.58359375 0.0078125 0.02890625
1 0.31484375 0.58203125 0.00546875 0.034375
1 0.7125 0.590625 0.0171875 0.0859375
1 0.65390625 0.578125 0.009375 0.05546875
1 0.21484375 0.5796875 0.0109375 0.046875
0 0.35859375 0.584375 0.02734375 0.0234375
0 0.41875 0.5765625 0.02109375 0.021875
0 0.4765625 0.63046875 0.11484375 0.1734375
0 0.5875 0.5953125 0.09140625 0.1375
0 0.334375 0.58359375 0.0109375 0.021875
0 0.3859375 0.48359375 0.00703125 0.01640625
0 0.63984375 0.52421875 0.0109375 0.01953125