1 0.7609375 0.60234375 0.0515625 0.3359375
1 0.71484375 0.60703125 0.059375 0.290625
1 0.4703125 0.55703125 0.0203125 0.09609375
1 0.284375 0.565625 0.0359375 0.0875
1 0.27109375 0.56484375 0.025 0.09453125
1 0.23359375 0.5640625 0.015625 0.09609375
1 0.246875 0.565625 0.02265625 0.103125
1 0.3453125 0.559375 0.03046875 0.10390625
1 0.2109375 0.565625 0.0203125 0.0984375
1 0.1453125 0.5734375 0.028125 0.11953125
1 0.103125 0.59765625 0.02109375 0.090625
1 0.0859375 0.5796875 0.03203125 0.1265625
1 0.44765625 0.559375 0.025 0.09453125
0 0.39921875 0.54296875 0.01640625 0.0265625
0 0.4078125 0.5484375 0.015625 0.01796875
0 0.365625 0.54921875 0.028125 0.0390625
0 0.590625 0.56328125 0.15234375 0.109375
0 0.71875 0.5671875 0.25625 0.153125