1 0.76125 0.601875 0.05125 0.33625
1 0.715 0.606875 0.059375 0.29
1 0.47 0.556875 0.02 0.095625
1 0.285 0.56625 0.03625 0.0875
1 0.27125 0.564375 0.025 0.094375
1 0.23375 0.56375 0.015625 0.095625
1 0.24625 0.565 0.0225 0.1025
1 0.345625 0.56 0.030625 0.104375
1 0.21125 0.56625 0.02 0.09875
1 0.145 0.57375 0.028125 0.119375
1 0.103125 0.598125 0.02125 0.09
1 0.085625 0.58 0.031875 0.12625
1 0.4475 0.56 0.025 0.094375
0 0.399375 0.543125 0.01625 0.02625
0 0.4075 0.54875 0.015625 0.018125
0 0.365625 0.549375 0.028125 0.03875
0 0.59 0.563125 0.1525 0.11
0 0.719375 0.5675 0.25625 0.1525