0 0.08375 0.604375 0.1675 0.293125
2 0.285 0.555625 0.236875 0.185
2 0.4425 0.569375 0.2425 0.2025
0 0.52625 0.5325 0.04125 0.03875
0 0.5525 0.52625 0.056875 0.04875
0 0.610625 0.564375 0.11 0.11375
0 0.699375 0.56 0.08 0.093125
0 0.753125 0.545 0.063125 0.081875
0 0.791875 0.55125 0.021875 0.058125
0 0.81625 0.55 0.031875 0.058125
0 0.83875 0.545625 0.015625 0.03875
0 0.88875 0.58875 0.105625 0.115
0 0.88375 0.50125 0.018125 0.018125
2 0.89875 0.4875 0.018125 0.03625
2 0.91125 0.4675 0.018125 0.031875
0 0.95375 0.498125 0.015 0.019375
0 0.953125 0.5 0.01375 0.018125
0 0.95625 0.4725 0.011875 0.0125
0 0.939375 0.483125 0.009375 0.018125
0 0.924375 0.47125 0.00875 0.0225
0 0.9425 0.46625 0.0125 0.020625
0 0.95625 0.463125 0.015625 0.01375
0 0.9725 0.469375 0.01125 0.01375
0 0.855 0.529375 0.015625 0.0275
0 0.93125 0.49 0.018125 0.02625
0 0.955 0.4875 0.01125 0.016875