1 0.184375 0.4640625 0.01328125 0.05546875
1 0.053125 0.446875 0.0140625 0.05390625
1 0.1984375 0.47109375 0.02109375 0.090625
1 0.403125 0.478125 0.009375 0.04296875
1 0.43125 0.48203125 0.01015625 0.059375
1 0.44765625 0.4859375 0.00859375 0.0515625
1 0.440625 0.4859375 0.01171875 0.059375
1 0.4578125 0.484375 0.009375 0.05
1 0.4828125 0.49375 0.01328125 0.0640625
1 0.4921875 0.49921875 0.01015625 0.07109375
1 0.4734375 0.4984375 0.01328125 0.075
1 0.465625 0.49765625 0.01171875 0.0734375
1 0.753125 0.45078125 0.0125 0.01796875
1 0.8671875 0.55 0.04765625 0.196875
1 0.4234375 0.49375 0.015625 0.0734375
1 0.35 0.45703125 0.01171875 0.01796875
0 0.29296875 0.45625 0.0125 0.01953125
0 0.30625 0.45859375 0.0171875 0.0265625
0 0.325 0.4390625 0.009375 0.0125
0 0.328125 0.4421875 0.01015625 0.0109375
0 0.33125 0.4484375 0.01171875 0.0125
0 0.334375 0.4578125 0.01171875 0.01640625
0 0.284375 0.465625 0.01484375 0.0234375
0 0.1078125 0.5296875 0.17265625 0.1984375
0 0.340625 0.546875 0.12109375 0.1734375
0 0.67734375 0.60625 0.32265625 0.3265625
1 0.01484375 0.4859375 0.02109375 0.125