1 0.184375 0.46375 0.013125 0.055625
1 0.05375 0.44625 0.01375 0.054375
1 0.198125 0.470625 0.02125 0.09
1 0.403125 0.4775 0.009375 0.043125
1 0.431875 0.481875 0.01 0.06
1 0.4475 0.48625 0.00875 0.05125
1 0.44 0.48625 0.011875 0.06
1 0.4575 0.48375 0.009375 0.05
1 0.4825 0.49375 0.013125 0.06375
1 0.4925 0.499375 0.01 0.070625
1 0.473125 0.49875 0.013125 0.075
1 0.465 0.498125 0.011875 0.07375
1 0.75375 0.450625 0.0125 0.018125
1 0.8675 0.55 0.0475 0.1975
1 0.42375 0.49375 0.015625 0.07375
1 0.35 0.456875 0.011875 0.018125
0 0.293125 0.45625 0.0125 0.019375
0 0.306875 0.458125 0.0175 0.02625
0 0.325 0.43875 0.009375 0.0125
0 0.32875 0.4425 0.01 0.01125
0 0.331875 0.44875 0.011875 0.0125
0 0.33375 0.4575 0.011875 0.016875
0 0.28375 0.465 0.015 0.02375
0 0.1075 0.53 0.1725 0.19875
0 0.34 0.5475 0.12125 0.17375
0 0.6775 0.60625 0.3225 0.32625
1 0.015 0.48625 0.02125 0.125