0 0.09125 0.5575 0.181875 0.42375
0 0.264375 0.389375 0.05625 0.058125
0 0.34875 0.39 0.063125 0.080625
0 0.43875 0.39 0.05125 0.070625
0 0.288125 0.38 0.02375 0.043125
0 0.40875 0.3625 0.019375 0.0375
0 0.42125 0.36625 0.006875 0.018125
0 0.439375 0.354375 0.031875 0.01
0 0.38 0.363125 0.0425 0.079375
1 0.686875 0.370625 0.015625 0.0725
1 0.20375 0.37125 0.0075 0.033125
1 0.315 0.364375 0.00625 0.03875
1 0.53 0.36875 0.011875 0.035
1 0.604375 0.343125 0.005 0.0125
0 0.216875 0.38 0.0175 0.025
1 0.74125 0.363125 0.02125 0.085
1 0.8075 0.3725 0.025625 0.12375
0 0.778125 0.351875 0.0425 0.0525
0 0.06625 0.3725 0.028125 0.031875