0 0.61125 0.4775 0.013125 0.019375
0 0.62 0.479375 0.01125 0.019375
0 0.63 0.48375 0.015 0.019375
0 0.651875 0.486875 0.025 0.030625
0 0.693125 0.49 0.0275 0.035
0 0.7125 0.495625 0.02125 0.041875
0 0.741875 0.499375 0.050625 0.04875
0 0.785625 0.51875 0.068125 0.06375
0 0.8875 0.529375 0.059375 0.075
0 0.3675 0.4975 0.01875 0.016875
0 0.350625 0.500625 0.01875 0.016875
0 0.33625 0.50375 0.025 0.02625
0 0.32 0.51125 0.019375 0.02375
0 0.296875 0.514375 0.02625 0.02375
0 0.268125 0.525 0.0275 0.0375
0 0.235625 0.525 0.0225 0.02375
0 0.20625 0.5675 0.090625 0.08875
0 0.179375 0.545625 0.074375 0.083125
0 0.096875 0.573125 0.09875 0.081875
0 0.43375 0.565 0.075625 0.069375
1 0.653125 0.5325 0.02125 0.091875
1 0.8275 0.5375 0.0175 0.0975
1 0.85125 0.535 0.02 0.09875
1 0.6975 0.535 0.024375 0.095625