0 0.915 0.555 0.168125 0.46125
0 0.193125 0.45125 0.2075 0.255625
0 0.635 0.41625 0.1025 0.12625
0 0.48375 0.4025 0.053125 0.080625
1 0.954375 0.420625 0.024375 0.12625
1 0.7725 0.398125 0.021875 0.080625
1 0.7275 0.381875 0.01125 0.029375
0 0.98 0.4125 0.038125 0.080625
2 0.380625 0.38 0.10625 0.145625
2 0.3075 0.39125 0.0475 0.094375
0 0.583125 0.400625 0.034375 0.05125
0 0.553125 0.400625 0.03125 0.041875
0 0.5125 0.39125 0.02375 0.045625
0 0.4525 0.39125 0.01625 0.041875
0 0.438125 0.398125 0.021875 0.041875