1 0.225625 0.430625 0.018125 0.095625
1 0.355625 0.481875 0.011875 0.056875
1 0.375625 0.48375 0.015625 0.066875
1 0.40125 0.4825 0.011875 0.068125
1 0.42 0.479375 0.013125 0.066875
1 0.44625 0.48625 0.00625 0.0525
1 0.34 0.476875 0.009375 0.070625
1 0.324375 0.456875 0.011875 0.043125
1 0.3075 0.44 0.009375 0.025
1 0.0725 0.429375 0.03125 0.06375
1 0.47 0.473125 0.011875 0.019375
0 0.47375 0.5 0.03125 0.05125
0 0.275 0.493125 0.11625 0.08875
0 0.129375 0.48875 0.1875 0.131875
0 0.0275 0.60875 0.053125 0.45125
0 0.51 0.508125 0.07125 0.07625
0 0.685 0.5 0.011875 0.016875
0 0.66125 0.501875 0.00875 0.020625
0 0.64875 0.505 0.01625 0.019375
0 0.630625 0.500625 0.01625 0.019375
0 0.613125 0.5 0.013125 0.025
0 0.598125 0.498125 0.021875 0.029375
2 0.7075 0.49125 0.0425 0.09875
0 0.7375 0.50625 0.01375 0.029375
2 0.76 0.510625 0.02875 0.06375
2 0.7725 0.5 0.044375 0.085
0 0.811875 0.53 0.019375 0.0475
0 0.84 0.53375 0.05125 0.068125
0 0.853125 0.548125 0.035 0.0625
0 0.898125 0.55625 0.07875 0.1
1 0.1325 0.411875 0.011875 0.029375
0 0.5625 0.49125 0.035 0.041875