0 0.49 0.47875 0.011875 0.020625
0 0.445625 0.481875 0.019375 0.02375
0 0.413125 0.48625 0.018125 0.031875
0 0.390625 0.493125 0.03375 0.03875
1 0.211875 0.508125 0.011875 0.068125
1 0.23 0.511875 0.01375 0.075
1 0.789375 0.466875 0.03 0.1125
0 0.513125 0.4725 0.01375 0.020625
0 0.529375 0.47 0.025 0.043125
0 0.538125 0.476875 0.021875 0.04
0 0.551875 0.476875 0.018125 0.056875
0 0.574375 0.485 0.05 0.068125
0 0.939375 0.4525 0.12125 0.13625
0 0.704375 0.4575 0.038125 0.0275
0 0.663125 0.46125 0.01625 0.018125