1 0.554375 0.3375 0.015 0.06375
1 0.50875 0.33375 0.015625 0.06375
0 0.399375 0.32375 0.0225 0.033125
0 0.368125 0.32375 0.015 0.02625
0 0.365 0.349375 0.02 0.068125
0 0.28125 0.319375 0.006875 0.020625
0 0.275625 0.319375 0.00875 0.02375
0 0.263125 0.32375 0.019375 0.03625
0 0.2425 0.331875 0.030625 0.043125
0 0.206875 0.3525 0.019375 0.068125
0 0.17125 0.354375 0.0775 0.120625
0 0.13375 0.348125 0.0875 0.0775
0 0.33125 0.364375 0.074375 0.11125
0 0.0975 0.439375 0.195 0.22375
0 0.794375 0.52375 0.409375 0.568125
0 0.2025 0.66375 0.011875 0.006875
1 0.440625 0.31875 0.01 0.04