0 0.34375 0.630625 0.049375 0.06375
0 0.486875 0.58875 0.021875 0.056875
0 0.42375 0.605 0.113125 0.183125
0 0.088125 0.6175 0.175625 0.255625
0 0.063125 0.773125 0.125625 0.34875
1 0.568125 0.605625 0.01625 0.091875
1 0.649375 0.5825 0.009375 0.029375
1 0.62875 0.5925 0.01125 0.0275
1 0.6175 0.5925 0.009375 0.02375
1 0.589375 0.599375 0.009375 0.029375
1 0.60125 0.60875 0.01625 0.0875
0 0.95125 0.58125 0.095 0.104375
1 0.86375 0.58125 0.018125 0.0875
1 0.7775 0.570625 0.02625 0.120625
1 0.748125 0.574375 0.0425 0.179375
1 0.70625 0.573125 0.034375 0.180625
1 0.83375 0.59125 0.05125 0.220625