0 0.4325 0.45375 0.02 0.043125
0 0.42625 0.460625 0.0225 0.044375
0 0.411875 0.46375 0.031875 0.05125
0 0.34625 0.47875 0.07 0.106875
0 0.30375 0.49375 0.11 0.119375
0 0.1325 0.56625 0.25625 0.293125
0 0.4775 0.45875 0.009375 0.015
0 0.488125 0.46 0.006875 0.020625
0 0.496875 0.463125 0.009375 0.031875
0 0.505 0.464375 0.01125 0.033125
0 0.52875 0.469375 0.03625 0.04875
0 0.544375 0.48875 0.0225 0.065
2 0.5975 0.485 0.10125 0.1125
2 0.81375 0.543125 0.363125 0.308125
0 0.956875 0.705 0.0825 0.25125