1 0.785 0.548125 0.04 0.104375
1 0.744375 0.5375 0.02625 0.104375
1 0.678125 0.54625 0.02375 0.10125
1 0.651875 0.5025 0.0175 0.055625
1 0.9 0.51875 0.021875 0.1
1 0.88 0.516875 0.028125 0.091875
1 0.84 0.520625 0.0325 0.108125
1 0.81125 0.526875 0.024375 0.1
1 0.764375 0.523125 0.021875 0.0875
1 0.730625 0.544375 0.01875 0.093125
1 0.7175 0.520625 0.019375 0.0875
1 0.70375 0.5125 0.01375 0.058125
1 0.693125 0.535625 0.019375 0.104375
1 0.685 0.498125 0.009375 0.029375
1 0.668125 0.504375 0.0125 0.058125
1 0.636875 0.513125 0.015 0.05125
1 0.618125 0.51125 0.0125 0.06375
1 0.6225 0.50875 0.0075 0.0475
0 0.511875 0.491875 0.02625 0.008125
0 0.478125 0.505 0.01625 0.0225
0 0.455 0.505 0.011875 0.018125
0 0.369375 0.513125 0.02375 0.018125
0 0.22375 0.525 0.019375 0.020625
0 0.2425 0.520625 0.021875 0.016875
0 0.256875 0.520625 0.0125 0.016875
0 0.130625 0.541875 0.0375 0.033125
0 0.100625 0.54875 0.02875 0.02625
0 0.34875 0.5125 0.019375 0.016875
0 0.32375 0.515 0.02125 0.0225
0 0.29625 0.53 0.03375 0.03875
0 0.46375 0.5125 0.0175 0.025
0 0.52625 0.575625 0.1225 0.16375
0 0.18875 0.560625 0.09 0.095625
0 0.033125 0.560625 0.06625 0.083125