0 0.46875 0.58875 0.025 0.044375
0 0.43875 0.59125 0.0125 0.03625
0 0.424375 0.589375 0.025625 0.043125
0 0.41875 0.5975 0.02125 0.04
0 0.405625 0.594375 0.01 0.06
0 0.361875 0.60125 0.08375 0.09
0 0.58375 0.59 0.024375 0.054375
0 0.59875 0.595 0.025 0.081875
0 0.266875 0.605625 0.11625 0.1275
0 0.52 0.6225 0.09875 0.141875
0 0.065625 0.654375 0.13125 0.185
1 0.893125 0.579375 0.025 0.1125
1 0.845 0.55625 0.013125 0.05
1 0.15375 0.616875 0.02875 0.105625
1 0.92 0.56 0.02375 0.069375
1 0.13375 0.604375 0.015625 0.09