0 0.445625 0.455625 0.019375 0.03625
0 0.42625 0.448125 0.019375 0.030625
0 0.46125 0.4825 0.036875 0.06375
0 0.38375 0.47625 0.03125 0.043125
0 0.5025 0.508125 0.085 0.11375
0 0.375 0.48875 0.036875 0.05125
0 0.365 0.50125 0.0275 0.06375
0 0.345625 0.515 0.05625 0.104375
0 0.39125 0.4575 0.0275 0.03625
0 0.419375 0.454375 0.021875 0.035
0 0.319375 0.530625 0.08625 0.118125
0 0.16 0.623125 0.2625 0.3
1 0.4125 0.48375 0.019375 0.06375
2 0.61375 0.46125 0.171875 0.415
0 0.855625 0.666875 0.288125 0.570625