0 0.36125 0.59375 0.021875 0.058125
0 0.33625 0.605 0.05625 0.080625
0 0.405625 0.6075 0.075 0.1225
2 0.425 0.5575 0.06125 0.129375
1 0.0875 0.601875 0.01625 0.045625
1 0.0775 0.616875 0.030625 0.095625
1 0.119375 0.6075 0.01375 0.105625
1 0.14625 0.58 0.005625 0.041875
1 0.136875 0.615 0.02375 0.130625
1 0.199375 0.611875 0.0125 0.075
1 0.16 0.60875 0.02 0.1025
1 0.18625 0.606875 0.01375 0.080625
1 0.263125 0.60875 0.02 0.106875
1 0.3025 0.61 0.006875 0.06375
1 0.526875 0.595 0.011875 0.06
1 0.5725 0.588125 0.006875 0.0375
1 0.599375 0.601875 0.011875 0.0875
1 0.67625 0.601875 0.011875 0.080625
1 0.663125 0.598125 0.0175 0.108125
1 0.626875 0.60875 0.009375 0.119375
1 0.614375 0.61 0.02 0.125
1 0.559375 0.59625 0.02 0.080625
1 0.65125 0.61375 0.018125 0.1275
1 0.635625 0.61375 0.015625 0.130625
1 0.480625 0.59375 0.00625 0.0375