1 0.955625 0.5375 0.02375 0.030625
1 0.9575 0.549375 0.0125 0.069375
1 0.856875 0.536875 0.01625 0.058125
1 0.81 0.54125 0.01 0.081875
1 0.799375 0.545625 0.0125 0.10125
1 0.819375 0.545 0.015 0.094375
1 0.7725 0.5175 0.01375 0.035
1 0.780625 0.558125 0.025625 0.105625
1 0.714375 0.53 0.01375 0.0725
1 0.72375 0.54125 0.02375 0.094375
1 0.63875 0.52625 0.028125 0.094375
1 0.5475 0.52125 0.01625 0.068125
1 0.494375 0.52125 0.0175 0.05125
1 0.475 0.518125 0.015 0.054375
0 0.56375 0.5175 0.06875 0.0625
1 0.59 0.52125 0.015 0.045625
0 0.25875 0.518125 0.053125 0.058125
0 0.378125 0.548125 0.1025 0.183125
0 0.21375 0.5625 0.08375 0.1375
2 0.744375 0.5025 0.069375 0.081875
0 0.29875 0.711875 0.32 0.52625
2 0.098125 0.49875 0.194375 0.9975