1 0.723125 0.42125 0.02625 0.091875
1 0.6925 0.406875 0.019375 0.0475
2 0.33 0.36375 0.08625 0.0875
0 0.260625 0.394375 0.0375 0.035
0 0.22875 0.393125 0.02875 0.03875
0 0.193125 0.385625 0.040625 0.041875
0 0.159375 0.3775 0.03125 0.045625
0 0.113125 0.360625 0.04875 0.0225
0 0.085 0.3775 0.02875 0.035
0 0.12 0.394375 0.0575 0.045625
0 0.50875 0.400625 0.044375 0.058125
0 0.46125 0.399375 0.0575 0.093125
0 0.5775 0.37375 0.015 0.016875
0 0.61125 0.37125 0.02875 0.020625
0 0.643125 0.3825 0.019375 0.020625
0 0.6625 0.393125 0.03125 0.035
0 0.713125 0.40375 0.065 0.0775
0 0.56 0.363125 0.015 0.02625
0 0.60875 0.44 0.181875 0.125
0 0.314375 0.420625 0.10125 0.083125
0 0.393125 0.393125 0.075625 0.09