0 0.5359375 0.55859375 0.01328125 0.0234375
0 0.521875 0.55859375 0.0140625 0.01953125
0 0.475 0.55546875 0.01953125 0.025
0 0.4640625 0.578125 0.03359375 0.046875
2 0.5015625 0.55 0.03515625 0.075
0 0.36875 0.57578125 0.053125 0.0625
0 0.40859375 0.609375 0.11015625 0.18203125
0 0.2921875 0.58828125 0.0921875 0.09140625
1 0.128125 0.6 0.0265625 0.1109375
1 0.146875 0.57578125 0.0203125 0.07109375
1 0.0078125 0.634375 0.015625 0.18125
1 0.034375 0.59609375 0.03125 0.115625
0 0.196875 0.61015625 0.10546875 0.11953125
1 0.69375 0.565625 0.01171875 0.02890625
1 0.6859375 0.56171875 0.01171875 0.02890625
0 0.6375 0.6078125 0.10546875 0.14296875
0 0.8546875 0.74921875 0.2890625 0.40546875