0 0.3390625 0.49296875 0.33671875 0.53203125
0 0.7828125 0.41328125 0.271875 0.36640625
0 0.51640625 0.38203125 0.0546875 0.1
0 0.5140625 0.33046875 0.0703125 0.109375
1 0.14765625 0.4046875 0.06328125 0.221875
1 0.05625 0.4359375 0.0484375 0.21953125
1 0.09609375 0.41796875 0.04296875 0.2234375
1 0.07578125 0.31328125 0.0203125 0.0359375
1 0.025 0.4015625 0.04765625 0.24140625
1 0.128125 0.4078125 0.02734375 0.178125
1 0.203125 0.3328125 0.0203125 0.04296875
1 0.1796875 0.34140625 0.01328125 0.0765625
1 0.68046875 0.32578125 0.021875 0.0609375
1 0.665625 0.3328125 0.015625 0.0734375
1 0.6546875 0.34765625 0.0171875 0.06953125
0 0.9 0.45078125 0.196875 0.58359375
0 0.603125 0.384375 0.115625 0.2015625