0 0.33875 0.493125 0.336875 0.531875
0 0.7825 0.413125 0.271875 0.366875
0 0.51625 0.381875 0.055 0.1
0 0.51375 0.330625 0.07 0.11
1 0.1475 0.405 0.063125 0.2225
1 0.055625 0.43625 0.04875 0.219375
1 0.09625 0.418125 0.043125 0.22375
1 0.075625 0.313125 0.02 0.03625
1 0.025 0.40125 0.0475 0.241875
1 0.128125 0.4075 0.0275 0.1775
1 0.20375 0.3325 0.02 0.043125
1 0.18 0.341875 0.013125 0.07625
1 0.680625 0.325625 0.021875 0.06125
1 0.66625 0.3325 0.015625 0.07375
1 0.655 0.348125 0.0175 0.069375
0 0.9 0.450625 0.196875 0.583125
0 0.60375 0.385 0.115625 0.20125