2 0.445625 0.47125 0.01125 0.018125
0 0.43375 0.483125 0.0075 0.008125
0 0.4175 0.493125 0.009375 0.01375
0 0.46375 0.476875 0.01 0.01375
0 0.405 0.49375 0.018125 0.02625
0 0.426875 0.498125 0.018125 0.02375
0 0.44875 0.493125 0.01875 0.025
0 0.47375 0.488125 0.01125 0.018125
2 0.493125 0.480625 0.018125 0.025
0 0.50875 0.50125 0.0225 0.0375
0 0.530625 0.50125 0.02 0.033125
0 0.3225 0.50125 0.02875 0.04875
0 0.3025 0.505 0.04125 0.05125
0 0.2625 0.514375 0.065 0.06125
0 0.016875 0.474375 0.03375 0.069375
0 0.2025 0.500625 0.01875 0.044375
0 0.218125 0.499375 0.01125 0.0275
0 0.2375 0.495625 0.01875 0.0275
0 0.394375 0.48875 0.00875 0.016875
0 0.38375 0.481875 0.015 0.016875
0 0.3775 0.489375 0.013125 0.02625