1 0.06625 0.618125 0.02 0.1
0 0.444375 0.581875 0.011875 0.015
0 0.43625 0.581875 0.006875 0.015
0 0.43 0.58375 0.006875 0.018125
0 0.453125 0.580625 0.009375 0.015
0 0.4975 0.5875 0.009375 0.018125
0 0.508125 0.586875 0.01875 0.020625
0 0.51875 0.5925 0.0125 0.0275
0 0.5275 0.600625 0.015 0.033125
0 0.53375 0.60375 0.015 0.031875
0 0.5425 0.60625 0.0125 0.0375
0 0.5525 0.608125 0.0175 0.041875
0 0.57125 0.6125 0.038125 0.055625
0 0.20375 0.600625 0.056875 0.1125
2 0.3975 0.563125 0.045 0.116875
2 0.489375 0.57625 0.01875 0.033125
2 0.33625 0.57625 0.044375 0.041875
0 0.36 0.614375 0.0525 0.080625
0 0.474375 0.5775 0.00875 0.016875
0 0.46375 0.581875 0.01 0.016875
0 0.5825 0.618125 0.045 0.054375
0 0.264375 0.645 0.1425 0.180625
0 0.105625 0.608125 0.1575 0.14
0 0.6425 0.624375 0.07875 0.1275
0 0.931875 0.770625 0.13375 0.23625
0 0.0075 0.64625 0.015 0.1125