0 0.493125 0.44125 0.021875 0.016875
0 0.491875 0.4625 0.024375 0.03625
2 0.586875 0.44125 0.02375 0.055625
0 0.5425 0.480625 0.093125 0.18875
0 0.455625 0.486875 0.0475 0.065
0 0.415 0.47 0.04625 0.03625
0 0.368125 0.481875 0.05625 0.080625
0 0.66375 0.493125 0.144375 0.291875
0 0.90125 0.53875 0.195 0.245625
0 0.293125 0.45875 0.0325 0.0725
1 0.34875 0.4625 0.006875 0.02625
1 0.345 0.4675 0.009375 0.03625
1 0.33875 0.47375 0.0075 0.03875
1 0.333125 0.470625 0.0075 0.03875
1 0.32625 0.46875 0.005625 0.033125
1 0.315625 0.45625 0.0075 0.02375
1 0.32125 0.475 0.0125 0.055625
1 0.29 0.480625 0.009375 0.058125
1 0.281875 0.485 0.018125 0.075
1 0.27125 0.465 0.009375 0.02625
1 0.26625 0.47875 0.01875 0.0625
1 0.259375 0.48 0.01125 0.05125
1 0.241875 0.4725 0.01125 0.055625
1 0.23 0.4675 0.0125 0.03625
1 0.211875 0.480625 0.013125 0.081875
1 0.220625 0.489375 0.018125 0.085
1 0.204375 0.491875 0.015 0.075
1 0.195 0.49 0.01625 0.0775
1 0.17875 0.49 0.01625 0.0875
1 0.18875 0.498125 0.025625 0.10125
1 0.164375 0.50125 0.025625 0.11375
1 0.115 0.495 0.0275 0.10125
1 0.089375 0.50125 0.018125 0.11
1 0.0875 0.50625 0.01625 0.12375
1 0.068125 0.5075 0.013125 0.0975
1 0.0775 0.513125 0.01625 0.11375
1 0.011875 0.501875 0.02375 0.11125
1 0.72875 0.44625 0.009375 0.04875
1 0.7375 0.445625 0.013125 0.05125
1 0.7725 0.444375 0.0125 0.0525
1 0.759375 0.449375 0.0075 0.04875
1 0.765625 0.46375 0.015 0.0775
1 0.79625 0.47 0.01875 0.09
1 0.81375 0.46375 0.02 0.0875
1 0.8425 0.444375 0.018125 0.068125
1 0.85625 0.425 0.0125 0.04875
1 0.888125 0.41375 0.01625 0.02625
1 0.976875 0.404375 0.01875 0.02625