0 0.6575 0.504375 0.02875 0.055625
0 0.66625 0.51625 0.02375 0.041875
0 0.52125 0.516875 0.01875 0.030625
1 0.55125 0.51875 0.0075 0.03875
1 0.54125 0.51875 0.006875 0.035
1 0.535 0.51875 0.0075 0.03875
1 0.415 0.5325 0.009375 0.05
1 0.38625 0.536875 0.0075 0.033125
1 0.37625 0.54375 0.01375 0.0475
1 0.558125 0.5225 0.01 0.054375
0 0.479375 0.556875 0.121875 0.14
1 0.40625 0.54125 0.005625 0.041875
1 0.611875 0.51625 0.0075 0.033125
0 0.94375 0.83125 0.11 0.335
1 0.315 0.55 0.0075 0.06375
1 0.33375 0.54125 0.015 0.070625