0 0.410625 0.53875 0.04 0.068125
0 0.3675 0.54875 0.07125 0.106875
0 0.4025 0.55125 0.025625 0.068125
0 0.311875 0.574375 0.094375 0.11375
0 0.199375 0.605 0.180625 0.165
0 0.515625 0.51875 0.0125 0.019375
0 0.52375 0.520625 0.0125 0.019375
0 0.5425 0.52375 0.013125 0.01375
0 0.545 0.510625 0.01625 0.02625
0 0.576875 0.5225 0.02375 0.031875
0 0.5925 0.5175 0.013125 0.031875
0 0.5 0.51625 0.024375 0.043125
0 0.62 0.525 0.028125 0.045625
0 0.769375 0.533125 0.090625 0.10125
0 0.919375 0.530625 0.155625 0.185
0 0.85625 0.6475 0.280625 0.320625
1 0.2675 0.524375 0.01875 0.04875
1 0.674375 0.5225 0.006875 0.029375
1 0.669375 0.519375 0.006875 0.029375