0 0.525625 0.514375 0.01125 0.019375
0 0.5425 0.519375 0.018125 0.0225
0 0.5025 0.523125 0.01375 0.02375
0 0.4225 0.56 0.075 0.094375
1 0.18 0.5275 0.02125 0.029375
1 0.03875 0.530625 0.015 0.029375
1 0.045 0.58375 0.0225 0.10125
1 0.011875 0.58 0.02375 0.115
1 0.71 0.5225 0.01625 0.069375
2 0.62375 0.519375 0.05625 0.106875
1 0.9175 0.53625 0.04 0.1275
1 0.955625 0.555625 0.043125 0.16125
1 0.81625 0.54125 0.02 0.119375
1 0.7975 0.54625 0.019375 0.116875
1 0.94125 0.483125 0.015 0.0375
1 0.98875 0.555625 0.021875 0.14875
1 0.123125 0.588125 0.0275 0.115