0 0.118125 0.493125 0.23625 0.5275
0 0.928125 0.585625 0.14125 0.368125
0 0.478125 0.443125 0.09125 0.145625
0 0.676875 0.455625 0.143125 0.195625
0 0.393125 0.4275 0.06625 0.080625
2 0.356875 0.386875 0.0375 0.05
0 0.319375 0.39875 0.02625 0.030625
0 0.281875 0.395 0.02125 0.016875
0 0.255625 0.395 0.01625 0.008125
0 0.585 0.43625 0.05875 0.07625
0 0.555625 0.4275 0.025625 0.05125
0 0.538125 0.424375 0.02375 0.05
0 0.5325 0.4075 0.02875 0.041875
2 0.52125 0.3925 0.01625 0.030625
2 0.16375 0.3225 0.14625 0.154375
0 0.43375 0.405 0.0175 0.03625
0 0.42375 0.4 0.01 0.031875