0 0.83984375 0.5140625 0.0171875 0.0171875
0 0.928125 0.51640625 0.00390625 0.01484375
0 0.59375 0.5390625 0.07734375 0.0625
2 0.275 0.48046875 0.27109375 0.21875
2 0.7109375 0.528125 0.10234375 0.0859375
0 0.87890625 0.51875 0.0125 0.02265625
0 0.82421875 0.52421875 0.05 0.0390625
0 0.9296875 0.51640625 0.00625 0.01484375
0 0.6453125 0.52421875 0.03515625 0.0390625
0 0.759375 0.51640625 0.01015625 0.02265625
1 0.4140625 0.5125 0.0078125 0.0453125
1 0.1375 0.51796875 0.01328125 0.08359375
1 0.05234375 0.51953125 0.0265625 0.09140625