1 0.73625 0.455625 0.02375 0.091875
1 0.755 0.456875 0.021875 0.095625
1 0.794375 0.455625 0.02125 0.09875
1 0.810625 0.45625 0.024375 0.08625
1 0.825625 0.466875 0.03125 0.11
1 0.89 0.47 0.028125 0.13625
1 0.92625 0.483125 0.028125 0.1225
1 0.98875 0.4875 0.018125 0.2225
0 0.49125 0.41875 0.02375 0.06375
0 0.47875 0.42625 0.018125 0.055625
0 0.4525 0.426875 0.055 0.085
0 0.436875 0.445 0.055625 0.075
2 0.02875 0.425625 0.055625 0.13875
0 0.224375 0.410625 0.355625 0.61
2 0.635 0.34375 0.196875 0.3775
0 0.864375 0.43875 0.0775 0.06125