0 0.535 0.389375 0.021875 0.043125
0 0.52 0.395625 0.02375 0.030625
0 0.49875 0.3925 0.02 0.04875
0 0.47875 0.400625 0.03125 0.05
0 0.415625 0.416875 0.0325 0.05
0 0.39 0.413125 0.055 0.06125
0 0.384375 0.42875 0.049375 0.069375
2 0.299375 0.4125 0.1225 0.1525
2 0.1175 0.423125 0.23375 0.269375
2 0.415 0.391875 0.1125 0.0975
2 0.62875 0.350625 0.013125 0.018125
2 0.61375 0.360625 0.01125 0.016875
2 0.75375 0.3675 0.06375 0.09875
2 0.69 0.37 0.0225 0.029375
2 0.669375 0.36125 0.01625 0.029375
0 0.649375 0.354375 0.01875 0.01375
0 0.640625 0.37875 0.025625 0.0375
0 0.64875 0.389375 0.04 0.056875
0 0.613125 0.37875 0.018125 0.0275
0 0.596875 0.3825 0.01125 0.018125
0 0.819375 0.39875 0.07 0.075
0 0.855 0.405 0.07 0.094375
0 0.933125 0.406875 0.1325 0.185