0 0.51625 0.438125 0.009375 0.033125
0 0.53 0.44875 0.02125 0.035
0 0.504375 0.44875 0.0225 0.04
2 0.49875 0.4275 0.02125 0.02625
0 0.4725 0.46375 0.05375 0.070625
2 0.470625 0.423125 0.01875 0.020625
2 0.441875 0.43 0.02875 0.06375
2 0.408125 0.42625 0.040625 0.055625
0 0.260625 0.458125 0.05125 0.0775
0 0.1025 0.485625 0.10125 0.085
0 0.346875 0.513125 0.19 0.220625
0 0.70875 0.470625 0.04625 0.1125
2 0.61375 0.400625 0.1675 0.3275
1 0.1775 0.465 0.009375 0.054375
1 0.8675 0.44625 0.036875 0.143125
1 0.799375 0.448125 0.0175 0.079375
1 0.779375 0.455 0.02375 0.093125