1 0.950625 0.558125 0.046875 0.1525
1 0.80375 0.514375 0.03625 0.11375
1 0.775625 0.49625 0.019375 0.075
1 0.761875 0.504375 0.019375 0.09
1 0.755 0.525625 0.03125 0.09875
1 0.700625 0.524375 0.02125 0.06375
1 0.65125 0.530625 0.031875 0.125
1 0.6075 0.51 0.02125 0.07625
1 0.5825 0.483125 0.015 0.0375
0 0.95625 0.515 0.081875 0.1125
0 0.52625 0.50375 0.0175 0.03625
0 0.550625 0.50125 0.03125 0.068125
0 0.4875 0.515 0.046875 0.070625
0 0.456875 0.5025 0.01625 0.035
0 0.4425 0.4975 0.0225 0.04875
0 0.40875 0.505 0.05625 0.09875
0 0.263125 0.51125 0.10125 0.1625
0 0.16125 0.68625 0.3225 0.454375
0 0.329375 0.49 0.03125 0.041875
0 0.3025 0.49125 0.015625 0.0225