1 0.2675 0.338125 0.01625 0.0725
1 0.24625 0.355625 0.028125 0.1
0 0.094375 0.341875 0.188125 0.131875
0 0.46125 0.3475 0.040625 0.02625
1 0.49875 0.37375 0.015 0.081875
1 0.48375 0.37375 0.01625 0.075
0 0.431875 0.3425 0.011875 0.0225
0 0.42125 0.34375 0.011875 0.033125
0 0.406875 0.35375 0.0325 0.04875
0 0.53875 0.350625 0.0125 0.02625
1 0.56875 0.36375 0.01625 0.083125
1 0.58625 0.36125 0.00875 0.043125
1 0.700625 0.389375 0.02125 0.08625
1 0.74 0.37875 0.015625 0.056875
0 0.8425 0.415 0.171875 0.091875
0 0.98375 0.448125 0.03125 0.091875
1 0.5175 0.45 0.0875 0.330625