1 0.89625 0.5125 0.03375 0.104375
0 0.58 0.48625 0.015625 0.02375
0 0.6275 0.494375 0.0175 0.025
0 0.711875 0.4875 0.009375 0.030625
0 0.72875 0.508125 0.025 0.056875
0 0.75125 0.510625 0.04625 0.07625
0 0.328125 0.4975 0.0325 0.05
0 0.298125 0.506875 0.035 0.033125
0 0.2725 0.506875 0.03125 0.0375
0 0.18875 0.5125 0.050625 0.04875
0 0.22625 0.516875 0.075 0.06375
0 0.066875 0.530625 0.0925 0.058125
0 0.34875 0.5 0.043125 0.044375
2 0.384375 0.4875 0.038125 0.044375
2 0.44125 0.4875 0.0225 0.030625
0 0.565 0.489375 0.013125 0.02375
0 0.595 0.493125 0.025 0.033125
0 0.78875 0.52125 0.08 0.10125
0 0.67125 0.5375 0.10375 0.154375
0 0.96125 0.585625 0.075 0.158125