1 0.765 0.53 0.02625 0.13625
1 0.88 0.53 0.0325 0.15
1 0.86 0.5275 0.02875 0.145625
1 0.8375 0.5125 0.02375 0.08625
1 0.735 0.519375 0.019375 0.081875
1 0.720625 0.5225 0.019375 0.091875
0 0.44875 0.53125 0.02625 0.054375
0 0.53875 0.520625 0.04625 0.070625
0 0.416875 0.523125 0.044375 0.079375
2 0.43625 0.486875 0.0325 0.044375
0 0.38625 0.55625 0.059375 0.085
0 0.489375 0.548125 0.06875 0.095625
0 0.648125 0.58625 0.14375 0.168125
0 0.19125 0.54125 0.3825 0.6025
0 0.944375 0.7225 0.11125 0.266875