1 0.89875 0.56625 0.01375 0.04
1 0.885 0.568125 0.006875 0.035
1 0.8775 0.569375 0.01125 0.041875
1 0.865625 0.5725 0.0125 0.0375
1 0.853125 0.5725 0.01 0.0375
1 0.8475 0.569375 0.006875 0.0375
1 0.843125 0.570625 0.0125 0.04
1 0.75625 0.5625 0.01 0.0275
1 0.7525 0.56125 0.006875 0.025
1 0.74375 0.56 0.01 0.0225
1 0.73375 0.56 0.01 0.031875
1 0.729375 0.558125 0.00875 0.030625
1 0.720625 0.5625 0.00875 0.031875
1 0.488125 0.54125 0.0075 0.025
1 0.476875 0.53125 0.005625 0.025
1 0.47 0.533125 0.01125 0.019375
1 0.32125 0.53125 0.01125 0.030625
1 0.333125 0.531875 0.01 0.031875
1 0.354375 0.53625 0.006875 0.025
1 0.34 0.533125 0.01 0.030625
1 0.371875 0.53125 0.005625 0.025
1 0.378125 0.533125 0.006875 0.019375
1 0.4025 0.535 0.00875 0.0275
1 0.436875 0.538125 0.005 0.025
1 0.444375 0.539375 0.00875 0.0275
1 0.4325 0.541875 0.005625 0.0275
1 0.42875 0.54 0.005625 0.030625
1 0.49875 0.538125 0.00875 0.025
1 0.04625 0.508125 0.00875 0.019375
1 0.03625 0.505625 0.00875 0.019375
1 0.025625 0.505625 0.01 0.025
1 0.07125 0.668125 0.084375 0.333125
0 0.474375 0.57125 0.049375 0.06
0 0.5675 0.5525 0.036875 0.0375
0 0.59625 0.575 0.04625 0.0625
0 0.128125 0.6125 0.25625 0.270625
0 0.655625 0.6 0.111875 0.1475
0 0.534375 0.605 0.1075 0.181875
0 0.321875 0.688125 0.321875 0.294375
0 0.945 0.5725 0.10625 0.085
0 0.86 0.73625 0.275625 0.28875
1 0.799375 0.57125 0.019375 0.056875
1 0.813125 0.573125 0.01375 0.044375