0 0.081875 0.785625 0.163125 0.17625
0 0.080625 0.59625 0.16125 0.2125
0 0.2325 0.650625 0.290625 0.335
0 0.37375 0.579375 0.074375 0.17375
0 0.49625 0.67125 0.180625 0.268125
2 0.375 0.525625 0.0875 0.080625
0 0.42375 0.545625 0.015625 0.03875
1 0.395 0.54625 0.02 0.0625
1 0.62375 0.56375 0.045 0.129375
1 0.890625 0.63625 0.128125 0.404375
1 0.9625 0.65375 0.071875 0.433125
1 0.855 0.61 0.08875 0.31375
1 0.808125 0.5975 0.07625 0.3875
1 0.84875 0.475 0.019375 0.04875
1 0.86375 0.46375 0.0175 0.035
1 0.88625 0.44375 0.02625 0.0275
1 0.774375 0.56375 0.040625 0.194375
1 0.698125 0.5675 0.05375 0.19
1 0.745 0.558125 0.036875 0.155625
1 0.72875 0.561875 0.02375 0.16
1 0.636875 0.52875 0.0125 0.075
1 0.656875 0.514375 0.01875 0.0475
1 0.57625 0.541875 0.0125 0.07375
1 0.59875 0.53375 0.011875 0.058125
1 0.606875 0.520625 0.013125 0.035
1 0.556875 0.5425 0.031875 0.093125
1 0.500625 0.52125 0.01125 0.02375
1 0.4825 0.526875 0.01 0.02625
1 0.5225 0.52375 0.01875 0.025
1 0.59 0.525625 0.01 0.0475