1 0.325625 0.529375 0.015625 0.03875
1 0.294375 0.545625 0.01875 0.0875
1 0.271875 0.52875 0.024375 0.066875
1 0.244375 0.531875 0.02375 0.06375
1 0.20625 0.536875 0.025 0.069375
1 0.1775 0.513125 0.01375 0.0375
1 0.16875 0.525625 0.021875 0.06125
1 0.1575 0.506875 0.011875 0.0275
1 0.149375 0.525625 0.0275 0.0475
1 0.14 0.506875 0.015 0.03875
1 0.123125 0.515 0.015 0.033125
1 0.09625 0.50875 0.02 0.05
1 0.085 0.513125 0.0175 0.0525
1 0.07125 0.51 0.015625 0.0525
1 0.048125 0.504375 0.028125 0.066875
1 0.015 0.504375 0.01375 0.030625
1 0.023125 0.51875 0.03125 0.04875
1 0.331875 0.505 0.011875 0.025
1 0.71625 0.530625 0.0125 0.06375
1 0.7325 0.53125 0.01375 0.058125
1 0.744375 0.523125 0.01375 0.044375
1 0.774375 0.51625 0.009375 0.03875
1 0.786875 0.52 0.01375 0.03625
1 0.7975 0.523125 0.01375 0.044375
1 0.82 0.51875 0.0275 0.04875
1 0.845625 0.5375 0.015625 0.04875
1 0.84125 0.52125 0.018125 0.05
1 0.856875 0.5175 0.011875 0.0375
1 0.890625 0.5075 0.011875 0.041875
1 0.87875 0.506875 0.0125 0.043125
1 0.913125 0.518125 0.03125 0.155625
1 0.9375 0.520625 0.03125 0.156875
1 0.956875 0.52375 0.036875 0.166875
1 0.98625 0.529375 0.02375 0.17375
1 0.665625 0.529375 0.009375 0.04875
1 0.6725 0.529375 0.011875 0.0525
1 0.696875 0.526875 0.011875 0.04875
1 0.65875 0.531875 0.011875 0.05
1 0.50375 0.535 0.009375 0.0525
1 0.31125 0.53125 0.018125 0.0475
0 0.465 0.5575 0.0725 0.104375
0 0.41 0.573125 0.11 0.16125
0 0.361875 0.549375 0.069375 0.106875
0 0.51625 0.54375 0.01875 0.0475
0 0.46625 0.49875 0.06375 0.07375
0 0.530625 0.495625 0.025 0.0375
0 0.5825 0.519375 0.078125 0.155625
0 0.640625 0.549375 0.025 0.065
0 0.630625 0.554375 0.034375 0.066875
0 0.56375 0.58125 0.100625 0.166875
0 0.113125 0.66125 0.225 0.254375