0 0.545 0.43 0.04375 0.070625
0 0.569375 0.426875 0.021875 0.041875
0 0.590625 0.438125 0.04 0.0525
0 0.463125 0.45 0.140625 0.22375
0 0.761875 0.49625 0.22 0.21
0 0.955625 0.43625 0.08375 0.06125
0 0.95125 0.54625 0.093125 0.169375
1 0.22875 0.44125 0.0225 0.179375
1 0.38 0.44125 0.0075 0.04875
1 0.36625 0.43 0.015 0.06125
1 0.88375 0.43 0.009375 0.045625
1 0.62 0.4325 0.009375 0.06125
1 0.25875 0.524375 0.013125 0.07375
1 0.33875 0.429375 0.01 0.06375
1 0.349375 0.4325 0.01125 0.06
1 0.64625 0.4275 0.01125 0.055625
0 0.05875 0.4775 0.0875 0.08875