0 0.015 0.46 0.0275 0.055625
1 0.063125 0.44125 0.02125 0.130625
1 0.08 0.445 0.02875 0.1275
1 0.111875 0.443125 0.031875 0.129375
1 0.761875 0.451875 0.019375 0.095625
0 0.46375 0.4275 0.013125 0.029375
0 0.455625 0.435625 0.01125 0.031875
0 0.4475 0.43 0.011875 0.03625
0 0.43375 0.435 0.025 0.0375
0 0.3975 0.445625 0.025625 0.044375
0 0.37625 0.445625 0.025 0.0525
0 0.35375 0.448125 0.0375 0.0625
0 0.586875 0.45125 0.011875 0.041875
0 0.226875 0.46 0.2225 0.254375
0 0.525 0.46375 0.124375 0.2125