0 0.293125 0.5025 0.019375 0.025
0 0.303125 0.506875 0.0175 0.03875
0 0.31 0.51125 0.0175 0.035
0 0.4625 0.4925 0.0175 0.018125
0 0.473125 0.5025 0.019375 0.035
0 0.370625 0.495625 0.02625 0.03625
0 0.364375 0.5075 0.0225 0.04875
0 0.57 0.495625 0.053125 0.0525
0 0.53 0.524375 0.068125 0.08625
0 0.33875 0.516875 0.056875 0.083125
0 0.421875 0.556875 0.119375 0.166875
0 0.62375 0.56625 0.174375 0.181875
0 0.21375 0.561875 0.17125 0.18625
0 0.33625 0.51125 0.05375 0.083125
1 0.685 0.4925 0.03125 0.081875
1 0.710625 0.5125 0.0275 0.11375
1 0.73625 0.508125 0.024375 0.105625