0 0.7225 0.503125 0.0125 0.00625
0 0.87 0.5075 0.0275 0.015
0 0.88875 0.508125 0.02625 0.01375
0 0.784375 0.506875 0.005 0.00875
2 0.4975 0.465 0.15875 0.315
0 0.295625 0.571875 0.1525 0.13125
2 0.744375 0.503125 0.018125 0.01375
2 0.694375 0.50125 0.013125 0.01
0 0.81625 0.5075 0.02 0.01
0 0.8375 0.506875 0.02 0.01125
0 0.77875 0.50625 0.01625 0.01
2 0.676875 0.501875 0.01 0.00875
0 0.008125 0.7775 0.01625 0.1425
2 0.63 0.49875 0.013125 0.0075
0 0.706875 0.5025 0.01 0.0075
0 0.76375 0.50625 0.0075 0.0075
2 0.3925 0.5225 0.050625 0.08