0 0.73375 0.5025 0.0125 0.0075
0 0.7075 0.503125 0.00625 0.00625
0 0.930625 0.509375 0.03625 0.01625
0 0.9075 0.508125 0.018125 0.01375
0 0.79625 0.506875 0.009375 0.00875
2 0.499375 0.46625 0.1525 0.3025
2 0.755625 0.5025 0.019375 0.015
0 0.70125 0.503125 0.009375 0.00625
2 0.719375 0.50125 0.015 0.01
0 0.873125 0.50875 0.025625 0.0125
0 0.87 0.5075 0.02125 0.01
0 0.818125 0.5075 0.019375 0.01
2 0.6875 0.50125 0.01125 0.0075
0 0.41375 0.526875 0.019375 0.07375
2 0.616875 0.498125 0.015 0.00625
0 0.77625 0.50625 0.00875 0.0075
2 0.343125 0.53875 0.13875 0.135