0 0.1453125 0.534375 0.01640625 0.0109375
0 0.07578125 0.53359375 0.0125 0.01015625
0 0.0796875 0.534375 0.015625 0.00859375
0 0.2390625 0.5359375 0.01015625 0.01015625
0 0.7359375 0.5296875 0.00859375 0.0171875
2 0.5140625 0.46875 0.4 0.41484375
2 0.18125 0.53203125 0.02421875 0.01640625
0 0.053125 0.53203125 0.0140625 0.00625
0 0.7265625 0.53359375 0.02109375 0.0203125
0 0.30625 0.5359375 0.01484375 0.01015625
2 0.0125 0.53125 0.0171875 0.01015625
0 0.13046875 0.53515625 0.0171875 0.01015625
0 0.7265625 0.53828125 0.01953125 0.02109375
0 0.29296875 0.77734375 0.5859375 0.4421875
0 0.1078125 0.5328125 0.01796875 0.0109375
0 0.2109375 0.5359375 0.01015625 0.00859375
2 0.7703125 0.52109375 0.04375 0.075
0 0.025 0.5328125 0.00703125 0.00625
1 0.9921875 0.5640625 0.01328125 0.1234375
1 0.746875 0.54609375 0.00390625 0.0078125
1 0.746875 0.53828125 0.00703125 0.0265625