0 0.23625 0.510625 0.013125 0.00875
0 0.18625 0.508125 0.00875 0.00625
0 0.214375 0.510625 0.013125 0.00875
0 0.30625 0.51375 0.0075 0.0075
0 0.83875 0.519375 0.011875 0.01875
2 0.588125 0.4575 0.438125 0.4225
2 0.261875 0.509375 0.01875 0.01375
2 0.095625 0.505625 0.011875 0.00875
0 0.195625 0.510625 0.01 0.00625
0 0.83875 0.525 0.00375 0.015
2 0.14 0.505 0.0125 0.0075
0 0.26125 0.511875 0.015 0.00875
0 0.828125 0.528125 0.02375 0.02375
0 0.31 0.768125 0.619375 0.46125
0 0.20875 0.50875 0.0125 0.01
0 0.284375 0.513125 0.0075 0.00875
2 0.880625 0.510625 0.0525 0.08375
0 0.83875 0.519375 0.018125 0.00875
0 0.84125 0.524375 0.00375 0.01375
1 0.81375 0.526875 0.00625 0.02625