0 0.22125 0.50375 0.011875 0.01
0 0.22875 0.505 0.013125 0.0075
0 0.290625 0.50625 0.00625 0.0075
0 0.8375 0.503125 0.0125 0.02125
2 0.57375 0.470625 0.45875 0.47625
2 0.2475 0.5025 0.01875 0.0125
2 0.106875 0.501875 0.0125 0.00875
0 0.206875 0.505 0.011875 0.0075
0 0.33875 0.50625 0.011875 0.01
0 0.83875 0.50875 0.00375 0.015
2 0.14 0.50125 0.0125 0.0075
0 0.28 0.505625 0.01625 0.00875
0 0.828125 0.511875 0.02375 0.02375
0 0.24375 0.7725 0.4875 0.4525
0 0.199375 0.503125 0.0125 0.00875
0 0.26875 0.50625 0.00625 0.0075
2 0.880625 0.493125 0.0525 0.08375
0 0.84125 0.50875 0.00375 0.0125
1 0.85125 0.509375 0.00625 0.02125