0 0.2275 0.504375 0.0125 0.00875
0 0.180625 0.501875 0.009375 0.00625
0 0.22375 0.504375 0.01375 0.00875
0 0.29625 0.50625 0.0075 0.0075
0 0.838125 0.503125 0.011875 0.02125
2 0.5875 0.468125 0.43875 0.46875
2 0.2525 0.501875 0.01875 0.01375
0 0.164375 0.501875 0.01 0.00625
2 0.1025 0.50125 0.011875 0.0075
0 0.20375 0.505 0.011875 0.0075
0 0.3425 0.50625 0.00875 0.01
0 0.83875 0.50875 0.00375 0.015
2 0.14 0.499375 0.0125 0.00625
0 0.27375 0.505 0.01625 0.01
0 0.828125 0.511875 0.02375 0.02375
0 0.29625 0.764375 0.5925 0.46875
0 0.20375 0.503125 0.015 0.00875
2 0.880625 0.493125 0.0525 0.08375