0 0.24 0.51375 0.013125 0.01
0 0.188125 0.511875 0.009375 0.00625
0 0.21125 0.514375 0.013125 0.00875
0 0.313125 0.5175 0.0075 0.0075
0 0.83875 0.5225 0.011875 0.02
2 0.588125 0.460625 0.438125 0.41875
2 0.26625 0.513125 0.01875 0.01375
2 0.09125 0.509375 0.015 0.00875
0 0.83875 0.528125 0.005625 0.01625
2 0.141875 0.509375 0.011875 0.00875
0 0.255625 0.515625 0.015 0.00875
0 0.828125 0.530625 0.02375 0.02375
0 0.31125 0.770625 0.6225 0.45625
0 0.21125 0.511875 0.015 0.00875
0 0.29 0.516875 0.0075 0.00875
2 0.880625 0.51375 0.0525 0.085
0 0.82125 0.521875 0.005625 0.00625
0 0.84125 0.5275 0.005 0.0125
1 0.82375 0.53 0.00875 0.0275
1 0.93 0.528125 0.005625 0.01875