0 0.72875 0.5025 0.0125 0.0075
0 0.898125 0.508125 0.031875 0.01625
0 0.9025 0.508125 0.02875 0.01375
0 0.789375 0.506875 0.00875 0.00875
2 0.49875 0.465625 0.155625 0.30875
0 0.141875 0.670625 0.28375 0.31875
2 0.750625 0.5025 0.01875 0.015
0 0.695 0.503125 0.006875 0.00625
2 0.70625 0.50125 0.01375 0.01
0 0.8425 0.508125 0.0225 0.01125
0 0.856875 0.508125 0.015625 0.01125
0 0.796875 0.506875 0.0175 0.01125
2 0.6825 0.50125 0.01125 0.0075
2 0.624375 0.498125 0.015 0.00625
0 0.715 0.501875 0.005625 0.00625
0 0.770625 0.50625 0.006875 0.0075
2 0.38 0.528125 0.0825 0.09875