0 0.145 0.534375 0.01625 0.01125
0 0.075625 0.53375 0.0125 0.01
0 0.08 0.534375 0.015625 0.00875
0 0.23875 0.53625 0.01 0.01
0 0.735625 0.53 0.00875 0.0175
2 0.51375 0.46875 0.4 0.415
2 0.181875 0.531875 0.024375 0.01625
0 0.053125 0.531875 0.01375 0.00625
0 0.72625 0.53375 0.02125 0.02
0 0.306875 0.53625 0.015 0.01
2 0.0125 0.53125 0.0175 0.01
0 0.130625 0.535 0.0175 0.01
0 0.72625 0.538125 0.019375 0.02125
0 0.293125 0.7775 0.58625 0.4425
0 0.1075 0.533125 0.018125 0.01125
0 0.210625 0.535625 0.01 0.00875
2 0.77 0.52125 0.04375 0.075
0 0.025625 0.533125 0.006875 0.00625
1 0.9925 0.564375 0.013125 0.12375
1 0.74625 0.54625 0.00375 0.0075
1 0.7475 0.538125 0.006875 0.02625