0 0.675625 0.50375 0.01 0.0075
0 0.755625 0.505625 0.01875 0.01125
0 0.815 0.506875 0.0225 0.01125
0 0.728125 0.50625 0.0075 0.0075
2 0.46625 0.463125 0.17 0.33625
0 0.37625 0.530625 0.01 0.05125
2 0.694375 0.5025 0.015625 0.0125
2 0.631875 0.50125 0.01 0.0075
0 0.72125 0.505625 0.013125 0.00875
0 0.77375 0.50625 0.0175 0.01
0 0.698125 0.505 0.01 0.0075
0 0.37375 0.5475 0.005 0.055
0 0.85 0.50625 0.0175 0.015
0 0.66 0.501875 0.01125 0.00625
2 0.185 0.460625 0.37 0.51875
0 0.711875 0.505625 0.00625 0.00625