1 0.41125 0.63625 0.03625 0.18875
1 0.3425 0.649375 0.040625 0.181875
0 0.661875 0.58 0.01375 0.020625
0 0.7025 0.581875 0.018125 0.01125
0 0.74 0.605625 0.043125 0.02625
0 0.7675 0.635625 0.045 0.06125
0 0.824375 0.641875 0.113125 0.085
0 0.891875 0.679375 0.17 0.130625
0 0.97 0.70125 0.059375 0.20125
0 0.5475 0.614375 0.019375 0.044375
0 0.56625 0.60625 0.03 0.03875
0 0.5925 0.59625 0.02875 0.044375
0 0.284375 0.635625 0.1725 0.16375
0 0.101875 0.705625 0.20375 0.270625
0 0.49375 0.63125 0.1025 0.1275
0 0.406875 0.633125 0.07625 0.095625
0 0.63 0.598125 0.034375 0.041875
0 0.698125 0.620625 0.05375 0.0725
0 0.64125 0.569375 0.0125 0.01375
0 0.2175 0.599375 0.02125 0.030625
0 0.3675 0.59125 0.0175 0.0225