0 0.8925 0.645625 0.2125 0.141875
0 0.479375 0.605625 0.175 0.1125
1 0.30375 0.57 0.0075 0.04
0 0.175625 0.544375 0.005 0.0125
0 0.176875 0.544375 0.005625 0.015
0 0.168125 0.548125 0.009375 0.0125
0 0.203125 0.55375 0.01125 0.01375
0 0.208125 0.5525 0.011875 0.019375
0 0.218125 0.54875 0.0075 0.01375
0 0.216875 0.56 0.01625 0.03875
0 0.230625 0.561875 0.0275 0.0475
0 0.235 0.564375 0.02625 0.041875
0 0.25875 0.57875 0.044375 0.06125
0 0.193125 0.54875 0.0075 0.016875
0 0.181875 0.548125 0.009375 0.015
2 0.155625 0.539375 0.01875 0.033125
0 0.1525 0.549375 0.01375 0.0225
0 0.13875 0.549375 0.019375 0.0275
0 0.134375 0.556875 0.015 0.0275
0 0.12 0.555 0.015 0.03625
0 0.115625 0.56 0.011875 0.029375
0 0.10375 0.558125 0.030625 0.045625
0 0.086875 0.56625 0.034375 0.06125
0 0.045625 0.5675 0.09125 0.083125