0 0.02125 0.59625 0.04125 0.35
0 0.085625 0.595625 0.090625 0.080625
0 0.22125 0.580625 0.0725 0.069375
0 0.280625 0.585 0.04875 0.058125
0 0.36625 0.583125 0.025 0.02375
0 0.450625 0.575 0.015625 0.02375
0 0.506875 0.581875 0.015625 0.0275
0 0.5425 0.5925 0.01625 0.03625
0 0.52875 0.59 0.009375 0.0275
0 0.573125 0.6 0.02625 0.0475
2 0.585 0.60875 0.0175 0.0375
1 0.610625 0.641875 0.043125 0.2025
0 0.660625 0.645 0.13875 0.165
0 0.86375 0.72125 0.23625 0.21
0 0.950625 0.644375 0.095 0.1125
0 0.486875 0.583125 0.011875 0.020625
0 0.49625 0.575 0.009375 0.015
0 0.973125 0.6775 0.05375 0.104375
0 0.89625 0.626875 0.04125 0.020625
0 0.763125 0.62375 0.09625 0.10125