0 0.515 0.51125 0.011875 0.0275
0 0.57125 0.55 0.024375 0.0525
0 0.651875 0.565 0.01375 0.0525
0 0.68375 0.566875 0.043125 0.029375
0 0.70875 0.56875 0.02625 0.020625
0 0.540625 0.551875 0.05 0.079375
0 0.405625 0.38875 0.136875 0.170625
0 0.42 0.649375 0.250625 0.435
0 0.75125 0.585625 0.096875 0.119375
0 0.971875 0.674375 0.053125 0.115
1 0.191875 0.50375 0.028125 0.185
1 0.20375 0.5175 0.044375 0.166875
1 0.144375 0.538125 0.069375 0.26375
1 0.266875 0.5225 0.043125 0.17625
0 0.613125 0.549375 0.06875 0.08625