1 0.18625 0.375625 0.01875 0.091875
1 0.15875 0.40375 0.036875 0.16125
0 0.50875 0.381875 0.01 0.01375
0 0.4975 0.37875 0.005625 0.0125
0 0.485 0.3775 0.018125 0.0225
0 0.46375 0.38625 0.024375 0.033125
0 0.523125 0.3775 0.011875 0.0225
0 0.535 0.386875 0.02875 0.04
0 0.560625 0.391875 0.02625 0.03875
0 0.580625 0.389375 0.01875 0.031875
0 0.593125 0.39125 0.01 0.031875
0 0.606875 0.39125 0.01625 0.031875
0 0.619375 0.39 0.021875 0.033125
0 0.419375 0.39875 0.065 0.10125
2 0.895 0.360625 0.20875 0.383125