1 0.018125 0.556875 0.018125 0.091875
1 0.063125 0.531875 0.015625 0.09875
1 0.085 0.505 0.0275 0.118125
1 0.119375 0.50875 0.021875 0.095625
1 0.235625 0.451875 0.011875 0.06125
1 0.38125 0.4675 0.02 0.11125
1 0.486875 0.449375 0.034375 0.104375
1 0.6475 0.43375 0.035 0.116875
1 0.775 0.4125 0.03125 0.131875
1 0.8825 0.4 0.038125 0.130625
1 0.980625 0.394375 0.036875 0.17375
0 0.50375 0.424375 0.00875 0.0275
0 0.486875 0.42875 0.03625 0.043125
0 0.5075 0.425 0.013125 0.031875
0 0.5175 0.4275 0.01625 0.03625
0 0.54375 0.430625 0.03375 0.05
1 0.18625 0.51875 0.024375 0.095625
1 0.168125 0.52375 0.01625 0.095625
0 0.46 0.433125 0.0225 0.041875
0 0.373125 0.456875 0.04625 0.065