2 0.19875 0.500625 0.396875 0.994375
1 0.576875 0.736875 0.081875 0.368125
1 0.9025 0.615 0.046875 0.11125
1 0.98375 0.676875 0.031875 0.125
0 0.81125 0.7875 0.375 0.406875
0 0.6725 0.670625 0.11125 0.183125
0 0.405625 0.65 0.065625 0.120625
0 0.50375 0.633125 0.02375 0.043125
0 0.436875 0.639375 0.02625 0.058125
0 0.47 0.65375 0.05375 0.065
0 0.49625 0.644375 0.013125 0.04875
0 0.524375 0.63625 0.011875 0.020625
0 0.55125 0.62375 0.0075 0.01375
0 0.543125 0.62375 0.0075 0.020625
0 0.533125 0.6325 0.005625 0.02375