0 0.01375 0.688125 0.0275 0.158125
0 0.9625 0.755625 0.07125 0.095625
0 0.075 0.699375 0.12625 0.154375
0 0.155625 0.669375 0.09875 0.131875
0 0.224375 0.666875 0.055625 0.095625
0 0.79875 0.649375 0.33875 0.293125
0 0.594375 0.663125 0.1075 0.133125
0 0.534375 0.66 0.05375 0.1
0 0.5075 0.6525 0.045 0.091875
0 0.486875 0.65 0.02375 0.0725
0 0.465 0.650625 0.031875 0.0525
0 0.44375 0.64875 0.0125 0.03875
2 0.264375 0.618125 0.0875 0.156875
0 0.3175 0.65375 0.0175 0.044375
0 0.33 0.65375 0.015 0.033125
1 0.354375 0.64125 0.00875 0.029375
1 0.266875 0.651875 0.0175 0.104375