0 0.5025 0.35 0.013125 0.04875
0 0.49125 0.355 0.01625 0.066875
0 0.47375 0.349375 0.03 0.10125
0 0.435 0.360625 0.080625 0.125
0 0.683125 0.38125 0.05 0.116875
0 0.59125 0.420625 0.169375 0.258125
2 0.619375 0.2975 0.0575 0.065
1 0.4075 0.345625 0.02625 0.085
1 0.38375 0.351875 0.0125 0.0775
1 0.374375 0.356875 0.015625 0.0775
1 0.3575 0.3325 0.01375 0.044375
1 0.311875 0.361875 0.013125 0.0725
1 0.2925 0.34875 0.031875 0.1225
1 0.25125 0.361875 0.03375 0.205625
1 0.224375 0.3625 0.04875 0.26
1 0.054375 0.3675 0.106875 0.4525
1 0.7325 0.381875 0.01 0.04875
1 0.7075 0.37625 0.009375 0.045625
2 0.881875 0.3475 0.23 0.694375