0 0.494375 0.530625 0.01125 0.0225
0 0.48375 0.538125 0.01625 0.035
0 0.47375 0.5375 0.021875 0.041875
0 0.45875 0.54375 0.021875 0.0625
0 0.4425 0.56125 0.03 0.066875
0 0.403125 0.573125 0.06125 0.09
0 0.51125 0.53 0.01125 0.0125
0 0.5225 0.5275 0.0075 0.01125
0 0.5325 0.53625 0.013125 0.0225
0 0.540625 0.538125 0.0125 0.031875
0 0.5475 0.541875 0.019375 0.03875
0 0.558125 0.544375 0.011875 0.044375
0 0.57125 0.549375 0.031875 0.056875
0 0.574375 0.56625 0.018125 0.054375
0 0.6175 0.568125 0.07375 0.094375
1 0.754375 0.57625 0.021875 0.12375
1 0.93875 0.708125 0.08875 0.391875
2 0.9525 0.50375 0.08625 0.2975
0 0.011875 0.881875 0.0225 0.2275