2 0.43 0.42 0.013125 0.019375
0 0.413125 0.4325 0.009375 0.019375
0 0.406875 0.4325 0.011875 0.016875
0 0.395 0.433125 0.01375 0.020625
0 0.375 0.436875 0.0275 0.043125
0 0.35875 0.4275 0.013125 0.018125
0 0.34625 0.429375 0.013125 0.016875
0 0.32875 0.441875 0.015625 0.033125
0 0.2675 0.43625 0.035 0.04875
0 0.301875 0.4625 0.06125 0.07625
0 0.1725 0.449375 0.0325 0.06
0 0.211875 0.45125 0.08125 0.085
0 0.074375 0.455625 0.07625 0.0625
0 0.430625 0.47 0.02 0.0625
0 0.575 0.449375 0.03125 0.043125
0 0.54625 0.465 0.04 0.070625
0 0.666875 0.45 0.04875 0.06375
2 0.79125 0.46625 0.11375 0.0975
0 0.485625 0.506875 0.118125 0.1975
0 0.64625 0.46875 0.071875 0.0775
0 0.95625 0.75375 0.0875 0.32
0 0.904375 0.526875 0.19125 0.18125