0 0.58625 0.66875 0.536875 0.53875
1 0.76 0.455 0.024375 0.106875
1 0.795 0.52125 0.04 0.14875
1 0.846875 0.5475 0.053125 0.18875
0 0.2875 0.5025 0.07875 0.14875
0 0.3575 0.454375 0.078125 0.11375
0 0.3525 0.391875 0.04 0.029375
0 0.37375 0.38625 0.024375 0.02625
0 0.375 0.36375 0.021875 0.0225
0 0.39 0.37 0.01125 0.033125
0 0.395625 0.37 0.0075 0.029375
0 0.321875 0.37875 0.0325 0.055625
0 0.351875 0.366875 0.01625 0.02625
0 0.31125 0.360625 0.01875 0.02375
2 0.24 0.366875 0.04375 0.06125
2 0.416875 0.3525 0.034375 0.0775
0 0.274375 0.388125 0.055625 0.079375