1 0.23375 0.250625 0.019375 0.033125
1 0.183125 0.250625 0.025 0.06125
1 0.4975 0.24375 0.00875 0.019375
1 0.4775 0.2375 0.015625 0.030625
1 0.415625 0.23875 0.015 0.041875
1 0.761875 0.263125 0.0075 0.0275
1 0.86375 0.26625 0.015625 0.043125
1 0.3225 0.338125 0.165 0.530625
0 0.47 0.2425 0.034375 0.020625
0 0.19875 0.356875 0.105 0.180625
0 0.543125 0.23875 0.040625 0.02375
0 0.5925 0.33625 0.08125 0.194375
0 0.613125 0.261875 0.02125 0.0375
2 0.644375 0.235625 0.036875 0.118125
0 0.485625 0.455625 0.29625 0.408125
0 0.11375 0.42375 0.2275 0.441875
0 0.683125 0.2625 0.025 0.033125
1 0.721875 0.25625 0.01125 0.020625