0 0.44625 0.618125 0.015625 0.0225
0 0.398125 0.615 0.036875 0.025
0 0.3725 0.62125 0.015 0.016875
0 0.33125 0.655 0.0275 0.0475
0 0.47375 0.6325 0.0325 0.045625
0 0.52125 0.6575 0.075 0.143125
2 0.245 0.618125 0.113125 0.166875
2 0.10625 0.6025 0.21125 0.658125
0 0.401875 0.794375 0.230625 0.3475
1 0.67375 0.65375 0.040625 0.141875
1 0.738125 0.660625 0.0325 0.119375
1 0.60875 0.64875 0.02 0.080625
1 0.5525 0.64375 0.01125 0.058125
1 0.563125 0.639375 0.01375 0.06375
1 0.57375 0.64375 0.01875 0.081875
1 0.58625 0.644375 0.011875 0.09
1 0.59375 0.644375 0.01375 0.083125
1 0.79625 0.6575 0.04 0.1275
1 0.8475 0.6675 0.050625 0.16375