1 0.945 0.55125 0.04625 0.183125
1 0.91375 0.539375 0.044375 0.183125
1 0.88375 0.535 0.03125 0.12625
0 0.30125 0.544375 0.015 0.0275
0 0.2925 0.544375 0.011875 0.0275
0 0.285625 0.55 0.015 0.035
0 0.274375 0.55 0.01875 0.04
0 0.259375 0.54625 0.0225 0.0475
0 0.240625 0.55 0.019375 0.04
0 0.46 0.53625 0.015625 0.04875
0 0.54875 0.56375 0.059375 0.0775
0 0.795 0.648125 0.22375 0.194375
0 0.211875 0.560625 0.04875 0.06125
0 0.325625 0.55125 0.03125 0.033125
0 0.354375 0.53625 0.0175 0.020625
0 0.37375 0.54125 0.0225 0.04
0 0.431875 0.54875 0.056875 0.1125
0 0.52125 0.555625 0.034375 0.06375
0 0.929375 0.72 0.1375 0.205625
0 0.035 0.5975 0.069375 0.1025