1 0.51875 0.7675 0.015625 0.083125
1 0.466875 0.738125 0.009375 0.0475
1 0.4575 0.7425 0.006875 0.05125
1 0.825 0.79875 0.018125 0.083125
0 0.36375 0.730625 0.01875 0.031875
0 0.32 0.73625 0.0275 0.043125
0 0.3 0.7275 0.015625 0.025
0 0.33375 0.7225 0.01375 0.03625
0 0.344375 0.724375 0.00625 0.02375
0 0.37875 0.72625 0.00875 0.019375
0 0.054375 0.74375 0.105625 0.104375
0 0.018125 0.698125 0.034375 0.033125
0 0.10625 0.719375 0.044375 0.0475
0 0.131875 0.71 0.018125 0.02375
1 0.16 0.72375 0.018125 0.0475