1 0.914375 0.8075 0.0675 0.23625
1 0.77625 0.8125 0.038125 0.241875
0 0.418125 0.679375 0.01 0.016875
0 0.40875 0.674375 0.01 0.020625
0 0.40125 0.6775 0.011875 0.02375
0 0.393125 0.68125 0.01 0.020625
0 0.38 0.685 0.015625 0.033125
0 0.368125 0.695 0.015625 0.035
0 0.3575 0.698125 0.01875 0.04
0 0.34125 0.71 0.025 0.054375
0 0.31375 0.68 0.02625 0.018125
0 0.285625 0.69125 0.0225 0.016875
0 0.31875 0.7175 0.030625 0.06125
0 0.296875 0.735625 0.04 0.06375
0 0.166875 0.749375 0.05375 0.08625
0 0.22875 0.725 0.109375 0.08875
2 0.07625 0.78 0.136875 0.166875
0 0.210625 0.84125 0.206875 0.19875
0 0.436875 0.6775 0.013125 0.018125
0 0.0175 0.810625 0.034375 0.133125
1 0.461875 0.669375 0.009375 0.04