1 0.200625 0.3775 0.0075 0.065
1 0.22 0.361875 0.009375 0.04875
1 0.400625 0.348125 0.0075 0.03625
1 0.62375 0.363125 0.01125 0.05125
1 0.6425 0.375 0.011875 0.056875
1 0.65625 0.3625 0.0075 0.05
0 0.700625 0.34125 0.038125 0.03625
0 0.54125 0.311875 0.018125 0.033125
0 0.506875 0.320625 0.04875 0.0875
0 0.561875 0.3525 0.01875 0.04875
0 0.455625 0.3125 0.011875 0.020625
0 0.36625 0.36625 0.024375 0.043125
0 0.286875 0.41125 0.15625 0.2225
0 0.5225 0.40375 0.0925 0.16
0 0.690625 0.41 0.07625 0.0975
0 0.0425 0.3775 0.084375 0.09
0 0.86 0.44625 0.2 0.19
0 0.948125 0.48375 0.10375 0.2225