0 0.085 0.543125 0.168125 0.2025
0 0.239375 0.5375 0.231875 0.258125
0 0.41 0.464375 0.075 0.094375
0 0.515 0.473125 0.128125 0.194375
0 0.60125 0.449375 0.0575 0.08625
0 0.455625 0.45 0.019375 0.029375
0 0.37375 0.455625 0.018125 0.065
0 0.12375 0.430625 0.04875 0.02625
1 0.680625 0.42875 0.01625 0.06375
1 0.6675 0.429375 0.01 0.056875
1 0.65125 0.426875 0.015 0.055625
1 0.735625 0.424375 0.013125 0.0475
1 0.74875 0.420625 0.018125 0.06
1 0.830625 0.425 0.013125 0.056875
1 0.778125 0.42375 0.0175 0.07625
1 0.35125 0.449375 0.0075 0.033125
0 0.400625 0.439375 0.06375 0.083125