1 0.908125 0.511875 0.030625 0.1475
1 0.940625 0.510625 0.03875 0.154375
0 0.13375 0.486875 0.095 0.09
0 0.380625 0.489375 0.07875 0.12625
0 0.576875 0.5325 0.171875 0.19875
0 0.48 0.47375 0.02 0.025
0 0.201875 0.475 0.05625 0.069375
0 0.245 0.46625 0.02625 0.035
0 0.055 0.47875 0.074375 0.069375
0 0.011875 0.485 0.02375 0.0725
0 0.30875 0.46625 0.035 0.0275
0 0.276875 0.464375 0.03125 0.020625
0 0.464375 0.469375 0.01875 0.030625
0 0.451875 0.465 0.00875 0.0225
0 0.445 0.464375 0.005 0.02375
0 0.426875 0.46375 0.011875 0.019375
0 0.768125 0.47 0.02 0.015