0 0.543125 0.52375 0.015 0.031875
0 0.5275 0.515 0.01 0.020625
0 0.553125 0.52875 0.011875 0.0375
0 0.56 0.52375 0.011875 0.045625
0 0.569375 0.53 0.02375 0.066875
0 0.604375 0.53375 0.0725 0.085
0 0.46125 0.529375 0.03625 0.043125
0 0.51 0.52625 0.025625 0.041875
0 0.48875 0.525 0.011875 0.02375
0 0.474375 0.52375 0.021875 0.045625
0 0.41375 0.529375 0.013125 0.03625
0 0.38875 0.53 0.0175 0.0375
0 0.35625 0.535 0.045 0.068125
0 0.32875 0.535625 0.01375 0.041875
0 0.27875 0.538125 0.05 0.079375
0 0.22 0.54625 0.100625 0.10125
0 0.074375 0.563125 0.12375 0.106875
1 0.77 0.516875 0.021875 0.11125
1 0.658125 0.525625 0.015 0.079375