0 0.755 0.57875 0.168125 0.194375
0 0.44875 0.514375 0.00875 0.020625
0 0.37 0.51875 0.0175 0.029375
0 0.343125 0.531875 0.043125 0.05125
0 0.20875 0.548125 0.04375 0.0625
0 0.13875 0.563125 0.01625 0.058125
0 0.1625 0.55625 0.063125 0.079375
0 0.46375 0.513125 0.019375 0.035
0 0.475625 0.514375 0.011875 0.0375
0 0.491875 0.514375 0.024375 0.044375
0 0.515 0.5175 0.044375 0.043125
2 0.275625 0.535 0.11125 0.130625
2 0.0675 0.563125 0.135 0.3475
0 0.651875 0.5 0.02375 0.04
0 0.5825 0.499375 0.035 0.02375
0 0.633125 0.5 0.01875 0.03625
0 0.618125 0.4975 0.028125 0.030625
2 0.41125 0.52875 0.07375 0.12625