0 0.40875 0.52 0.015625 0.02375
0 0.4275 0.531875 0.03625 0.055625
0 0.45625 0.555625 0.046875 0.06375
0 0.369375 0.525625 0.013125 0.025
0 0.3525 0.523125 0.024375 0.029375
0 0.324375 0.52625 0.031875 0.044375
0 0.29125 0.535 0.03625 0.04
0 0.259375 0.53875 0.0375 0.056875
0 0.239375 0.55 0.04375 0.0525
0 0.181875 0.550625 0.086875 0.1025
2 0.045 0.575 0.09 0.22
0 0.92875 0.49875 0.046875 0.079375
0 0.809375 0.525625 0.15375 0.085
2 0.73125 0.51625 0.134375 0.1125
2 0.59125 0.56875 0.165625 0.266875