0 0.44375 0.5075 0.025 0.0125
0 0.16625 0.636875 0.3325 0.21875
0 0.499375 0.508125 0.013125 0.02125
0 0.41375 0.526875 0.011875 0.03125
2 0.33375 0.533125 0.15 0.17625
0 0.84 0.50375 0.005625 0.0125
0 0.488125 0.508125 0.0125 0.01125
0 0.869375 0.5075 0.00375 0.0075
2 0.78375 0.500625 0.02 0.01625
1 0.14125 0.520625 0.021875 0.06875
1 0.643125 0.553125 0.015625 0.07125
1 0.555625 0.51875 0.011875 0.055
1 0.81375 0.561875 0.063125 0.19125
1 0.545 0.508125 0.00375 0.02375
1 0.608125 0.51875 0.015 0.06
1 0.258125 0.51 0.015 0.035
1 0.68125 0.559375 0.02 0.07125