0 0.85625 0.5075 0.0325 0.0075
0 0.156875 0.6625 0.31375 0.265
0 0.49625 0.5075 0.006875 0.02
2 0.331875 0.533125 0.15375 0.17625
0 0.098125 0.5275 0.050625 0.0375
0 0.799375 0.505625 0.01125 0.00625
2 0.77875 0.500625 0.01125 0.01375
1 0.439375 0.526875 0.0225 0.07125
1 0.561875 0.54375 0.01625 0.0575
1 0.531875 0.528125 0.01 0.07125
1 0.6375 0.533125 0.02 0.10375
1 0.548125 0.505 0.005625 0.0175
1 0.588125 0.515625 0.009375 0.04625
1 0.50125 0.5225 0.0125 0.0675
1 0.59625 0.546875 0.01125 0.05375