0 0.94921875 0.5078125 0.0375 0.0109375
0 0.4421875 0.5078125 0.02265625 0.0125
0 0.2234375 0.6125 0.25859375 0.17734375
0 0.021875 0.7234375 0.04296875 0.2296875
0 0.49921875 0.5078125 0.0109375 0.02109375
0 0.43203125 0.52265625 0.0234375 0.03515625
2 0.3609375 0.5265625 0.11953125 0.1453125
0 0.8171875 0.50390625 0.0140625 0.0125
0 0.52421875 0.50859375 0.015625 0.01015625
0 0.4734375 0.5078125 0.02265625 0.0109375
2 0.80625 0.50078125 0.00859375 0.01640625
1 0.20390625 0.5125 0.0203125 0.05234375
1 0.2734375 0.50625 0.0140625 0.0328125
1 0.6546875 0.5546875 0.01640625 0.07265625
1 0.5625 0.5171875 0.0109375 0.0484375
1 0.89609375 0.5734375 0.05 0.2234375
1 0.54375 0.5078125 0.00390625 0.02109375
1 0.6125 0.5203125 0.01328125 0.0609375
1 0.26796875 0.50859375 0.0078125 0.02734375
1 0.309375 0.50703125 0.0109375 0.03359375
1 0.70625 0.5625 0.01484375 0.075