0 0.88046875 0.50703125 0.0203125 0.00859375
0 0.53125 0.5078125 0.00625 0.0109375
0 0.16640625 0.63671875 0.3328125 0.21875
0 0.5 0.5078125 0.01328125 0.02109375
0 0.14609375 0.52421875 0.078125 0.0390625
2 0.33359375 0.5328125 0.15 0.1765625
0 0.903125 0.5046875 0.009375 0.0140625
0 0.7984375 0.50546875 0.0140625 0.00625
2 0.77890625 0.50078125 0.0109375 0.0140625
1 0.6 0.5453125 0.0140625 0.0625
1 0.78125 0.50234375 0.00390625 0.01015625
1 0.55859375 0.521875 0.0125 0.06640625
1 0.68359375 0.5390625 0.0296875 0.12265625
1 0.546875 0.50859375 0.00546875 0.025
1 0.596875 0.5171875 0.01015625 0.0484375
1 0.2796875 0.50078125 0.00859375 0.0234375
1 0.44921875 0.5296875 0.0125 0.0765625
1 0.6234375 0.55078125 0.01484375 0.05859375