0 0.840625 0.50546875 0.00546875 0.00859375
0 0.4984375 0.5078125 0.0109375 0.01484375
2 0.30546875 0.5390625 0.1890625 0.20234375
0 0.1671875 0.5296875 0.12109375 0.0453125
0 0.79765625 0.50546875 0.0125 0.00625
2 0.77890625 0.50078125 0.0109375 0.0140625
1 0.515625 0.50625 0.0046875 0.02734375
1 0.4640625 0.50625 0.00390625 0.01015625
1 0.5 0.5375 0.0046875 0.0375
1 0.4515625 0.5296875 0.01171875 0.0765625
1 0.58203125 0.5296875 0.0265625 0.0859375
1 0.54921875 0.509375 0.00625 0.0265625
1 0.56953125 0.525 0.0140625 0.08515625
1 0.546875 0.5515625 0.0125 0.05234375
1 0.9015625 0.50390625 0.00390625 0.01484375