0 0.880625 0.506875 0.02 0.00875
0 0.53125 0.508125 0.00625 0.01125
0 0.16625 0.636875 0.3325 0.21875
0 0.499375 0.508125 0.013125 0.02125
0 0.14625 0.524375 0.078125 0.03875
2 0.33375 0.533125 0.15 0.17625
0 0.903125 0.504375 0.009375 0.01375
0 0.79875 0.505625 0.01375 0.00625
2 0.77875 0.500625 0.01125 0.01375
1 0.6 0.545 0.01375 0.0625
1 0.781875 0.5025 0.00375 0.01
1 0.55875 0.521875 0.0125 0.06625
1 0.68375 0.53875 0.03 0.1225
1 0.5475 0.50875 0.005625 0.025
1 0.59625 0.516875 0.01 0.04875
1 0.279375 0.500625 0.00875 0.02375
1 0.449375 0.529375 0.0125 0.07625
1 0.62375 0.550625 0.015 0.05875