0 0.26625 0.335 0.02125 0.044375
0 0.20875 0.319375 0.01875 0.02375
0 0.2525 0.34375 0.03625 0.054375
0 0.225 0.35 0.03625 0.06125
0 0.34875 0.333125 0.019375 0.0275
0 0.411875 0.32625 0.015 0.033125
0 0.523125 0.326875 0.0275 0.04
0 0.73625 0.319375 0.030625 0.018125
0 0.77375 0.316875 0.0325 0.02375
0 0.82 0.319375 0.02875 0.02375
2 0.164375 0.35 0.09625 0.1025
2 0.3075 0.295 0.050625 0.06375
2 0.37625 0.30625 0.019375 0.01125
2 0.40125 0.30625 0.0225 0.04875
2 0.063125 0.3475 0.12625 0.168125
2 0.345 0.298125 0.019375 0.05125
0 0.30375 0.3475 0.065625 0.085
0 0.37625 0.33875 0.04375 0.06375
0 0.43125 0.325 0.034375 0.054375
0 0.478125 0.338125 0.061875 0.070625
0 0.60875 0.335625 0.17 0.20125
0 0.043125 0.4975 0.08625 0.24875
0 0.985 0.29625 0.02625 0.0275