2 0.50375 0.514375 0.015 0.033125
0 0.49125 0.525625 0.011875 0.020625
0 0.48375 0.52875 0.009375 0.016875
0 0.4725 0.529375 0.015625 0.0275
0 0.450625 0.524375 0.03875 0.0525
0 0.415625 0.5375 0.0425 0.0625
0 0.3875 0.5425 0.0525 0.065
0 0.33375 0.55 0.06125 0.10125
0 0.26125 0.5575 0.1175 0.13875
0 0.10875 0.57625 0.215625 0.2375
2 0.519375 0.51875 0.01 0.020625
2 0.530625 0.515 0.018125 0.03875
0 0.544375 0.524375 0.0075 0.020625
0 0.55125 0.524375 0.01375 0.025
0 0.561875 0.53125 0.01125 0.0275
0 0.57 0.535625 0.015625 0.033125
0 0.59125 0.54125 0.04 0.080625
0 0.61 0.544375 0.0425 0.10125
0 0.656875 0.5525 0.099375 0.14875
0 0.705625 0.605625 0.1175 0.17375
0 0.851875 0.679375 0.29625 0.4