0 0.505 0.533125 0.011875 0.02375
0 0.4975 0.535625 0.011875 0.0275
0 0.49 0.538125 0.011875 0.0275
0 0.471875 0.533125 0.0175 0.03875
0 0.47125 0.533125 0.013125 0.043125
0 0.45875 0.533125 0.02 0.054375
0 0.430625 0.533125 0.044375 0.06375
0 0.419375 0.54125 0.05 0.054375
0 0.830625 0.57375 0.12875 0.094375
0 0.254375 0.5475 0.1275 0.183125
2 0.125625 0.56875 0.2475 0.29875
0 0.5325 0.536875 0.04625 0.081875
0 0.57 0.539375 0.025625 0.04
0 0.649375 0.5875 0.125 0.1625
1 0.336875 0.523125 0.015625 0.066875
1 0.393125 0.535625 0.01875 0.091875
1 0.36625 0.523125 0.011875 0.070625
0 0.923125 0.6125 0.150625 0.195625
2 0.66375 0.49 0.061875 0.054375