0 0.04875 0.539375 0.08875 0.068125
0 0.13 0.545625 0.11 0.0725
0 0.363125 0.548125 0.065625 0.0625
0 0.54375 0.55125 0.015625 0.055625
0 0.5625 0.544375 0.036875 0.055625
0 0.575625 0.56 0.031875 0.05125
0 0.91125 0.57875 0.1725 0.443125
0 0.420625 0.549375 0.02625 0.05125
0 0.443125 0.54625 0.01875 0.043125
1 0.40375 0.544375 0.011875 0.044375
1 0.645625 0.555 0.01625 0.0625
1 0.613125 0.555625 0.013125 0.05
1 0.600625 0.5625 0.01125 0.0475
1 0.6975 0.56 0.0125 0.058125
1 0.7225 0.558125 0.009375 0.069375
1 0.736875 0.565 0.013125 0.065
1 0.7475 0.56375 0.0125 0.070625
1 0.498125 0.551875 0.009375 0.054375
1 0.505625 0.55625 0.01125 0.05125
1 0.67625 0.55375 0.015 0.0475