0 0.4925 0.5125 0.0175 0.029375
0 0.463125 0.4925 0.0225 0.020625
0 0.4725 0.52 0.03125 0.0475
0 0.4425 0.520625 0.045 0.070625
0 0.43 0.505625 0.01125 0.015
0 0.41625 0.5175 0.02375 0.035
0 0.533125 0.493125 0.0175 0.019375
0 0.534375 0.51625 0.015625 0.029375
0 0.518125 0.516875 0.028125 0.045625
0 0.6825 0.53 0.034375 0.044375
0 0.365625 0.52375 0.024375 0.044375
0 0.35125 0.523125 0.025625 0.06125
0 0.27 0.5125 0.04125 0.031875
0 0.3325 0.523125 0.0375 0.058125
0 0.64875 0.533125 0.049375 0.0625
0 0.58875 0.52875 0.0325 0.05
0 0.663125 0.544375 0.05375 0.058125
0 0.1425 0.58625 0.28125 0.480625
1 0.3825 0.51875 0.013125 0.054375
1 0.5475 0.519375 0.01 0.045625
1 0.555625 0.519375 0.0075 0.03625
1 0.564375 0.5225 0.00875 0.044375
1 0.57125 0.524375 0.00875 0.03625
1 0.619375 0.524375 0.0075 0.043125
1 0.62875 0.52375 0.00875 0.041875
1 0.685 0.50875 0.01 0.025
1 0.75375 0.538125 0.015625 0.058125
1 0.76375 0.5425 0.019375 0.070625
1 0.78125 0.545625 0.015625 0.06375
1 0.86 0.555625 0.028125 0.11125
1 0.889375 0.554375 0.025 0.105625
1 0.955 0.57 0.0275 0.116875
1 0.97625 0.5675 0.019375 0.11
1 0.9825 0.57625 0.03125 0.135