1 0.0125 0.506875 0.025 0.17375
1 0.0425 0.47 0.028125 0.108125
1 0.0875 0.435625 0.028125 0.104375
1 0.14125 0.41875 0.011875 0.03875
1 0.15375 0.41875 0.015 0.03625
0 0.193125 0.44125 0.111875 0.06125
1 0.155 0.45125 0.0125 0.081875
1 0.16875 0.45125 0.02 0.09
1 0.1925 0.438125 0.0175 0.104375
1 0.205 0.4475 0.02625 0.11
1 0.238125 0.43125 0.01875 0.081875
1 0.25375 0.43375 0.02 0.0875
1 0.284375 0.426875 0.02 0.06
1 0.30625 0.435 0.02125 0.079375
1 0.34375 0.423125 0.0175 0.069375
1 0.3575 0.418125 0.015 0.055625
1 0.98875 0.355625 0.015 0.031875
1 0.971875 0.355625 0.018125 0.031875
1 0.945 0.37 0.0275 0.058125
1 0.866875 0.3925 0.011875 0.07625
1 0.83 0.4025 0.01375 0.075
1 0.7425 0.3825 0.01375 0.0375
1 0.7675 0.39375 0.0125 0.066875
1 0.783125 0.391875 0.0125 0.066875
1 0.7975 0.38875 0.01375 0.069375
1 0.89125 0.391875 0.018125 0.066875
2 0.453125 0.385625 0.063125 0.09875
0 0.50125 0.4125 0.0525 0.06375
0 0.599375 0.365 0.03 0.0525
0 0.625625 0.373125 0.021875 0.033125
0 0.57625 0.375625 0.0175 0.05
1 0.405625 0.39875 0.018125 0.0875
0 0.924375 0.555625 0.14875 0.36125
0 0.67 0.5325 0.331875 0.53625