0 0.05375 0.45 0.106875 0.16125
2 0.179375 0.37125 0.186875 0.20125
0 0.335 0.39375 0.063125 0.03625
0 0.4425 0.3925 0.018125 0.029375
0 0.405 0.394375 0.0275 0.04
0 0.4575 0.391875 0.02 0.035
0 0.49875 0.388125 0.011875 0.02375
0 0.5275 0.38875 0.01625 0.025
0 0.5425 0.38625 0.01125 0.025
0 0.568125 0.38 0.01 0.018125
0 0.555625 0.383125 0.015625 0.025
0 0.653125 0.3925 0.035 0.05
0 0.288125 0.48125 0.195 0.183125
0 0.604375 0.375 0.0125 0.01125
0 0.593125 0.4125 0.053125 0.0775
0 0.69 0.40875 0.06 0.081875
2 0.771875 0.373125 0.084375 0.14
0 0.425625 0.4025 0.03125 0.044375
0 0.48125 0.40125 0.03375 0.045625
0 0.5125 0.391875 0.02375 0.04