1 0.12625 0.441875 0.02 0.066875
1 0.1075 0.46375 0.02 0.1275
1 0.149375 0.479375 0.03375 0.12375
1 0.075625 0.47875 0.02625 0.14
2 0.409375 0.42875 0.02625 0.03625
2 0.39125 0.438125 0.0125 0.043125
0 0.4175 0.46 0.04125 0.079375
2 0.3575 0.435625 0.0525 0.080625
2 0.315 0.4225 0.03625 0.03875
0 0.28125 0.44 0.04875 0.06
0 0.21875 0.465 0.111875 0.125
0 0.31375 0.481875 0.07625 0.095625
0 0.4575 0.42875 0.0125 0.015
0 0.4575 0.49875 0.088125 0.133125
1 0.4975 0.445 0.00875 0.020625
1 0.519375 0.45375 0.01 0.02625
1 0.5325 0.455625 0.005625 0.02625
1 0.539375 0.45875 0.01 0.033125
1 0.56 0.460625 0.006875 0.025
1 0.568125 0.46875 0.009375 0.0375
1 0.5825 0.46375 0.015 0.03875
1 0.594375 0.4775 0.01 0.0525
1 0.601875 0.47125 0.006875 0.043125
1 0.636875 0.47125 0.011875 0.043125
1 0.6275 0.47625 0.009375 0.04875
1 0.65625 0.47125 0.01 0.0475
1 0.6825 0.475 0.01 0.05
1 0.74625 0.475 0.015625 0.054375
1 0.796875 0.52 0.03 0.133125
1 0.75875 0.51125 0.015625 0.118125
1 0.716875 0.4975 0.015 0.1125
1 0.89875 0.531875 0.04 0.14
1 0.97 0.57625 0.034375 0.065
1 0.9925 0.59625 0.015 0.054375