0 0.51 0.33625 0.009375 0.01375
0 0.53625 0.336875 0.0175 0.020625
0 0.518125 0.33375 0.011875 0.01375
0 0.50125 0.3425 0.02125 0.0225
0 0.130625 0.38625 0.02375 0.018125
0 0.065 0.39125 0.02375 0.025
0 0.605625 0.39875 0.02375 0.030625
2 0.62375 0.32875 0.030625 0.020625
2 0.776875 0.41125 0.165 0.10125
2 0.9475 0.4225 0.075 0.079375
0 0.910625 0.40125 0.043125 0.0625
0 0.895625 0.405625 0.01375 0.041875
0 0.881875 0.405 0.01375 0.02625
0 0.8375 0.4075 0.028125 0.025
0 0.81375 0.4025 0.01375 0.018125
0 0.98875 0.42875 0.019375 0.05
0 0.981875 0.330625 0.0125 0.025
0 0.96375 0.33 0.01875 0.02625