1 0.3025 0.419375 0.00625 0.018125
0 0.28375 0.42125 0.011875 0.018125
0 0.276875 0.43125 0.015625 0.02375
1 0.275 0.435 0.009375 0.035
0 0.3475 0.39875 0.011875 0.01375
0 0.33375 0.400625 0.0075 0.018125
0 0.328125 0.4025 0.01 0.018125
0 0.32625 0.414375 0.011875 0.01375
0 0.3225 0.4275 0.015 0.020625
0 0.345 0.4175 0.013125 0.018125
0 0.359375 0.39375 0.009375 0.018125
0 0.399375 0.386875 0.01 0.01375
0 0.405 0.4025 0.01 0.018125
0 0.39 0.425625 0.01 0.020625
0 0.395 0.429375 0.01 0.018125
0 0.401875 0.4325 0.013125 0.030625
0 0.413125 0.43 0.015 0.044375
0 0.435625 0.423125 0.038125 0.081875
2 0.3725 0.404375 0.015 0.030625
2 0.38875 0.400625 0.015625 0.0275
0 0.368125 0.4275 0.0275 0.04
0 0.493125 0.460625 0.09 0.133125