1 0.524375 0.46875 0.00875 0.041875
1 0.515 0.4625 0.0075 0.04
1 0.4675 0.45875 0.01875 0.070625
0 0.625 0.4825 0.01125 0.020625
0 0.630625 0.48375 0.0125 0.02375
0 0.639375 0.488125 0.011875 0.029375
0 0.65125 0.4875 0.0225 0.041875
0 0.669375 0.489375 0.030625 0.055625
0 0.69875 0.495 0.05375 0.075
0 0.7225 0.51125 0.04625 0.06125
0 0.74625 0.5225 0.0475 0.0725
0 0.804375 0.525 0.0975 0.116875
0 0.886875 0.5475 0.1375 0.144375
0 0.95375 0.583125 0.09125 0.21125
0 0.57625 0.494375 0.061875 0.09