2 0.060625 0.49 0.12125 0.23625
2 0.255625 0.414375 0.094375 0.14875
2 0.4675 0.37125 0.053125 0.09
0 0.403125 0.46125 0.105625 0.1775
0 0.13625 0.45 0.04375 0.0875
0 0.16625 0.455 0.03 0.0625
0 0.309375 0.430625 0.0275 0.03875
0 0.33125 0.426875 0.021875 0.031875
0 0.344375 0.425625 0.009375 0.029375
0 0.355625 0.426875 0.0125 0.031875
0 0.54 0.441875 0.105625 0.13875
0 0.48625 0.444375 0.02875 0.09
0 0.47625 0.445 0.01875 0.0775
0 0.464375 0.443125 0.018125 0.058125
0 0.46375 0.42375 0.038125 0.0625
1 0.8925 0.431875 0.08875 0.32375
1 0.93875 0.45125 0.07625 0.269375