1 0.03875 0.525 0.05 0.141875
1 0.386875 0.510625 0.019375 0.095625
2 0.055 0.495625 0.081875 0.083125
0 0.144375 0.500625 0.05875 0.058125
0 0.1 0.494375 0.030625 0.056875
0 0.17375 0.49125 0.015625 0.033125
0 0.1825 0.49 0.011875 0.030625
0 0.1925 0.48625 0.01875 0.03625
0 0.20125 0.4825 0.015 0.029375
0 0.215625 0.48375 0.0175 0.0225
0 0.24875 0.500625 0.02875 0.0375
0 0.268125 0.48875 0.011875 0.0275
2 0.24625 0.46875 0.02125 0.033125
0 0.26 0.46375 0.005625 0.015
0 0.67625 0.515 0.134375 0.105625
0 0.574375 0.51375 0.1375 0.119375
2 0.545 0.495625 0.1275 0.1525
2 0.665625 0.468125 0.08 0.05125
2 0.781875 0.4925 0.081875 0.083125
0 0.733125 0.475 0.0275 0.0275
0 0.820625 0.48375 0.019375 0.0475
0 0.8425 0.481875 0.02625 0.041875
0 0.8675 0.48125 0.02375 0.03625
0 0.886875 0.479375 0.013125 0.029375
0 0.9025 0.47125 0.01625 0.035
0 0.92625 0.47125 0.028125 0.035
0 0.95875 0.4725 0.0425 0.05
0 0.98625 0.46625 0.019375 0.020625