0 0.12125 0.7175 0.24125 0.293125
0 0.318125 0.680625 0.211875 0.18875
0 0.4875 0.67875 0.113125 0.120625
2 0.774375 0.654375 0.05375 0.116875
0 0.55125 0.676875 0.056875 0.10125
0 0.595 0.676875 0.0575 0.07625
0 0.6225 0.6625 0.035 0.080625
0 0.635625 0.665 0.03 0.075
0 0.651875 0.67 0.0175 0.045625
0 0.66625 0.67125 0.01625 0.04875
0 0.68125 0.67 0.01125 0.04
0 0.6875 0.669375 0.009375 0.0275
0 0.696875 0.66875 0.01875 0.02375
0 0.70875 0.669375 0.01 0.025
0 0.724375 0.66375 0.013125 0.025
0 0.74 0.6625 0.015 0.03875
1 0.905 0.686875 0.021875 0.10125
1 0.88375 0.686875 0.019375 0.09875
1 0.865625 0.688125 0.01625 0.093125
1 0.9825 0.650625 0.028125 0.054375