0 0.630625 0.374375 0.01625 0.01
0 0.630625 0.388125 0.01875 0.025
0 0.65 0.385 0.015 0.0225
0 0.661875 0.380625 0.009375 0.0225
0 0.6675 0.385 0.0125 0.030625
0 0.6875 0.38375 0.040625 0.066875
0 0.61625 0.38375 0.0125 0.025
0 0.61125 0.386875 0.0125 0.0225
0 0.5975 0.39 0.021875 0.033125
0 0.581875 0.386875 0.011875 0.018125
0 0.57875 0.39125 0.0125 0.0225
0 0.5725 0.394375 0.01 0.025
0 0.525625 0.400625 0.0175 0.0375
0 0.504375 0.4025 0.02375 0.041875
0 0.5525 0.399375 0.0425 0.05125
0 0.38375 0.414375 0.08875 0.10125
0 0.4525 0.41875 0.0875 0.0975
0 0.69625 0.395625 0.025625 0.06
0 0.7325 0.3875 0.0725 0.105625
1 0.883125 0.388125 0.02125 0.120625
1 0.860625 0.393125 0.02875 0.120625
1 0.64125 0.39125 0.02125 0.070625
1 0.988125 0.4 0.021875 0.235