1 0.238125 0.50875 0.035 0.1475
1 0.830625 0.549375 0.03 0.143125
1 0.595 0.529375 0.01625 0.0775
1 0.61625 0.5325 0.015 0.0775
1 0.46375 0.511875 0.0125 0.041875
1 0.41375 0.48375 0.01 0.035
0 0.35625 0.485625 0.0125 0.015
0 0.490625 0.523125 0.02875 0.056875
0 0.503125 0.525 0.02625 0.06125
0 0.30375 0.481875 0.02375 0.030625
0 0.36 0.506875 0.02625 0.04
0 0.39625 0.5075 0.025 0.035
0 0.43375 0.520625 0.0525 0.0775
0 0.525 0.529375 0.044375 0.075
0 0.06125 0.5275 0.10875 0.118125
0 0.319375 0.4775 0.011875 0.016875