1 0.49625 0.5425 0.01375 0.058125
1 0.463125 0.52625 0.01 0.033125
1 0.469375 0.563125 0.01375 0.0775
1 0.4025 0.54 0.01 0.05
1 0.385 0.56375 0.01875 0.0875
1 0.2625 0.61375 0.03625 0.21125
1 0.2375 0.70375 0.015625 0.020625
1 0.16375 0.515 0.01 0.0275
1 0.150625 0.519375 0.01375 0.044375
1 0.160625 0.650625 0.1075 0.33875
1 0.118125 0.673125 0.113125 0.32625
1 0.0975 0.608125 0.04625 0.229375
1 0.075625 0.6075 0.0275 0.216875
1 0.05625 0.63 0.07875 0.2725
1 0.911875 0.52625 0.0075 0.02375
1 0.90125 0.5325 0.013125 0.03625
1 0.886875 0.538125 0.01875 0.03875
1 0.874375 0.54125 0.01375 0.04
1 0.98625 0.505625 0.02 0.0625
1 0.781875 0.544375 0.01125 0.04
1 0.7625 0.54625 0.013125 0.044375
1 0.41125 0.56 0.0175 0.08875
1 0.356875 0.614375 0.053125 0.230625
1 0.43875 0.655625 0.06125 0.341875
1 0.570625 0.564375 0.0225 0.0775
1 0.74625 0.5625 0.018125 0.0975
0 0.106875 0.5725 0.106875 0.120625
0 0.274375 0.55625 0.16375 0.116875
0 0.630625 0.54125 0.01375 0.030625
0 0.614375 0.54 0.01375 0.03625
0 0.67375 0.54375 0.0175 0.0275
0 0.686875 0.5475 0.0175 0.043125
0 0.693125 0.550625 0.02 0.043125
0 0.706875 0.550625 0.031875 0.0525
0 0.59 0.544375 0.03375 0.055625
0 0.71625 0.5575 0.04 0.06375
0 0.64875 0.54375 0.028125 0.05
0 0.91625 0.581875 0.1675 0.108125