1 0.464375 0.59375 0.0125 0.043125
1 0.3625 0.595625 0.0175 0.07625
1 0.314375 0.6075 0.01625 0.081875
1 0.285625 0.601875 0.009375 0.070625
0 0.85875 0.61625 0.0275 0.043125
0 0.688125 0.59375 0.0175 0.019375
0 0.729375 0.6125 0.036875 0.0475
0 0.76375 0.60875 0.0325 0.04
2 0.613125 0.585625 0.040625 0.079375
0 0.573125 0.601875 0.02875 0.0475
0 0.63875 0.6425 0.078125 0.11
0 0.97 0.6775 0.05625 0.141875
0 0.535625 0.5925 0.038125 0.0275
0 0.48875 0.58875 0.015 0.020625
0 0.46625 0.585625 0.02625 0.0275
1 0.34125 0.595625 0.0175 0.080625