0 0.340625 0.4225 0.01 0.018125
0 0.326875 0.426875 0.01 0.0125
0 0.358125 0.4375 0.013125 0.0125
0 0.374375 0.4275 0.0125 0.01125
0 0.38625 0.449375 0.01875 0.0375
0 0.3 0.4525 0.019375 0.035
0 0.24625 0.445 0.08375 0.058125
0 0.1975 0.4525 0.025625 0.043125
0 0.325625 0.4625 0.036875 0.0625
0 0.3575 0.47125 0.06125 0.085
0 0.41625 0.4675 0.034375 0.054375
0 0.491875 0.456875 0.0325 0.03875
0 0.56 0.533125 0.1075 0.183125
0 0.459375 0.533125 0.146875 0.218125
0 0.143125 0.4675 0.049375 0.0725
0 0.090625 0.468125 0.075625 0.1
0 0.04 0.47375 0.08 0.1275
0 0.248125 0.595625 0.21375 0.268125
0 0.0175 0.724375 0.035 0.12375
1 0.70875 0.479375 0.030625 0.069375
1 0.678125 0.47125 0.01875 0.058125