1 0.161875 0.3975 0.01125 0.03875
1 0.15375 0.3975 0.011875 0.044375
1 0.1425 0.435625 0.01375 0.119375
1 0.1225 0.405625 0.015625 0.070625
1 0.098125 0.41125 0.02 0.1
1 0.06625 0.40375 0.0225 0.106875
1 0.0475 0.401875 0.018125 0.093125
1 0.019375 0.39 0.02625 0.10125
1 0.46 0.466875 0.005 0.02375
1 0.46875 0.46625 0.005625 0.025
1 0.48625 0.46875 0.006875 0.0275
1 0.49625 0.47125 0.006875 0.033125
0 0.269375 0.465 0.275625 0.34
2 0.42875 0.435 0.065625 0.131875
0 0.51375 0.4875 0.0275 0.075
0 0.66375 0.52125 0.325 0.366875
0 0.935 0.575625 0.12875 0.21
1 0.829375 0.55 0.0125 0.1