0 0.490625 0.59875 0.288125 0.519375
1 0.1175 0.500625 0.035 0.08625
1 0.0875 0.47125 0.01375 0.065
1 0.074375 0.46 0.02 0.083125
1 0.0675 0.4775 0.0275 0.1
1 0.34375 0.461875 0.011875 0.058125
1 0.333125 0.458125 0.009375 0.066875
1 0.3225 0.4575 0.013125 0.05
1 0.299375 0.44875 0.0125 0.041875
1 0.2825 0.4625 0.0125 0.044375
1 0.245625 0.460625 0.0125 0.0475
1 0.2325 0.46 0.018125 0.06125
1 0.225625 0.466875 0.015 0.044375
1 0.215 0.46875 0.0125 0.05
1 0.625625 0.450625 0.011875 0.05125
1 0.66 0.45875 0.01625 0.069375
1 0.681875 0.439375 0.015625 0.03625
1 0.865625 0.46625 0.025 0.1025
1 0.79 0.4725 0.02125 0.1
1 0.775 0.4675 0.015625 0.075