1 0.4525 0.47625 0.0125 0.06375
1 0.216875 0.47 0.01125 0.030625
1 0.163125 0.494375 0.0125 0.0725
1 0.15375 0.4875 0.015625 0.0625
1 0.1375 0.49125 0.019375 0.079375
1 0.124375 0.489375 0.011875 0.070625
1 0.11375 0.494375 0.0175 0.07625
1 0.10375 0.491875 0.011875 0.0775
1 0.04625 0.535 0.028125 0.119375
1 0.025625 0.494375 0.015625 0.09
1 0.011875 0.494375 0.0125 0.093125
1 0.961875 0.5275 0.025 0.175
1 0.944375 0.53125 0.04875 0.19875
1 0.91625 0.510625 0.028125 0.158125
1 0.8425 0.469375 0.015625 0.075
1 0.818125 0.495 0.035 0.12375
1 0.74375 0.4875 0.013125 0.093125
1 0.763125 0.46375 0.01125 0.0475
1 0.65125 0.476875 0.015625 0.079375
1 0.628125 0.485625 0.01125 0.069375
1 0.61625 0.47375 0.011875 0.058125
1 0.60125 0.481875 0.009375 0.0725
1 0.59 0.468125 0.009375 0.041875
1 0.576875 0.469375 0.011875 0.0475
1 0.56625 0.47375 0.006875 0.0375
1 0.55375 0.47375 0.011875 0.030625
0 0.49 0.48875 0.05625 0.0975
0 0.430625 0.48 0.0275 0.04
0 0.39125 0.4825 0.05125 0.09875
0 0.270625 0.51875 0.1625 0.1975
0 0.025625 0.735625 0.05125 0.381875