1 0.218125 0.46 0.01625 0.0375
1 0.1775 0.470625 0.01875 0.054375
1 0.7675 0.4425 0.024375 0.043125
1 0.80125 0.444375 0.03125 0.065
1 0.80125 0.45625 0.02 0.04875
1 0.93625 0.488125 0.02375 0.14
1 0.899375 0.5225 0.06 0.2775
1 0.00875 0.46125 0.009375 0.031875
1 0.01375 0.514375 0.025 0.12625
1 0.0275 0.518125 0.02 0.12375
1 0.355 0.625625 0.1 0.485
1 0.874375 0.65625 0.155625 0.480625
1 0.499375 0.498125 0.036875 0.131875
2 0.246875 0.433125 0.053125 0.0775
2 0.140625 0.4375 0.169375 0.205625
2 0.4925 0.444375 0.02375 0.068125
2 0.510625 0.4325 0.025 0.104375
2 0.569375 0.43875 0.10625 0.17625
0 0.471875 0.460625 0.024375 0.041875
0 0.295 0.5225 0.37625 0.295625
0 0.716875 0.525625 0.236875 0.144375