0 0.485 0.585 0.00875 0.020625
0 0.518125 0.595625 0.0175 0.04
0 0.3825 0.58375 0.011875 0.01375
0 0.36125 0.57625 0.0225 0.02375
0 0.338125 0.57375 0.028125 0.029375
2 0.471875 0.583125 0.019375 0.043125
2 0.274375 0.541875 0.075625 0.10125
2 0.134375 0.538125 0.09 0.070625
0 0.56625 0.60125 0.046875 0.066875
0 0.633125 0.624375 0.085 0.095625
0 0.49875 0.60375 0.036875 0.06
0 0.443125 0.6075 0.050625 0.075
0 0.241875 0.573125 0.044375 0.030625
0 0.140625 0.58875 0.07625 0.030625
0 0.079375 0.576875 0.090625 0.04