1 0.930625 0.39625 0.025 0.13625
1 0.918125 0.425625 0.0275 0.1475
1 0.9075 0.36625 0.011875 0.0275
1 0.8975 0.3825 0.0175 0.06125
1 0.886875 0.393125 0.015 0.10125
1 0.86375 0.39875 0.01875 0.1125
1 0.851875 0.420625 0.02375 0.13875
1 0.81375 0.416875 0.02875 0.105625
1 0.790625 0.4225 0.03625 0.16375
1 0.97875 0.42375 0.03625 0.19
1 0.7525 0.410625 0.0225 0.09875
1 0.704375 0.394375 0.02125 0.075
1 0.769375 0.401875 0.015 0.08625
1 0.68125 0.418125 0.018125 0.12375
1 0.688125 0.379375 0.009375 0.02625
1 0.67 0.39125 0.015625 0.044375
1 0.635 0.385 0.011875 0.0275
1 0.621875 0.3875 0.009375 0.033125
0 0.24875 0.4425 0.09 0.2
0 0.42125 0.44125 0.28375 0.46
0 0.095 0.37125 0.030625 0.02625