1 0.700625 0.623125 0.019375 0.06375
0 0.51 0.61 0.013125 0.041875
0 0.519375 0.613125 0.01625 0.044375
0 0.418125 0.600625 0.009375 0.019375
0 0.413125 0.604375 0.0125 0.0225
0 0.405 0.608125 0.009375 0.02375
0 0.399375 0.6125 0.011875 0.02625
0 0.393125 0.611875 0.011875 0.030625
0 0.38375 0.6125 0.0175 0.04
0 0.37 0.61 0.0225 0.055625
0 0.336875 0.6125 0.0625 0.081875
0 0.100625 0.69375 0.200625 0.258125
0 0.458125 0.626875 0.0625 0.083125
0 0.96375 0.67375 0.068125 0.119375
0 0.823125 0.69875 0.28375 0.280625
1 0.65375 0.63375 0.0175 0.085