0 0.516875 0.49625 0.009375 0.01375
0 0.51125 0.49875 0.006875 0.019375
0 0.505 0.499375 0.01125 0.020625
0 0.49875 0.5025 0.01125 0.016875
0 0.4725 0.50125 0.04125 0.041875
0 0.533125 0.50375 0.015625 0.031875
0 0.55125 0.519375 0.04875 0.06375
0 0.5975 0.56125 0.100625 0.144375
0 0.385 0.5275 0.055625 0.07625
0 0.35375 0.541875 0.06 0.08625
0 0.299375 0.5525 0.096875 0.104375
0 0.193125 0.581875 0.1575 0.16375
0 0.0775 0.649375 0.155 0.29125
2 0.395625 0.504375 0.0725 0.105625
1 0.839375 0.558125 0.0425 0.11