1 0.31875 0.48875 0.02125 0.0975
1 0.37125 0.46875 0.01125 0.0475
1 0.351875 0.47125 0.011875 0.058125
1 0.388125 0.4675 0.0075 0.04
1 0.95125 0.435 0.0275 0.14875
1 0.063125 0.505 0.028125 0.091875
1 0.040625 0.508125 0.01625 0.095625
1 0.911875 0.429375 0.01875 0.105625
1 0.968125 0.438125 0.019375 0.13875
1 0.985625 0.43375 0.019375 0.133125
1 0.99125 0.39125 0.013125 0.056875
1 0.33625 0.4825 0.013125 0.095625
0 0.780625 0.46375 0.2275 0.32375
0 0.530625 0.46875 0.099375 0.193125
0 0.63625 0.450625 0.096875 0.145625
0 0.5825 0.454375 0.024375 0.04875
0 0.570625 0.436875 0.015 0.020625
0 0.47625 0.455 0.0125 0.0225