0 0.031875 0.37875 0.06375 0.06375
0 0.39625 0.383125 0.035 0.0525
0 0.355625 0.383125 0.044375 0.044375
0 0.281875 0.3925 0.03125 0.044375
0 0.245625 0.39125 0.055625 0.0475
0 0.4675 0.3825 0.01375 0.016875
0 0.48375 0.3825 0.015625 0.020625
0 0.5025 0.385 0.021875 0.025
0 0.52875 0.39125 0.02625 0.029375
1 0.8925 0.40125 0.0425 0.170625
1 0.860625 0.394375 0.031875 0.135
0 0.789375 0.385 0.0875 0.07625
0 0.88625 0.3925 0.163125 0.116875
0 0.965 0.58 0.069375 0.215
0 0.63875 0.38875 0.03625 0.043125
0 0.68625 0.386875 0.044375 0.03875