0 0.425 0.499375 0.0125 0.018125
0 0.4075 0.5 0.0125 0.01375
0 0.39125 0.499375 0.01625 0.025
0 0.3775 0.501875 0.015625 0.0275
0 0.360625 0.5 0.025 0.0375
0 0.345 0.501875 0.02375 0.045625
0 0.32625 0.50375 0.025625 0.05
0 0.306875 0.518125 0.0225 0.056875
0 0.25625 0.523125 0.084375 0.118125
0 0.1575 0.54625 0.14875 0.15
0 0.455625 0.500625 0.015 0.02625
0 0.465 0.501875 0.01875 0.02625
0 0.474375 0.50125 0.01875 0.033125
0 0.4925 0.504375 0.03 0.043125
0 0.50125 0.50875 0.02375 0.05125
0 0.5075 0.51625 0.02375 0.0525
0 0.549375 0.533125 0.07625 0.106875
0 0.599375 0.55 0.1025 0.1225
0 0.70125 0.585 0.19875 0.208125
0 0.050625 0.551875 0.100625 0.269375
0 0.88875 0.650625 0.22 0.36125
1 0.880625 0.475 0.02 0.0475
1 0.940625 0.46125 0.018125 0.031875