1 0.158125 0.570625 0.015625 0.068125
1 0.12125 0.57375 0.015625 0.091875
1 0.095 0.5675 0.015625 0.075
1 0.56125 0.558125 0.019375 0.09875
1 0.54875 0.53 0.015625 0.055625
1 0.519375 0.539375 0.011875 0.033125
0 0.27125 0.53 0.019375 0.02375
0 0.26375 0.543125 0.02125 0.04
0 0.245 0.5675 0.040625 0.093125
0 0.42875 0.541875 0.01875 0.033125
0 0.205 0.57375 0.07875 0.10125
0 0.46875 0.55125 0.04875 0.075
0 0.344375 0.589375 0.163125 0.23625
0 0.793125 0.61 0.4125 0.4975
0 0.9875 0.810625 0.02375 0.26
1 0.05125 0.580625 0.013125 0.081875
1 0.04125 0.575625 0.013125 0.091875
1 0.00375 0.599375 0.0075 0.10125