0 0.030625 0.150625 0.038125 0.016875
0 0.12625 0.17 0.015625 0.01375
0 0.241875 0.1975 0.02375 0.01375
0 0.188125 0.18625 0.009375 0.0125
0 0.41625 0.2175 0.013125 0.0125
0 0.4325 0.220625 0.01125 0.0125
0 0.439375 0.23 0.0075 0.019375
0 0.44625 0.23375 0.005 0.016875
0 0.455625 0.236875 0.00875 0.0225
0 0.466875 0.24 0.005625 0.0225
0 0.478125 0.23875 0.00875 0.0275
2 0.4975 0.2275 0.02875 0.04
0 0.52125 0.2425 0.01625 0.01375
0 0.54375 0.238125 0.025 0.019375
0 0.22125 0.27625 0.013125 0.0225
0 0.128125 0.308125 0.028125 0.0275
0 0.176875 0.308125 0.02 0.01375
0 0.2225 0.315 0.025 0.0275
0 0.41125 0.30375 0.01125 0.016875
0 0.39 0.28875 0.011875 0.015
0 0.368125 0.286875 0.006875 0.015
0 0.37625 0.300625 0.00875 0.015
0 0.321875 0.275625 0.0075 0.01
0 0.31375 0.28 0.0075 0.0125
0 0.316875 0.293125 0.011875 0.016875
0 0.28125 0.319375 0.02625 0.033125
0 0.376875 0.32625 0.028125 0.043125
0 0.41125 0.32625 0.0225 0.033125
2 0.329375 0.34875 0.07 0.0975
2 0.37625 0.279375 0.01125 0.020625
0 0.33875 0.27375 0.00375 0.018125
0 0.3475 0.276875 0.0075 0.01375