1 0.18875 0.544375 0.05375 0.15125
1 0.23375 0.545625 0.075625 0.14875
1 0.32875 0.543125 0.028125 0.0775
1 0.29875 0.54875 0.02375 0.058125
1 0.27625 0.545625 0.02375 0.0625
1 0.38 0.54875 0.018125 0.045625
1 0.3575 0.554375 0.01625 0.033125
1 0.418125 0.56375 0.00875 0.015
1 0.5225 0.598125 0.043125 0.13625
1 0.530625 0.5975 0.05625 0.1375
1 0.579375 0.6275 0.015625 0.081875
1 0.66625 0.6775 0.06125 0.31125
1 0.59875 0.62375 0.015625 0.11125
0 0.751875 0.614375 0.03625 0.041875
0 0.728125 0.61875 0.01125 0.030625
0 0.71625 0.6075 0.015 0.025
0 0.70625 0.605625 0.011875 0.029375
0 0.3025 0.776875 0.59375 0.420625
0 0.85 0.71375 0.293125 0.5625