0 0.33875 0.65375 0.046875 0.058125
0 0.3775 0.649375 0.044375 0.058125
0 0.480625 0.63125 0.028125 0.055625
0 0.520625 0.616875 0.024375 0.043125
0 0.5425 0.6225 0.01875 0.029375
0 0.5625 0.62875 0.01875 0.033125
0 0.631875 0.610625 0.02625 0.03875
0 0.599375 0.675625 0.0825 0.120625
0 0.745 0.675625 0.11 0.15
1 0.43375 0.63875 0.02125 0.079375
0 0.440625 0.624375 0.06125 0.0875
0 0.9325 0.681875 0.11625 0.12375
0 0.981875 0.715 0.034375 0.10125
1 0.8275 0.638125 0.018125 0.068125
2 0.678125 0.618125 0.056875 0.106875