0 0.37875 0.475625 0.01375 0.0125
0 0.366875 0.47625 0.011875 0.015
0 0.3525 0.48 0.009375 0.0125
2 0.34125 0.48125 0.01625 0.031875
0 0.32875 0.489375 0.00875 0.02375
0 0.3225 0.4975 0.011875 0.020625
0 0.311875 0.50375 0.013125 0.025
0 0.3 0.519375 0.0225 0.031875
0 0.27125 0.52125 0.018125 0.031875
0 0.2625 0.5275 0.021875 0.03625
0 0.24625 0.53375 0.025 0.044375
0 0.02875 0.563125 0.056875 0.13625
2 0.140625 0.50125 0.18625 0.25125
0 0.400625 0.474375 0.02625 0.01125
0 0.415 0.48125 0.018125 0.015
0 0.424375 0.494375 0.03625 0.029375
0 0.44 0.51 0.01625 0.0475
2 0.488125 0.50125 0.086875 0.1025
0 0.385 0.526875 0.05875 0.0725
0 0.521875 0.50125 0.094375 0.07625
0 0.516875 0.5275 0.074375 0.091875
0 0.549375 0.531875 0.0475 0.095625
0 0.5925 0.533125 0.0675 0.1275
0 0.7075 0.541875 0.205625 0.204375
0 0.8625 0.583125 0.274375 0.283125
0 0.989375 0.666875 0.019375 0.22375