1 0.32 0.51625 0.02875 0.130625
1 0.36625 0.49125 0.018125 0.09
1 0.205 0.520625 0.034375 0.13625
1 0.381875 0.491875 0.013125 0.0775
1 0.345 0.49125 0.01625 0.094375
1 0.15875 0.526875 0.03125 0.13875
1 0.051875 0.5525 0.02875 0.204375
1 0.0075 0.4725 0.013125 0.043125
1 0.028125 0.475 0.021875 0.0625
1 0.281875 0.483125 0.015 0.045625
0 0.47625 0.491875 0.109375 0.0775
0 0.724375 0.585 0.35 0.54
0 0.926875 0.601875 0.144375 0.419375
1 0.07375 0.50625 0.0125 0.106875
0 0.155 0.52 0.131875 0.07375