0 0.011875 0.5975 0.01875 0.13875
0 0.105 0.53625 0.16125 0.191875
0 0.541875 0.49375 0.07375 0.10125
0 0.233125 0.511875 0.09875 0.119375
0 0.036875 0.55375 0.065 0.12375
2 0.18125 0.43 0.144375 0.129375
0 0.38375 0.489375 0.018125 0.03625
0 0.4 0.488125 0.015 0.03875
0 0.415625 0.486875 0.01625 0.02625
0 0.43 0.480625 0.015 0.033125
0 0.445625 0.480625 0.013125 0.03875
0 0.4575 0.475 0.01125 0.02625
1 0.65875 0.455 0.009375 0.0525
1 0.670625 0.4625 0.009375 0.0625
1 0.685 0.46375 0.01625 0.055625
1 0.704375 0.441875 0.01125 0.041875
1 0.889375 0.45125 0.02375 0.133125
1 0.9125 0.44625 0.025625 0.11
0 0.474375 0.4725 0.0125 0.015
0 0.48625 0.46625 0.01 0.020625