0 0.250625 0.491875 0.0175 0.0225
0 0.354375 0.488125 0.006875 0.033125
0 0.340625 0.4925 0.024375 0.0275
0 0.426875 0.48375 0.009375 0.02375
0 0.500625 0.485625 0.01875 0.035
2 0.755 0.49875 0.138125 0.195625
0 0.51625 0.49875 0.030625 0.03625
0 0.443125 0.48875 0.0175 0.0275
0 0.47125 0.49625 0.03625 0.054375
0 0.415 0.491875 0.02 0.029375
0 0.893125 0.5475 0.2125 0.22375
0 0.9625 0.795 0.07375 0.4
1 0.20375 0.48875 0.0075 0.055625
1 0.030625 0.506875 0.0125 0.0475
1 0.02 0.51 0.0125 0.05125
1 0.013125 0.50125 0.01125 0.044375