1 0.635 0.386875 0.01125 0.033125
1 0.624375 0.3925 0.01 0.030625
1 0.601875 0.38875 0.00625 0.02375
1 0.59625 0.3925 0.009375 0.030625
1 0.58375 0.391875 0.01 0.025
1 0.57625 0.3925 0.011875 0.033125
0 0.540625 0.414375 0.065 0.05
0 0.34375 0.395 0.025 0.043125
0 0.311875 0.418125 0.056875 0.1275
0 0.39875 0.413125 0.121875 0.1525
0 0.243125 0.373125 0.05875 0.02375
0 0.110625 0.394375 0.088125 0.09
0 0.138125 0.429375 0.05875 0.093125
0 0.0875 0.579375 0.174375 0.4275
0 0.71375 0.504375 0.25125 0.269375
0 0.871875 0.58625 0.25625 0.45125
0 0.458125 0.6175 0.3375 0.433125
0 0.2275 0.475 0.1725 0.205625