2 0.8175 0.4975 0.36125 0.994375
0 0.6425 0.575625 0.05625 0.13625
0 0.6075 0.56875 0.05125 0.10125
0 0.434375 0.525 0.011875 0.018125
0 0.449375 0.523125 0.018125 0.01375
0 0.43875 0.544375 0.024375 0.044375
0 0.37625 0.535 0.021875 0.04
0 0.360625 0.545 0.024375 0.043125
0 0.33375 0.549375 0.040625 0.0625
0 0.18875 0.573125 0.08125 0.0875
0 0.040625 0.539375 0.056875 0.06125
0 0.010625 0.564375 0.02125 0.05
0 0.2725 0.54875 0.0925 0.1275
0 0.47125 0.560625 0.05375 0.081875
0 0.499375 0.535625 0.02375 0.03625
1 0.135 0.545 0.01 0.03875