0 0.10375 0.47625 0.025625 0.044375
0 0.569375 0.48125 0.061875 0.031875
0 0.521875 0.48125 0.043125 0.031875
1 0.780625 0.541875 0.02375 0.166875
1 0.750625 0.5425 0.030625 0.169375
0 0.34125 0.461875 0.01625 0.030625
0 0.3225 0.46875 0.021875 0.035
0 0.9425 0.485 0.025625 0.0375
0 0.915 0.485 0.03375 0.044375
0 0.88125 0.4825 0.04375 0.0525
0 0.82375 0.475 0.035 0.0475
0 0.05375 0.47875 0.03875 0.0525
0 0.019375 0.473125 0.038125 0.0475
2 0.21 0.525 0.194375 0.21
0 0.42625 0.57625 0.156875 0.21125