0 0.0325 0.42875 0.065 0.065
0 0.069375 0.424375 0.0225 0.04875
0 0.139375 0.41 0.03625 0.029375
0 0.18375 0.416875 0.024375 0.04
0 0.2075 0.41875 0.03375 0.044375
0 0.315625 0.413125 0.015625 0.03625
0 0.404375 0.413125 0.0225 0.03625
2 0.459375 0.394375 0.0425 0.029375
0 0.33375 0.42 0.021875 0.05
0 0.276875 0.425625 0.06875 0.091875
0 0.369375 0.419375 0.05625 0.079375
0 0.4525 0.47375 0.1 0.14
0 0.948125 0.4275 0.055 0.093125
0 0.49 0.41 0.0125 0.025
0 0.52875 0.415 0.021875 0.025
1 0.23 0.425625 0.009375 0.054375
0 0.1575 0.423125 0.04125 0.041875