0 0.06625 0.56875 0.130625 0.19875
0 0.05375 0.491875 0.1075 0.083125
0 0.096875 0.494375 0.035 0.054375
0 0.15875 0.50375 0.100625 0.115
0 0.2525 0.505625 0.13125 0.135
0 0.300625 0.448125 0.024375 0.01375
0 0.313125 0.461875 0.02375 0.03875
0 0.355 0.48375 0.081875 0.09
0 0.415625 0.47 0.056875 0.07375
0 0.45125 0.465 0.0425 0.058125
2 0.463125 0.445 0.03875 0.0775
2 0.43375 0.42875 0.0225 0.030625
0 0.486875 0.45875 0.01 0.03625
0 0.73375 0.420625 0.0375 0.0275
0 0.75125 0.42 0.045 0.033125
0 0.788125 0.410625 0.063125 0.041875
0 0.756875 0.46625 0.07875 0.075
0 0.861875 0.4675 0.244375 0.0875
0 0.91375 0.39375 0.031875 0.018125
0 0.888125 0.42125 0.081875 0.05125
0 0.955625 0.419375 0.086875 0.080625
0 0.96125 0.438125 0.075 0.069375
2 0.02875 0.40125 0.056875 0.129375
2 0.283125 0.43 0.050625 0.031875