1 0.294375 0.38125 0.02375 0.116875
1 0.233125 0.38875 0.02625 0.135
1 0.145 0.41 0.0325 0.141875
1 0.20375 0.395625 0.030625 0.145625
1 0.195625 0.3925 0.0175 0.120625
1 0.08375 0.38875 0.02375 0.1
1 0.03625 0.43875 0.063125 0.2775
1 0.27375 0.355 0.013125 0.033125
0 0.596875 0.3425 0.0425 0.065
0 0.615 0.35 0.0425 0.06375
0 0.630625 0.354375 0.030625 0.058125
0 0.664375 0.349375 0.06375 0.093125
0 0.70375 0.360625 0.074375 0.085
0 0.74125 0.35 0.019375 0.0475
0 0.753125 0.35375 0.02375 0.068125
0 0.853125 0.34375 0.05 0.0725
0 0.7925 0.3575 0.0775 0.093125
0 0.451875 0.3925 0.255625 0.1875
2 0.494375 0.279375 0.07875 0.054375
0 0.965625 0.255625 0.06625 0.0375
0 0.924375 0.33625 0.150625 0.1375