2 0.635 0.526875 0.15375 0.16875
0 0.883125 0.505625 0.018125 0.00625
0 0.865 0.510625 0.018125 0.02125
0 0.786875 0.723125 0.33875 0.41375
2 0.769375 0.50125 0.05125 0.0275
2 0.798125 0.489375 0.036875 0.01125
0 0.83 0.515625 0.103125 0.05625
0 0.73875 0.515625 0.040625 0.00875
1 0.929375 0.530625 0.0225 0.09125
1 0.913125 0.506875 0.00625 0.01125
1 0.953125 0.518125 0.0175 0.05125
1 0.88875 0.506875 0.005 0.01625
1 0.9075 0.5075 0.005 0.02
1 0.744375 0.503125 0.005 0.01375
1 0.905 0.506875 0.00375 0.01625
1 0.52375 0.529375 0.019375 0.08625
1 0.8975 0.506875 0.005 0.01875