2 0.21484375 0.55546875 0.4296875 0.64609375
0 0.8171875 0.51328125 0.025 0.0109375
0 0.8 0.51484375 0.0078125 0.0171875
0 0.7515625 0.6171875 0.16796875 0.20390625
2 0.7 0.509375 0.0578125 0.0359375
2 0.72890625 0.5015625 0.0375 0.02734375
0 0.77578125 0.52421875 0.078125 0.0484375
0 0.67109375 0.54140625 0.0578125 0.05
1 0.60390625 0.5296875 0.01875 0.0734375
1 0.86171875 0.5328125 0.01875 0.07890625
1 0.8359375 0.51328125 0.00390625 0.02109375
1 0.8875 0.52421875 0.01796875 0.05390625
1 0.515625 0.53125 0.0203125 0.075
1 0.98359375 0.54140625 0.03125 0.1078125
1 0.82734375 0.5125 0.0046875 0.0171875
1 0.8265625 0.51328125 0.0046875 0.01875