2 0.634375 0.5265625 0.15390625 0.16875
0 0.8828125 0.50546875 0.01796875 0.00625
0 0.865625 0.5109375 0.01796875 0.02109375
0 0.78671875 0.7234375 0.3390625 0.4140625
2 0.76953125 0.5015625 0.0515625 0.02734375
2 0.7984375 0.4890625 0.03671875 0.0109375
0 0.8296875 0.515625 0.103125 0.05625
0 0.7390625 0.515625 0.040625 0.00859375
1 0.9296875 0.53046875 0.02265625 0.09140625
1 0.91328125 0.50703125 0.00625 0.0109375
1 0.953125 0.51796875 0.0171875 0.0515625
1 0.8890625 0.50703125 0.0046875 0.01640625
1 0.9078125 0.5078125 0.0046875 0.0203125
1 0.74453125 0.503125 0.0046875 0.0140625
1 0.9046875 0.50703125 0.00390625 0.01640625
1 0.5234375 0.5296875 0.01953125 0.0859375
1 0.89765625 0.50703125 0.0046875 0.01875