2 0.67125 0.51375 0.125 0.135
0 0.881875 0.496875 0.009375 0.00625
0 0.8775 0.50125 0.0125 0.01
0 0.86375 0.50375 0.02125 0.0225
0 0.786875 0.71625 0.3425 0.415
2 0.7725 0.4925 0.04625 0.0225
2 0.8 0.481875 0.03625 0.00875
0 0.82125 0.503125 0.11625 0.05125
0 0.74875 0.506875 0.03 0.00625
1 0.92875 0.52375 0.02875 0.095
1 0.913125 0.499375 0.00625 0.01875
1 0.95375 0.51 0.0175 0.05
1 0.90875 0.5 0.005 0.02
1 0.74625 0.495625 0.0075 0.01375
1 0.751875 0.49375 0.00375 0.01
1 0.51125 0.524375 0.02375 0.08875
1 0.89875 0.499375 0.005 0.01875