2 0.67109375 0.5140625 0.125 0.13515625
0 0.88203125 0.496875 0.009375 0.00625
0 0.87734375 0.5015625 0.0125 0.01015625
0 0.8640625 0.50390625 0.02109375 0.02265625
0 0.78671875 0.71640625 0.3421875 0.41484375
2 0.771875 0.4921875 0.04609375 0.02265625
2 0.8 0.48203125 0.0359375 0.00859375
0 0.821875 0.503125 0.11640625 0.0515625
0 0.7484375 0.50703125 0.0296875 0.00625
1 0.928125 0.5234375 0.02890625 0.0953125
1 0.91328125 0.49921875 0.00625 0.01875
1 0.95390625 0.51015625 0.0171875 0.05
1 0.90859375 0.5 0.0046875 0.0203125
1 0.74609375 0.4953125 0.0078125 0.0140625
1 0.7515625 0.49375 0.00390625 0.01015625
1 0.5109375 0.52421875 0.0234375 0.0890625
1 0.8984375 0.49921875 0.0046875 0.01875