2 0.45125 0.559375 0.335 0.33375
0 0.875625 0.505625 0.01125 0.00625
0 0.891875 0.509375 0.018125 0.01125
0 0.86375 0.51125 0.015 0.02
0 0.7975 0.641875 0.218125 0.25875
2 0.75875 0.500625 0.06 0.02875
2 0.790625 0.495625 0.03875 0.02375
0 0.83375 0.526875 0.09 0.07375
0 0.7225 0.5375 0.05625 0.05
1 0.6475 0.52375 0.013125 0.07
1 0.9325 0.53 0.0225 0.0825
1 0.91 0.508125 0.00625 0.01125
1 0.9575 0.520625 0.0175 0.05375
1 0.905 0.50875 0.005 0.02
1 0.89625 0.508125 0.005625 0.01875
1 0.895625 0.508125 0.005625 0.01875