2 0.4515625 0.559375 0.33515625 0.33359375
0 0.87578125 0.50546875 0.0109375 0.00625
0 0.8921875 0.509375 0.01796875 0.0109375
0 0.8640625 0.5109375 0.01484375 0.0203125
0 0.796875 0.6421875 0.21796875 0.25859375
2 0.759375 0.50078125 0.06015625 0.02890625
2 0.790625 0.4953125 0.0390625 0.0234375
0 0.834375 0.5265625 0.08984375 0.0734375
0 0.72265625 0.5375 0.05625 0.05
1 0.646875 0.5234375 0.01328125 0.0703125
1 0.9328125 0.5296875 0.02265625 0.0828125
1 0.91015625 0.5078125 0.00625 0.0109375
1 0.9578125 0.5203125 0.0171875 0.05390625
1 0.9046875 0.50859375 0.0046875 0.0203125
1 0.896875 0.5078125 0.00546875 0.01875
1 0.8953125 0.5078125 0.00546875 0.01875