1 0.23375 0.42 0.01125 0.056875
1 0.215 0.42 0.013125 0.0525
1 0.175 0.423125 0.013125 0.06
1 0.299375 0.42 0.00875 0.031875
1 0.2925 0.416875 0.01125 0.03875
0 0.47 0.40875 0.01875 0.0275
0 0.450625 0.410625 0.01875 0.029375
0 0.395625 0.41625 0.021875 0.0275
0 0.331875 0.4025 0.05375 0.083125
1 0.50875 0.400625 0.01125 0.044375
1 0.54 0.4025 0.00875 0.031875
1 0.623125 0.394375 0.009375 0.06125
1 0.60375 0.39125 0.011875 0.05125
1 0.70125 0.388125 0.034375 0.095625
1 0.645 0.39875 0.025 0.108125