0 0.60375 0.408125 0.01 0.018125
0 0.595625 0.406875 0.01 0.02375
0 0.591875 0.410625 0.009375 0.02375
0 0.585 0.405625 0.013125 0.033125
0 0.5775 0.408125 0.013125 0.035
0 0.568125 0.41 0.01375 0.0375
0 0.555 0.406875 0.02125 0.04
0 0.513125 0.406875 0.0125 0.02375
0 0.484375 0.416875 0.056875 0.079375
0 0.3975 0.44 0.0775 0.09875
0 0.66 0.408125 0.00875 0.019375
0 0.6675 0.411875 0.01 0.02625
0 0.67375 0.416875 0.011875 0.031875
0 0.684375 0.4175 0.02125 0.0375
0 0.69125 0.426875 0.025625 0.03875
0 0.72875 0.44375 0.055625 0.0875
0 0.53625 0.43 0.055 0.0775
0 0.2975 0.455 0.156875 0.13625
1 0.18875 0.42375 0.0375 0.14875
1 0.791875 0.43875 0.011875 0.0625
1 0.77875 0.44 0.01375 0.065
1 0.82125 0.486875 0.0425 0.18625
0 0.91125 0.536875 0.175625 0.233125