0 0.618125 0.198125 0.1725 0.23625
0 0.47 0.150625 0.030625 0.041875
0 0.436875 0.144375 0.019375 0.029375
0 0.399375 0.149375 0.02375 0.04875
0 0.42 0.144375 0.0075 0.0225
0 0.50375 0.1475 0.03125 0.020625
0 0.0075 0.148125 0.015 0.043125
0 0.0325 0.144375 0.024375 0.033125
2 0.074375 0.129375 0.050625 0.068125
0 0.09625 0.1475 0.025 0.030625
0 0.138125 0.1425 0.01625 0.02375
0 0.1175 0.1475 0.01875 0.02375
0 0.15375 0.14125 0.02125 0.02625
0 0.179375 0.14125 0.0275 0.019375
0 0.201875 0.13875 0.0175 0.0275
0 0.2275 0.1425 0.0225 0.016875
2 0.258125 0.1325 0.019375 0.03625
0 0.28 0.14 0.01875 0.016875
0 0.381875 0.13875 0.00875 0.01375
0 0.954375 0.1525 0.071875 0.041875
0 0.8225 0.154375 0.028125 0.02375
0 0.7725 0.149375 0.04 0.035