0 0.5425 0.40375 0.011875 0.016875
0 0.54875 0.401875 0.015 0.016875
0 0.55625 0.4 0.00875 0.030625
0 0.5675 0.4025 0.02375 0.04
0 0.58 0.405 0.019375 0.043125
0 0.48625 0.40125 0.00875 0.008125
0 0.47375 0.395625 0.011875 0.0125
0 0.463125 0.395625 0.009375 0.0125
0 0.45125 0.4 0.0075 0.016875
0 0.428125 0.401875 0.011875 0.016875
2 0.413125 0.3925 0.019375 0.033125
0 0.41125 0.4 0.015 0.020625
0 0.39375 0.398125 0.0175 0.029375
0 0.381875 0.39625 0.015625 0.02375
0 0.34 0.399375 0.02375 0.02625
0 0.29875 0.398125 0.04625 0.04
0 0.281875 0.40125 0.01875 0.04
0 0.205 0.415 0.055625 0.085
0 0.184375 0.393125 0.02375 0.020625
0 0.145 0.41625 0.0625 0.055625
0 0.1175 0.4025 0.03625 0.054375
0 0.324375 0.395625 0.015 0.04
1 0.494375 0.40125 0.006875 0.03625
0 0.363125 0.401875 0.031875 0.041875
0 0.5225 0.4 0.019375 0.030625
2 0.785 0.36375 0.4275 0.679375