0 0.44 0.36875 0.01 0.01375
0 0.484375 0.365 0.0075 0.020625
0 0.474375 0.37125 0.0075 0.02375
0 0.461875 0.3725 0.011875 0.01125
0 0.460625 0.389375 0.01125 0.016875
0 0.46625 0.4075 0.02 0.033125
0 0.486875 0.4025 0.01375 0.025
0 0.438125 0.38375 0.0175 0.0125
0 0.43625 0.4025 0.0175 0.031875
2 0.3675 0.3975 0.040625 0.08625
0 0.331875 0.41375 0.018125 0.025
0 0.313125 0.425 0.02625 0.0375
0 0.350625 0.44625 0.030625 0.05125
0 0.314375 0.47375 0.0475 0.066875
0 0.205 0.5075 0.095 0.085
0 0.4275 0.505625 0.084375 0.141875
2 0.055 0.418125 0.109375 0.39875