0 0.434375 0.6375 0.009375 0.019375
0 0.450625 0.6425 0.0125 0.02375
0 0.45875 0.6575 0.02 0.041875
0 0.470625 0.66875 0.0275 0.058125
0 0.48 0.688125 0.02375 0.0875
0 0.436875 0.660625 0.0125 0.03625
0 0.315625 0.63125 0.02 0.031875
1 0.3025 0.6325 0.0075 0.029375
1 0.280625 0.6325 0.013125 0.043125
1 0.14 0.6575 0.01125 0.075
1 0.136875 0.680625 0.009375 0.091875
1 0.11 0.67375 0.01875 0.116875
1 0.17375 0.680625 0.015 0.145625
1 0.211875 0.63125 0.00375 0.05125
1 0.203125 0.6275 0.01125 0.043125
1 0.085 0.6675 0.02 0.133125
1 0.09 0.67 0.02375 0.12375
1 0.699375 0.645625 0.02 0.070625
1 0.68375 0.66375 0.013125 0.058125
1 0.6675 0.655625 0.01125 0.05125
1 0.650625 0.6725 0.009375 0.045625
1 0.64125 0.675 0.0075 0.055625
1 0.631875 0.681875 0.013125 0.06125
1 0.8175 0.651875 0.013125 0.0725
1 0.83875 0.699375 0.03125 0.09
1 0.903125 0.648125 0.025625 0.075
1 0.963125 0.675 0.02875 0.119375
1 0.80125 0.66375 0.0075 0.04875
1 0.585 0.681875 0.02 0.09
1 0.555 0.686875 0.015 0.075
1 0.159375 0.689375 0.0325 0.158125
0 0.369375 0.71 0.15 0.2475
0 0.513125 0.69625 0.07375 0.11375
1 0.615 0.686875 0.009375 0.055625