0 0.40625 0.5275 0.015625 0.0275
0 0.385 0.535 0.036875 0.05125
0 0.489375 0.524375 0.02375 0.06375
0 0.4725 0.520625 0.03125 0.075
0 0.57625 0.51125 0.01 0.0375
0 0.52125 0.5175 0.013125 0.030625
0 0.35375 0.545 0.0475 0.068125
0 0.30875 0.563125 0.084375 0.085
0 0.214375 0.605 0.10375 0.130625
1 0.563125 0.514375 0.01 0.04
0 0.539375 0.52625 0.034375 0.054375
0 0.435 0.533125 0.07375 0.105625
0 0.725625 0.598125 0.263125 0.191875
1 0.738125 0.491875 0.015625 0.020625
0 0.088125 0.619375 0.17625 0.1975