1 0.4975 0.661875 0.015625 0.0625
1 0.480625 0.64875 0.015 0.05
1 0.544375 0.666875 0.015625 0.069375
1 0.653125 0.69375 0.03625 0.133125
1 0.71625 0.70875 0.04 0.156875
1 0.90375 0.735625 0.06375 0.2125
1 0.10375 0.601875 0.011875 0.045625
0 0.3625 0.6325 0.02 0.0275
0 0.44 0.65875 0.025 0.056875
0 0.419375 0.6475 0.03 0.07625
0 0.319375 0.608125 0.028125 0.04
0 0.278125 0.60125 0.025 0.030625
0 0.244375 0.595 0.0475 0.0275
0 0.3075 0.643125 0.05 0.085
0 0.1625 0.60875 0.015625 0.031875
0 0.131875 0.6175 0.050625 0.0625
0 0.244375 0.66625 0.10625 0.135
0 0.343125 0.6325 0.025625 0.05
0 0.39 0.655625 0.05875 0.093125