1 0.094375 0.575625 0.015625 0.079375
0 0.159375 0.55875 0.121875 0.12625
0 0.4225 0.538125 0.04625 0.075
0 0.481875 0.544375 0.03125 0.041875
0 0.38625 0.54125 0.0275 0.04875
0 0.34 0.545625 0.0575 0.065
0 0.2775 0.558125 0.0475 0.058125
0 0.315 0.518125 0.009375 0.016875
0 0.461875 0.541875 0.0125 0.033125
0 0.44625 0.538125 0.01125 0.029375
1 0.6475 0.525 0.038125 0.11375
1 0.74125 0.5225 0.0175 0.085
1 0.719375 0.5225 0.015625 0.081875
1 0.61 0.520625 0.024375 0.11
0 0.975625 0.55 0.046875 0.1125
1 0.0275 0.561875 0.02 0.0975