0 0.1675 0.5025 0.2925 0.27625
0 0.488125 0.523125 0.03875 0.054375
0 0.84625 0.551875 0.124375 0.16125
0 0.693125 0.533125 0.069375 0.08625
0 0.555625 0.5075 0.07875 0.133125
0 0.76875 0.549375 0.065 0.093125
0 0.7425 0.533125 0.03875 0.0775
0 0.650625 0.530625 0.04375 0.055625
0 0.624375 0.524375 0.02875 0.05125
0 0.606875 0.52 0.02125 0.043125
0 0.519375 0.505 0.01 0.05
0 0.463125 0.51375 0.0175 0.02625
2 0.278125 0.465 0.145 0.181875
2 0.43125 0.5 0.025625 0.07375
0 0.448125 0.510625 0.01 0.033125