0 0.035625 0.524375 0.07 0.205625
0 0.95 0.56125 0.0975 0.19875
0 0.06625 0.481875 0.050625 0.066875
0 0.16125 0.493125 0.084375 0.045625
0 0.69375 0.531875 0.06375 0.0775
0 0.748125 0.533125 0.093125 0.093125
1 0.80125 0.494375 0.0075 0.0125
0 0.385625 0.495625 0.01 0.025
0 0.37375 0.4975 0.02125 0.030625
0 0.36 0.4975 0.015625 0.033125
0 0.455 0.499375 0.00875 0.019375
0 0.49625 0.4975 0.02125 0.04
0 0.44875 0.495625 0.0075 0.015
0 0.253125 0.508125 0.068125 0.07625
0 0.334375 0.49875 0.035 0.041875
0 0.47125 0.499375 0.02875 0.043125
0 0.51125 0.5075 0.03125 0.035
0 0.4375 0.499375 0.025 0.0275
0 0.843125 0.59125 0.240625 0.195625
1 0.635625 0.50875 0.009375 0.0375
1 0.30375 0.485625 0.005625 0.033125
1 0.296875 0.483125 0.003125 0.035