0 0.50625 0.50875 0.01 0.018125
0 0.518125 0.53125 0.025625 0.069375
0 0.623125 0.525 0.04875 0.091875
0 0.554375 0.485625 0.04875 0.018125
0 0.374375 0.52 0.024375 0.054375
2 0.416875 0.52375 0.074375 0.10125
0 0.4925 0.508125 0.01375 0.020625
0 0.47375 0.5125 0.024375 0.043125
0 0.575 0.568125 0.12125 0.165
1 0.06625 0.54875 0.024375 0.09875
1 0.13875 0.5375 0.0175 0.0625
1 0.159375 0.525 0.01 0.0375
1 0.194375 0.535625 0.0175 0.0775
1 0.174375 0.535625 0.01875 0.08875
1 0.25875 0.5425 0.0125 0.054375
1 0.76125 0.51125 0.01875 0.08875
1 0.728125 0.499375 0.0125 0.033125
1 0.6825 0.50875 0.011875 0.066875
1 0.010625 0.566875 0.02125 0.135
1 0.9825 0.550625 0.0325 0.21125
1 0.339375 0.525 0.013125 0.06125
1 0.311875 0.52875 0.015625 0.058125