1 0.49125 0.338125 0.0175 0.065
1 0.29625 0.33 0.015 0.030625
1 0.27875 0.33875 0.013125 0.044375
1 0.231875 0.360625 0.013125 0.081875
1 0.23 0.360625 0.02875 0.095625
0 0.44125 0.356875 0.059375 0.1025
0 0.379375 0.373125 0.111875 0.145625
0 0.590625 0.308125 0.07875 0.020625
0 0.7025 0.34 0.07875 0.116875
0 0.72875 0.370625 0.099375 0.116875
0 0.839375 0.3725 0.15125 0.279375
2 0.780625 0.28375 0.07875 0.079375
2 0.55875 0.2975 0.036875 0.06375
2 0.285625 0.308125 0.0825 0.0775
0 0.25875 0.36625 0.036875 0.05125
0 0.5825 0.450625 0.181875 0.2625
0 0.124375 0.460625 0.24875 0.39125
0 0.930625 0.455 0.138125 0.4875
0 0.324375 0.41375 0.153125 0.16125