0 0.813125 0.436875 0.0125 0.02375
0 0.82 0.44625 0.01125 0.035
0 0.905625 0.44625 0.035 0.065
0 0.935 0.458125 0.03 0.041875
0 0.85625 0.458125 0.06875 0.1025
0 0.964375 0.485625 0.069375 0.104375
0 0.76 0.426875 0.02125 0.018125
0 0.743125 0.47375 0.03875 0.085
1 0.7825 0.52375 0.06125 0.29875
1 0.721875 0.4425 0.01125 0.043125
1 0.70875 0.444375 0.00875 0.035
1 0.695 0.44625 0.00875 0.0475
1 0.67375 0.444375 0.015 0.0875
1 0.66 0.525625 0.019375 0.2725
1 0.62 0.41 0.01 0.03625
1 0.599375 0.46 0.0225 0.11375
1 0.585 0.451875 0.01875 0.1025
1 0.56875 0.444375 0.013125 0.104375
1 0.553125 0.4475 0.025625 0.12375
1 0.49 0.44125 0.021875 0.119375
1 0.4675 0.44625 0.01875 0.108125
1 0.450625 0.501875 0.05875 0.19875
1 0.4175 0.456875 0.02375 0.143125
1 0.38 0.5125 0.031875 0.093125
1 0.35375 0.4775 0.040625 0.17625
1 0.30875 0.495 0.06125 0.219375
1 0.21 0.419375 0.02375 0.07625
1 0.230625 0.414375 0.0125 0.080625
1 0.170625 0.41625 0.025625 0.056875
1 0.145625 0.491875 0.04875 0.2
1 0.62625 0.52125 0.0575 0.31