1 0.786875 0.5125 0.0675 0.231875
1 0.7275 0.4975 0.05125 0.229375
1 0.6725 0.495 0.06125 0.2625
1 0.59125 0.40125 0.0175 0.041875
1 0.5675 0.48875 0.0225 0.204375
1 0.556875 0.4325 0.01875 0.06375
1 0.53375 0.5075 0.030625 0.218125
1 0.495 0.44125 0.0325 0.065
1 0.49 0.491875 0.0275 0.13875
1 0.46375 0.42875 0.02625 0.08625
1 0.43875 0.4325 0.0175 0.035
1 0.406875 0.4425 0.015 0.04
1 0.5825 0.501875 0.063125 0.235
1 0.993125 0.4925 0.013125 0.1125
0 0.005625 0.448125 0.01125 0.041875
0 0.9875 0.715 0.02375 0.20125
0 0.0975 0.4525 0.056875 0.065
0 0.296875 0.51375 0.2425 0.4025