1 0.045 0.47125 0.02125 0.041875
1 0.10375 0.485625 0.0225 0.033125
0 0.54625 0.4975 0.01 0.0275
0 0.53625 0.4975 0.009375 0.0275
0 0.528125 0.49875 0.011875 0.02625
0 0.52 0.500625 0.011875 0.030625
0 0.513125 0.504375 0.013125 0.0275
0 0.506875 0.505625 0.015 0.030625
0 0.495625 0.505625 0.015625 0.035
0 0.48125 0.506875 0.01875 0.0475
0 0.4725 0.51125 0.0175 0.0475
0 0.45125 0.504375 0.03625 0.055625
0 0.43 0.510625 0.02625 0.058125
0 0.406875 0.51375 0.04375 0.06125
0 0.380625 0.51875 0.040625 0.070625
0 0.344375 0.520625 0.055625 0.093125
0 0.275625 0.53 0.1075 0.12625
0 0.19 0.545 0.15 0.143125
0 0.55875 0.49625 0.025 0.0525
0 0.753125 0.5375 0.044375 0.09875
0 0.79875 0.551875 0.109375 0.12375
0 0.906875 0.575 0.18625 0.20125
0 0.08375 0.5725 0.1675 0.1775
0 0.64125 0.53 0.18625 0.243125