0 0.05125 0.57375 0.10125 0.1725
0 0.888125 0.538125 0.22 0.29875
0 0.785625 0.52625 0.043125 0.11125
0 0.75 0.514375 0.071875 0.09875
0 0.71375 0.498125 0.069375 0.08625
0 0.675625 0.5025 0.035 0.06
0 0.155625 0.5525 0.115625 0.11125
0 0.2475 0.531875 0.09125 0.1025
0 0.303125 0.520625 0.053125 0.083125
0 0.335625 0.51375 0.03625 0.069375
0 0.355 0.50625 0.045 0.0725
0 0.41375 0.49625 0.01625 0.0225
0 0.436875 0.51375 0.05125 0.075
0 0.389375 0.51125 0.053125 0.06125
0 0.57375 0.5075 0.034375 0.079375
0 0.594375 0.489375 0.02125 0.03625
0 0.605 0.4925 0.015625 0.033125
0 0.614375 0.49375 0.01375 0.03875
0 0.625625 0.495 0.025 0.0475
0 0.635 0.49625 0.024375 0.05
0 0.66 0.494375 0.044375 0.0625
0 0.51625 0.548125 0.125625 0.1875
2 0.555625 0.4575 0.0225 0.025
1 0.8475 0.543125 0.06 0.3025