0 0.488125 0.4225 0.01625 0.068125
0 0.366875 0.418125 0.01375 0.043125
0 0.359375 0.42375 0.019375 0.075
0 0.330625 0.430625 0.0625 0.08875
1 0.28375 0.419375 0.01625 0.0525
1 0.2625 0.4275 0.01375 0.04875
0 0.2325 0.418125 0.074375 0.035
0 0.42875 0.425625 0.103125 0.206875
0 0.506875 0.441875 0.035 0.0725
0 0.554375 0.448125 0.080625 0.1025
0 0.65125 0.45375 0.138125 0.279375
2 0.8325 0.3775 0.334375 0.745625
2 0.07625 0.525625 0.15125 0.4975
0 0.1975 0.406875 0.038125 0.016875
0 0.17125 0.416875 0.0225 0.02625