0 0.035 0.50625 0.068125 0.191875
0 0.794375 0.645625 0.41 0.42375
0 0.40625 0.48125 0.034375 0.055625
0 0.49875 0.510625 0.088125 0.0625
0 0.2575 0.4725 0.063125 0.05125
0 0.094375 0.4975 0.094375 0.143125
0 0.186875 0.481875 0.0675 0.02625
0 0.593125 0.50875 0.09875 0.056875
0 0.38375 0.465 0.0175 0.02625
0 0.37625 0.4625 0.01375 0.029375
0 0.38125 0.445 0.015625 0.016875
0 0.375625 0.433125 0.015 0.018125
0 0.37125 0.42 0.013125 0.01125
0 0.330625 0.45 0.025 0.0375
0 0.303125 0.454375 0.02 0.0375
0 0.30125 0.43 0.018125 0.016875
2 0.315 0.426875 0.01125 0.033125
0 0.344375 0.41875 0.0075 0.01375
1 0.3575 0.4675 0.018125 0.0475
1 0.34125 0.4725 0.01125 0.043125
0 0.343125 0.400625 0.006875 0.01125