0 0.075625 0.47 0.15 0.34875
0 0.200625 0.485625 0.11125 0.191875
0 0.25375 0.456875 0.0225 0.05125
0 0.294375 0.49125 0.07875 0.119375
0 0.33875 0.4775 0.065625 0.1025
0 0.363125 0.438125 0.030625 0.0275
0 0.37875 0.480625 0.0275 0.08875
0 0.398125 0.498125 0.01 0.058125
0 0.423125 0.5025 0.0475 0.068125
0 0.4525 0.498125 0.02125 0.058125
0 0.466875 0.504375 0.01875 0.041875
0 0.474375 0.48625 0.013125 0.02625
0 0.48625 0.498125 0.013125 0.035
0 0.496875 0.50125 0.01 0.0375
0 0.51125 0.493125 0.02125 0.04875
0 0.611875 0.50625 0.0925 0.130625
1 0.72375 0.500625 0.02125 0.115
1 0.743125 0.51125 0.01875 0.1125
1 0.75875 0.499375 0.0175 0.108125