1 0.878125 0.5375 0.0425 0.254375
1 0.7275 0.523125 0.036875 0.235
1 0.783125 0.506875 0.0425 0.258125
1 0.83875 0.49875 0.053125 0.26125
1 0.125625 0.443125 0.01875 0.020625
1 0.149375 0.455625 0.019375 0.041875
1 0.27 0.441875 0.0075 0.02375
1 0.278125 0.44 0.01 0.030625
1 0.29125 0.44 0.015625 0.030625
0 0.36625 0.458125 0.055625 0.081875
0 0.351875 0.4725 0.044375 0.068125
0 0.20375 0.49125 0.10375 0.119375
0 0.11875 0.493125 0.131875 0.166875
0 0.088125 0.623125 0.17625 0.45
0 0.286875 0.516875 0.138125 0.13875
2 0.4525 0.4125 0.044375 0.079375
2 0.60375 0.42125 0.1075 0.205625
0 0.4975 0.573125 0.19125 0.279375
1 0.5325 0.423125 0.0075 0.0275