2 0.2475 0.394375 0.119375 0.075
2 0.245 0.404375 0.07125 0.0625
0 0.24 0.426875 0.0475 0.0525
0 0.18875 0.41625 0.09 0.095625
0 0.099375 0.421875 0.19875 0.13375
0 0.06625 0.4325 0.1325 0.095625
0 0.0575 0.45375 0.115 0.1225
0 0.04 0.466875 0.0775 0.1125
0 0.338125 0.426875 0.03 0.06375
0 0.363125 0.429375 0.0425 0.085
0 0.584375 0.424375 0.030625 0.045625
0 0.563125 0.41875 0.01375 0.025
0 0.505625 0.43 0.040625 0.066875
0 0.421875 0.435 0.08875 0.180625
0 0.65125 0.44625 0.09375 0.104375
0 0.53875 0.448125 0.063125 0.0775
0 0.768125 0.43625 0.10625 0.104375