0 0.44875 0.311875 0.011875 0.016875
0 0.461875 0.31625 0.01375 0.025
0 0.471875 0.32 0.015 0.033125
0 0.49125 0.3225 0.028125 0.045625
0 0.50625 0.33625 0.035 0.055625
0 0.551875 0.349375 0.06125 0.116875
0 0.579375 0.37 0.06625 0.133125
0 0.66625 0.39 0.171875 0.205625
0 0.43625 0.31375 0.009375 0.025
0 0.42875 0.31625 0.006875 0.025
0 0.421875 0.31375 0.006875 0.033125
0 0.4125 0.315 0.01625 0.035
1 0.360625 0.31625 0.0075 0.041875
0 0.184375 0.28875 0.05625 0.070625
0 0.355625 0.31125 0.01875 0.043125
0 0.38625 0.32 0.04 0.05
2 0.305625 0.330625 0.09 0.1125
0 0.100625 0.386875 0.199375 0.383125
0 0.83375 0.495 0.33 0.320625