0 0.4275 0.58125 0.006875 0.01375
0 0.434375 0.585 0.00875 0.0125
0 0.418125 0.5825 0.015625 0.029375
0 0.4475 0.58 0.015 0.035
1 0.833125 0.638125 0.05375 0.279375
1 0.150625 0.601875 0.0275 0.115
1 0.190625 0.581875 0.01125 0.05
1 0.226875 0.5825 0.00875 0.030625
1 0.235625 0.58125 0.00875 0.033125
1 0.31125 0.58875 0.0075 0.03625
1 0.31375 0.588125 0.00625 0.02625
1 0.319375 0.58875 0.0075 0.030625
1 0.51625 0.595 0.0075 0.03625
1 0.525 0.59625 0.006875 0.04
1 0.705 0.598125 0.0175 0.0475
0 0.963125 0.8625 0.069375 0.258125