0 0.463125 0.21125 0.03 0.03625
0 0.505625 0.2225 0.0625 0.05125
0 0.41125 0.265 0.040625 0.07625
0 0.4075 0.2225 0.038125 0.025
0 0.36625 0.26125 0.05875 0.07625
0 0.19625 0.22375 0.07875 0.04
0 0.549375 0.211875 0.02875 0.0475
0 0.47875 0.380625 0.203125 0.306875
0 0.16625 0.4125 0.32875 0.370625
0 0.628125 0.21 0.019375 0.035
0 0.64125 0.213125 0.0225 0.03625
0 0.65375 0.211875 0.024375 0.03875
0 0.668125 0.21 0.01625 0.0475
0 0.6975 0.204375 0.049375 0.0625
0 0.7275 0.22 0.0625 0.06375
1 0.743125 0.175625 0.015625 0.025
1 0.755625 0.16625 0.009375 0.04
1 0.768125 0.17625 0.00875 0.04
1 0.893125 0.19 0.021875 0.08875