0 0.298125 0.40375 0.011875 0.016875
0 0.2725 0.41625 0.011875 0.016875
0 0.268125 0.42375 0.0125 0.01375
0 0.265 0.4275 0.009375 0.018125
0 0.314375 0.4175 0.011875 0.01375
0 0.32 0.4225 0.009375 0.020625
0 0.323125 0.436875 0.01 0.016875
0 0.361875 0.4225 0.03625 0.045625
0 0.411875 0.399375 0.078125 0.091875
0 0.095 0.42875 0.059375 0.075
0 0.164375 0.4075 0.09125 0.095625
1 0.5275 0.385 0.025625 0.104375
1 0.55875 0.38 0.046875 0.105625
1 0.705 0.374375 0.03625 0.125
0 0.9825 0.4075 0.0325 0.075