0 0.500625 0.519375 0.019375 0.0225
0 0.488125 0.520625 0.01875 0.033125
0 0.475625 0.52375 0.025625 0.03875
0 0.473125 0.53125 0.01625 0.029375
0 0.46 0.531875 0.03125 0.043125
0 0.444375 0.54125 0.035 0.045625
0 0.42375 0.54625 0.0325 0.068125
0 0.41125 0.550625 0.03625 0.0725
0 0.3975 0.563125 0.038125 0.093125
0 0.528125 0.5175 0.021875 0.0225
0 0.574375 0.51125 0.028125 0.055625
0 0.581875 0.514375 0.028125 0.05
0 0.58875 0.52125 0.038125 0.0475
2 0.6225 0.515 0.04375 0.1625
2 0.751875 0.431875 0.2225 0.429375
0 0.863125 0.643125 0.2725 0.52625
2 0.195 0.53125 0.39 0.7775