2 0.49375 0.49875 0.02 0.031875
0 0.47 0.531875 0.02125 0.05
0 0.514375 0.506875 0.0175 0.018125
0 0.53 0.5125 0.01375 0.030625
0 0.543125 0.5125 0.01375 0.0225
0 0.54125 0.54 0.02 0.033125
0 0.484375 0.5425 0.028125 0.0525
0 0.610625 0.545625 0.021875 0.0375
0 0.555625 0.545625 0.015625 0.0525
0 0.569375 0.55375 0.02625 0.0525
0 0.70625 0.5725 0.04125 0.091875
1 0.686875 0.543125 0.01 0.03875
1 0.348125 0.51125 0.00625 0.016875
1 0.34125 0.51875 0.005625 0.025
1 0.335 0.52 0.005625 0.030625
1 0.326875 0.52 0.00875 0.02625
1 0.24125 0.53 0.0125 0.06125
1 0.21 0.523125 0.02625 0.0275
1 0.18375 0.518125 0.02125 0.033125
1 0.1625 0.516875 0.018125 0.03625
1 0.136875 0.5325 0.018125 0.041875
1 0.100625 0.526875 0.02375 0.06
1 0.061875 0.531875 0.034375 0.043125
1 0.02875 0.51875 0.0275 0.06125
0 0.5125 0.541875 0.04125 0.081875
0 0.586875 0.55625 0.049375 0.085
0 0.408125 0.58875 0.13375 0.19
0 0.19125 0.599375 0.134375 0.133125
0 0.1 0.639375 0.11 0.19