0 0.329375 0.4 0.009375 0.02625
0 0.344375 0.410625 0.0075 0.033125
0 0.34 0.391875 0.013125 0.02375
0 0.32125 0.40625 0.011875 0.033125
0 0.31625 0.40625 0.015625 0.05125
0 0.309375 0.413125 0.011875 0.0475
2 0.27625 0.40625 0.05375 0.1025
2 0.320625 0.379375 0.034375 0.0775
2 0.40375 0.389375 0.115625 0.235
0 0.124375 0.394375 0.084375 0.085
0 0.20125 0.488125 0.19625 0.2525
0 0.56 0.548125 0.28625 0.42375
1 0.695625 0.444375 0.0275 0.095625
0 0.055625 0.47625 0.11125 0.258125
0 0.881875 0.566875 0.23625 0.2975