0 0.56125 0.53125 0.018125 0.025
0 0.5475 0.541875 0.0175 0.0275
0 0.52625 0.550625 0.025625 0.03875
0 0.500625 0.556875 0.024375 0.030625
0 0.461875 0.56125 0.045 0.043125
1 0.3825 0.6075 0.03875 0.141875
0 0.344375 0.593125 0.045 0.068125
0 0.288125 0.59625 0.065 0.093125
2 0.1525 0.5925 0.2225 0.18625
0 0.0225 0.600625 0.044375 0.2525
0 0.9 0.7375 0.1975 0.5225
1 0.864375 0.581875 0.043125 0.1475
0 0.636875 0.5575 0.015 0.03625
0 0.649375 0.5625 0.021875 0.05125
0 0.661875 0.57875 0.03 0.083125
0 0.675625 0.58625 0.04 0.1
0 0.6975 0.5925 0.05375 0.129375
0 0.77125 0.61125 0.15375 0.235
0 0.60625 0.55375 0.03625 0.04875