0 0.47125 0.32875 0.00875 0.018125
0 0.465 0.33375 0.013125 0.019375
0 0.449375 0.361875 0.04375 0.06125
0 0.3925 0.343125 0.01 0.020625
0 0.40375 0.345625 0.0225 0.03625
0 0.36625 0.35 0.02125 0.0275
0 0.355 0.3475 0.011875 0.030625
0 0.35 0.343125 0.015 0.033125
0 0.300625 0.388125 0.11875 0.168125
0 0.535 0.335625 0.1175 0.0975
0 0.48875 0.39125 0.046875 0.094375
0 0.61625 0.543125 0.293125 0.46
0 0.13875 0.415 0.084375 0.07625
1 0.005625 0.401875 0.009375 0.03875
1 0.211875 0.3775 0.006875 0.025
2 0.44 0.316875 0.036875 0.080625
0 0.4675 0.33 0.019375 0.025