1 0.268125 0.3625 0.0075 0.03625
1 0.32875 0.35375 0.0075 0.031875
1 0.31625 0.360625 0.009375 0.031875
1 0.43375 0.361875 0.01375 0.056875
1 0.223125 0.385625 0.013125 0.05
1 0.213125 0.381875 0.0075 0.03875
1 0.205 0.37875 0.0075 0.041875
1 0.198125 0.38875 0.01375 0.04875
1 0.180625 0.383125 0.0075 0.045625
1 0.18625 0.385 0.009375 0.03875
1 0.1425 0.3775 0.009375 0.016875
1 0.1025 0.38 0.009375 0.020625
1 0.305 0.355 0.0075 0.029375
0 0.1 0.405625 0.0425 0.041875
0 0.14 0.41375 0.08125 0.070625
0 0.01375 0.45625 0.0275 0.1375
2 0.04875 0.389375 0.096875 0.081875
0 0.428125 0.35625 0.03375 0.056875
0 0.405 0.3575 0.03625 0.055625
0 0.374375 0.37375 0.055625 0.06375
0 0.52 0.35 0.08375 0.130625
0 0.6175 0.539375 0.295 0.458125