1 0.724375 0.520625 0.021875 0.0975
1 0.701875 0.51875 0.02 0.07375
1 0.686875 0.514375 0.01625 0.06125
1 0.66875 0.516875 0.02 0.07375
1 0.88875 0.523125 0.019375 0.105625
1 0.6075 0.50375 0.009375 0.03875
1 0.596875 0.498125 0.01 0.01375
1 0.584375 0.495625 0.01 0.01375
0 0.383125 0.5025 0.011875 0.020625
0 0.39 0.506875 0.02 0.020625
0 0.36875 0.51875 0.03375 0.044375
0 0.33375 0.51875 0.04625 0.081875
0 0.455625 0.52 0.0225 0.05125
0 0.508125 0.5225 0.01625 0.06
0 0.519375 0.52 0.02625 0.06
0 0.54875 0.520625 0.05375 0.069375
0 0.225625 0.529375 0.0375 0.069375
0 0.19625 0.538125 0.055 0.075
0 0.13625 0.5425 0.09625 0.108125
0 0.05125 0.558125 0.1025 0.12125
0 0.005 0.595 0.01 0.091875
0 0.274375 0.549375 0.100625 0.130625
0 0.41625 0.51875 0.0425 0.069375
0 0.48375 0.52875 0.04125 0.066875
0 0.58375 0.535625 0.061875 0.065