1 0.133125 0.4475 0.01375 0.068125
1 0.10125 0.456875 0.013125 0.085
1 0.08875 0.454375 0.01 0.0875
1 0.081875 0.45625 0.011875 0.0775
1 0.0225 0.456875 0.01 0.079375
1 0.795625 0.404375 0.013125 0.079375
1 0.68875 0.411875 0.018125 0.0875
1 0.810625 0.4075 0.018125 0.0975
1 0.78125 0.41 0.01125 0.070625
0 0.890625 0.464375 0.149375 0.230625
0 0.326875 0.4525 0.115 0.131875
0 0.911875 0.54 0.175 0.395625
0 0.535 0.404375 0.03625 0.04875
0 0.46125 0.49375 0.171875 0.241875
2 0.249375 0.41125 0.2 0.206875