1 0.826875 0.413125 0.0425 0.16375
1 0.835625 0.401875 0.0325 0.1475
0 0.39 0.354375 0.013125 0.018125
0 0.4075 0.354375 0.015625 0.02375
0 0.474375 0.369375 0.013125 0.030625
0 0.48625 0.370625 0.0175 0.0275
0 0.610625 0.38 0.02625 0.0375
0 0.6325 0.3825 0.036875 0.041875
0 0.775625 0.385 0.06875 0.06125
0 0.45125 0.3675 0.019375 0.02625
0 0.42875 0.36875 0.02125 0.033125
0 0.50125 0.374375 0.02625 0.030625
0 0.675625 0.38625 0.04875 0.04
2 0.54625 0.369375 0.05125 0.054375
0 0.98875 0.3875 0.02125 0.033125