0 0.36875 0.96875 0.01375 0.044375
0 0.35625 0.969375 0.02625 0.0525
0 0.30125 0.96125 0.024375 0.0225
0 0.33875 0.973125 0.04125 0.0475
0 0.48375 0.976875 0.0125 0.04
1 0.47125 0.975625 0.011875 0.043125
1 0.465625 0.979375 0.0075 0.03625
0 0.49875 0.97625 0.0275 0.04
0 0.518125 0.975 0.03 0.044375
0 0.54375 0.970625 0.044375 0.0525
0 0.59 0.954375 0.06625 0.0875
0 0.653125 0.936875 0.119375 0.1225
0 0.086875 0.936875 0.17 0.119375
0 0.2275 0.960625 0.036875 0.035
0 0.39625 0.97 0.034375 0.0525
0 0.450625 0.973125 0.025 0.0475
0 0.880625 0.93375 0.180625 0.129375
0 0.92125 0.924375 0.10875 0.029375
0 0.9075 0.96125 0.184375 0.0725