1 0.360625 0.47125 0.00375 0.033125
1 0.355625 0.470625 0.005 0.0275
1 0.34875 0.475 0.006875 0.030625
1 0.313125 0.474375 0.00875 0.03625
1 0.190625 0.47375 0.01125 0.03875
1 0.7525 0.450625 0.015625 0.05125
0 0.2675 0.476875 0.02375 0.03625
0 0.281875 0.473125 0.015 0.0225
0 0.230625 0.500625 0.08 0.083125
0 0.150625 0.52 0.111875 0.1275
0 0.42625 0.4725 0.01 0.029375
2 0.4075 0.456875 0.0325 0.068125
0 0.52875 0.483125 0.04625 0.06
0 0.463125 0.49125 0.05875 0.09
0 0.385 0.475 0.03875 0.06125
0 0.053125 0.55375 0.10625 0.7375