0 0.51375 0.72 0.0075 0.01375
0 0.508125 0.714375 0.009375 0.01375
0 0.53125 0.7375 0.0125 0.020625
0 0.4925 0.716875 0.011875 0.016875
0 0.419375 0.794375 0.09375 0.145625
0 0.75625 0.8425 0.27125 0.293125
0 0.09375 0.7625 0.099375 0.1125
0 0.1725 0.73875 0.0975 0.1275
0 0.47875 0.718125 0.00875 0.01375
0 0.473125 0.72625 0.009375 0.0125
0 0.468125 0.73125 0.009375 0.0125
0 0.46125 0.735 0.0125 0.0225
1 0.583125 0.745625 0.011875 0.044375
1 0.593125 0.74375 0.006875 0.043125
1 0.59 0.745 0.0075 0.043125
1 0.781875 0.695 0.015625 0.019375
1 0.755625 0.6925 0.011875 0.01375