0 0.361875 0.40625 0.00875 0.016875
0 0.35375 0.406875 0.01125 0.02375
0 0.3475 0.414375 0.018125 0.029375
0 0.334375 0.425 0.0275 0.06
0 0.385 0.404375 0.011875 0.016875
0 0.393125 0.408125 0.011875 0.016875
0 0.399375 0.413125 0.01625 0.02375
0 0.44625 0.413125 0.025 0.0275
0 0.45625 0.42875 0.0275 0.04
0 0.474375 0.43375 0.02625 0.055625
0 0.100625 0.413125 0.0525 0.065
0 0.30875 0.445 0.049375 0.070625
0 0.42125 0.4325 0.045 0.06125
0 0.5025 0.43625 0.056875 0.068125
1 0.638125 0.435 0.018125 0.0875
1 0.875625 0.470625 0.043125 0.180625