0 0.5225 0.400625 0.02 0.029375
0 0.49375 0.413125 0.040625 0.03875
0 0.47 0.43375 0.034375 0.0625
0 0.444375 0.43375 0.02875 0.07375
0 0.41375 0.445625 0.06375 0.0975
0 0.36625 0.43625 0.0475 0.085
0 0.3075 0.46625 0.12125 0.1375
1 0.1225 0.4175 0.013125 0.0225
0 0.094375 0.463125 0.0925 0.080625
0 0.186875 0.52875 0.19125 0.22625
0 0.600625 0.406875 0.009375 0.0225
0 0.546875 0.41 0.0175 0.02375
0 0.570625 0.404375 0.013125 0.0275
0 0.593125 0.41375 0.02 0.030625
0 0.619375 0.4125 0.013125 0.018125
0 0.6425 0.415 0.019375 0.020625
0 0.661875 0.4125 0.021875 0.018125
0 0.895625 0.4275 0.1275 0.09875
1 0.801875 0.41875 0.019375 0.058125
0 0.680625 0.413125 0.015 0.02625