1 0.349375 0.70125 0.045 0.120625
1 0.370625 0.636875 0.038125 0.195625
1 0.41125 0.695 0.03875 0.119375
1 0.45375 0.663125 0.03875 0.16
1 0.480625 0.656875 0.0375 0.155625
1 0.504375 0.65 0.02625 0.130625
1 0.55125 0.60625 0.034375 0.0725
0 0.94875 0.61875 0.025 0.04
0 0.96 0.645625 0.03 0.054375
0 0.970625 0.67 0.031875 0.0625
0 0.845625 0.6 0.01875 0.033125
0 0.818125 0.606875 0.030625 0.055625
0 0.761875 0.60125 0.07625 0.041875
0 0.729375 0.669375 0.13875 0.14875
0 0.615 0.600625 0.10875 0.054375
0 0.5675 0.70625 0.2325 0.191875
0 0.990625 0.699375 0.0175 0.11
0 0.909375 0.613125 0.05875 0.0625