1 0.7475 0.66625 0.02125 0.085
1 0.586875 0.63875 0.01 0.044375
1 0.55875 0.638125 0.009375 0.0375
1 0.545 0.633125 0.009375 0.0275
1 0.268125 0.62875 0.0225 0.14
1 0.911875 0.66125 0.015 0.0375
0 0.37625 0.619375 0.019375 0.0275
0 0.39125 0.618125 0.0175 0.02625
0 0.286875 0.62625 0.0325 0.070625
2 0.29875 0.6025 0.056875 0.09875
0 0.356875 0.623125 0.0275 0.035
0 0.40625 0.623125 0.013125 0.020625
0 0.42625 0.623125 0.011875 0.016875
0 0.4675 0.625 0.015 0.016875
2 0.45125 0.62 0.0175 0.035
0 0.949375 0.688125 0.094375 0.0725