1 0.095 0.489375 0.05 0.17625
1 0.619375 0.486875 0.030625 0.108125
0 0.0475 0.475625 0.095 0.118125
2 0.038125 0.38 0.075625 0.11125
0 0.38125 0.465 0.069375 0.094375
0 0.493125 0.418125 0.024375 0.035
0 0.64625 0.49 0.11375 0.1375
0 0.58 0.45375 0.0275 0.065
0 0.5675 0.44375 0.025 0.068125
0 0.555625 0.4325 0.018125 0.05125
0 0.545625 0.426875 0.019375 0.045625
0 0.536875 0.425 0.011875 0.0375
0 0.52875 0.4225 0.0175 0.031875
0 0.52125 0.415 0.013125 0.0275
0 0.41375 0.454375 0.01875 0.080625
0 0.4225 0.44375 0.03125 0.0625
0 0.42875 0.43375 0.04 0.065
0 0.440625 0.414375 0.03125 0.069375
0 0.45875 0.41625 0.00875 0.030625
0 0.468125 0.414375 0.01 0.02625
0 0.4725 0.414375 0.009375 0.018125