1 0.113125 0.475 0.030625 0.11
1 0.34625 0.436875 0.00875 0.044375
1 0.36125 0.43625 0.01125 0.05125
1 0.389375 0.430625 0.006875 0.035
1 0.404375 0.425 0.005625 0.035
1 0.44625 0.42625 0.00625 0.035
1 0.77125 0.414375 0.01125 0.058125
1 0.745625 0.416875 0.01 0.0625
1 0.89 0.415 0.02375 0.085
1 0.92875 0.42875 0.02625 0.104375
1 0.235 0.431875 0.0125 0.035
1 0.749375 0.404375 0.006875 0.031875
0 0.4975 0.4175 0.0125 0.016875
0 0.41 0.42625 0.025 0.02375
0 0.439375 0.420625 0.01 0.02375
1 0.434375 0.424375 0.009375 0.030625
1 0.664375 0.40875 0.005625 0.0225
1 0.6575 0.41125 0.005625 0.02375
0 0.51625 0.42 0.024375 0.041875
0 0.483125 0.42375 0.02 0.029375
2 0.534375 0.413125 0.011875 0.0225