1 0.434375 0.4125 0.009375 0.020625
1 0.44125 0.415 0.0075 0.0225
1 0.42125 0.42375 0.009375 0.030625
1 0.39875 0.433125 0.015 0.05
1 0.381875 0.43125 0.009375 0.033125
1 0.344375 0.423125 0.01625 0.033125
1 0.251875 0.376875 0.02375 0.045625
1 0.225625 0.385625 0.01375 0.0375
1 0.2175 0.3875 0.0075 0.033125
1 0.2075 0.381875 0.015 0.03875
0 0.54625 0.489375 0.190625 0.316875
0 0.276875 0.539375 0.231875 0.233125
0 0.09625 0.635625 0.190625 0.445625
2 0.855 0.46625 0.2875 0.393125
0 0.981875 0.606875 0.03375 0.270625