0 0.28125 0.60875 0.07875 0.091875
0 0.33875 0.60125 0.05125 0.0725
0 0.37125 0.604375 0.0225 0.05
0 0.398125 0.608125 0.05 0.069375
0 0.501875 0.599375 0.02125 0.041875
0 0.51875 0.595 0.013125 0.019375
0 0.456875 0.61625 0.08125 0.133125
0 0.980625 0.633125 0.03625 0.069375
0 0.91625 0.60875 0.0975 0.08875
0 0.850625 0.60625 0.074375 0.0725
0 0.79875 0.60875 0.046875 0.05
0 0.76625 0.59875 0.06 0.056875
0 0.72375 0.600625 0.040625 0.05
0 0.698125 0.601875 0.0225 0.03625
0 0.6825 0.599375 0.01875 0.035
0 0.643125 0.598125 0.015625 0.0275
0 0.630625 0.5975 0.011875 0.02625
0 0.6225 0.598125 0.0125 0.020625
0 0.613125 0.5925 0.0125 0.016875
0 0.581875 0.59875 0.015 0.019375
1 0.95375 0.63 0.028125 0.06375
1 0.73875 0.598125 0.011875 0.058125
1 0.551875 0.598125 0.005625 0.02375