1 0.668125 0.605625 0.0225 0.105625
1 0.99 0.68125 0.0175 0.120625
0 0.0575 0.59875 0.115 0.5975
0 0.130625 0.605 0.055 0.16
0 0.185 0.5625 0.08625 0.06375
0 0.215 0.623125 0.181875 0.1725
0 0.330625 0.60125 0.0775 0.0975
0 0.381875 0.5975 0.044375 0.070625
0 0.410625 0.586875 0.02125 0.043125
0 0.42625 0.58375 0.02 0.0375
0 0.443125 0.580625 0.0175 0.0275
0 0.61625 0.625625 0.0975 0.104375
0 0.57125 0.601875 0.06 0.08875
0 0.5425 0.5925 0.02 0.055625
0 0.53125 0.5875 0.013125 0.055625
0 0.52375 0.58375 0.015 0.041875
0 0.51375 0.586875 0.0125 0.033125
0 0.505625 0.58375 0.011875 0.02375
0 0.475625 0.5875 0.02625 0.0375