0 0.43375 0.411875 0.0075 0.0125
0 0.400625 0.4275 0.013125 0.02375
0 0.375625 0.42625 0.013125 0.01375
0 0.355625 0.420625 0.0125 0.020625
0 0.349375 0.424375 0.015 0.02375
0 0.336875 0.4225 0.0125 0.02625
0 0.295 0.43125 0.02625 0.0275
0 0.271875 0.426875 0.02375 0.03625
0 0.25125 0.42625 0.031875 0.041875
0 0.22625 0.43 0.038125 0.044375
0 0.205 0.43375 0.0325 0.0475
0 0.17375 0.43375 0.05625 0.06125
0 0.138125 0.44125 0.05 0.06125
0 0.4225 0.41625 0.024375 0.006875
0 0.4175 0.445 0.03625 0.04875
0 0.46125 0.44625 0.06625 0.081875
0 0.50375 0.44625 0.015 0.03625
0 0.518125 0.450625 0.030625 0.041875
0 0.5375 0.460625 0.034375 0.043125
0 0.555 0.465 0.030625 0.0475
0 0.578125 0.473125 0.03875 0.058125
2 0.388125 0.41875 0.01125 0.029375
0 0.3225 0.43125 0.028125 0.035
0 0.618125 0.4875 0.075625 0.08875
0 0.06 0.43125 0.119375 0.1225
1 0.185625 0.393125 0.006875 0.01375
1 0.193125 0.393125 0.0075 0.01375
1 0.47 0.460625 0.04 0.11