0 0.1025 0.655 0.205 0.31
0 0.35 0.57125 0.071875 0.09
0 0.306875 0.5625 0.034375 0.05
0 0.59125 0.543125 0.025625 0.0275
0 0.405 0.5425 0.0175 0.018125
0 0.385625 0.541875 0.011875 0.019375
0 0.52125 0.53875 0.01375 0.025
0 0.26 0.55 0.01875 0.0275
0 0.431875 0.53625 0.01 0.01375
0 0.42 0.5375 0.009375 0.016875
0 0.514375 0.535 0.015 0.019375
0 0.50625 0.535 0.00625 0.019375
0 0.458125 0.529375 0.011875 0.015
0 0.49 0.53 0.006875 0.01375
0 0.483125 0.530625 0.006875 0.0125
0 0.475625 0.529375 0.006875 0.01
0 0.46 0.5275 0.0075 0.015
0 0.469375 0.5275 0.0075 0.015
1 0.27 0.549375 0.00875 0.031875
1 0.27875 0.549375 0.006875 0.035
0 0.760625 0.54625 0.0175 0.031875
0 0.781875 0.54375 0.034375 0.031875