0 0.37125 0.555625 0.011875 0.020625
0 0.355625 0.561875 0.018125 0.02375
2 0.355625 0.535625 0.025625 0.031875
0 0.33875 0.56625 0.02 0.033125
0 0.319375 0.563125 0.01875 0.02625
0 0.42375 0.54375 0.01125 0.016875
0 0.415 0.548125 0.01 0.020625
0 0.405625 0.54375 0.0175 0.02375
2 0.43375 0.53375 0.015625 0.020625
0 0.435 0.5525 0.015625 0.019375
2 0.47125 0.538125 0.015 0.019375
0 0.48625 0.55375 0.01375 0.018125
0 0.46125 0.566875 0.031875 0.04875
0 0.38875 0.56875 0.04625 0.0625
0 0.2875 0.579375 0.0675 0.083125
0 0.193125 0.600625 0.08 0.07375
0 0.580625 0.563125 0.0475 0.04875
0 0.715 0.550625 0.05125 0.054375
0 0.61125 0.5525 0.024375 0.0375