1 0.8225 0.51125 0.013125 0.0375
1 0.79625 0.53 0.02625 0.041875
1 0.778125 0.510625 0.01 0.035
1 0.78 0.541875 0.038125 0.09875
1 0.74375 0.59375 0.04 0.1875
0 0.314375 0.57875 0.015 0.035
0 0.295 0.585625 0.02625 0.035
0 0.26625 0.581875 0.0425 0.055625
0 0.239375 0.5925 0.040625 0.04875
0 0.09125 0.608125 0.103125 0.095625
0 0.491875 0.56875 0.013125 0.02625
0 0.386875 0.56375 0.009375 0.02625
0 0.36875 0.56875 0.015 0.020625
0 0.39625 0.56375 0.0175 0.030625
0 0.42 0.56875 0.030625 0.044375
0 0.461875 0.56375 0.02125 0.030625
0 0.6425 0.55625 0.063125 0.14
0 0.525 0.563125 0.02125 0.05125
2 0.50875 0.570625 0.0275 0.044375
2 0.181875 0.58625 0.090625 0.108125
2 0.69625 0.576875 0.07875 0.15
0 0.54875 0.56375 0.0475 0.068125
0 0.341875 0.5725 0.044375 0.075
0 0.03625 0.635 0.0725 0.115
0 0.875 0.635 0.249375 0.2225