0 0.115625 0.533125 0.0275 0.035
0 0.1475 0.55125 0.07125 0.075
0 0.3475 0.510625 0.025 0.02625
0 0.381875 0.4975 0.019375 0.0275
0 0.324375 0.5125 0.02875 0.04
0 0.2875 0.53 0.044375 0.055625
0 0.44 0.491875 0.011875 0.016875
0 0.621875 0.49875 0.038125 0.04
0 0.663125 0.5 0.0575 0.041875
0 0.74 0.485 0.0475 0.04
0 0.7975 0.483125 0.038125 0.0475
0 0.860625 0.486875 0.03625 0.035
0 0.8975 0.483125 0.04625 0.0375
0 0.4275 0.49375 0.015625 0.02625
0 0.39875 0.501875 0.025 0.033125
0 0.47125 0.5 0.04375 0.0475
0 0.224375 0.5375 0.0925 0.12625
0 0.055 0.5325 0.109375 0.220625
1 0.504375 0.49 0.00625 0.0275
1 0.51125 0.49 0.00625 0.02375
1 0.55875 0.481875 0.01 0.0475