0 0.03125 0.488125 0.0625 0.166875
0 0.12375 0.43625 0.16875 0.16
0 0.2325 0.41625 0.086875 0.125
0 0.493125 0.400625 0.075625 0.1725
0 0.92125 0.51 0.1525 0.391875
0 0.805 0.45125 0.261875 0.283125
0 0.681875 0.41 0.12875 0.195625
0 0.6175 0.405 0.07 0.11
0 0.579375 0.393125 0.05 0.083125
0 0.563125 0.39125 0.02875 0.070625
0 0.549375 0.381875 0.025625 0.06
0 0.54125 0.37625 0.01875 0.066875
0 0.5275 0.356875 0.0175 0.030625
2 0.524375 0.3175 0.021875 0.043125
0 0.509375 0.3025 0.0075 0.0225
0 0.50375 0.299375 0.011875 0.016875
0 0.43625 0.299375 0.01875 0.01375
0 0.445 0.28875 0.015 0.01375
0 0.4625 0.28875 0.0125 0.0225
0 0.49 0.28125 0.011875 0.016875
1 0.56625 0.330625 0.009375 0.030625
1 0.555 0.330625 0.005625 0.02625
0 0.48625 0.310625 0.01875 0.02625
0 0.388125 0.4725 0.21125 0.3475
1 0.110625 0.35125 0.011875 0.030625