1 0.014375 0.54375 0.0275 0.130625
1 0.10125 0.5725 0.05 0.204375
1 0.056875 0.58625 0.03 0.19875
1 0.1575 0.58 0.03375 0.18625
1 0.21625 0.566875 0.035 0.2025
1 0.26375 0.5825 0.053125 0.183125
1 0.3375 0.59375 0.05375 0.2225
1 0.830625 0.6425 0.069375 0.2775
1 0.020625 0.54625 0.015625 0.1025
1 0.0625 0.5 0.013125 0.05125
1 0.129375 0.5275 0.01375 0.06
1 0.19 0.560625 0.025 0.12625
1 0.249375 0.581875 0.019375 0.155625
1 0.289375 0.57125 0.025 0.155625
1 0.33 0.566875 0.04 0.2275
1 0.37125 0.57125 0.044375 0.19875
1 0.390625 0.56375 0.038125 0.1625
1 0.424375 0.560625 0.02875 0.13875
1 0.463125 0.500625 0.015625 0.0625
1 0.44875 0.5875 0.03375 0.208125
1 0.505 0.555625 0.02 0.154375
1 0.555625 0.564375 0.025 0.16
1 0.53125 0.560625 0.021875 0.13875
1 0.61 0.555625 0.08375 0.195625
1 0.7325 0.619375 0.038125 0.2475
1 0.74875 0.591875 0.035 0.2225
1 0.76875 0.5925 0.03375 0.19
1 0.799375 0.550625 0.0225 0.144375
1 0.825 0.585625 0.03125 0.230625
1 0.854375 0.61375 0.031875 0.231875
1 0.931875 0.58625 0.03125 0.19
1 0.96375 0.66 0.07125 0.28625
1 0.97625 0.54875 0.03375 0.12375
1 0.70125 0.376875 0.01625 0.03625
1 0.723125 0.376875 0.019375 0.04
1 0.7525 0.37875 0.015625 0.055625
1 0.7825 0.38125 0.025 0.04
1 0.80625 0.383125 0.0225 0.03625
1 0.826875 0.3825 0.0225 0.03875
1 0.8425 0.37625 0.02 0.05125
1 0.865625 0.37875 0.024375 0.05125
1 0.894375 0.385 0.02 0.043125
1 0.918125 0.385625 0.01375 0.03625
1 0.93 0.376875 0.018125 0.04
0 0.32125 0.545625 0.1275 0.108125
0 0.403125 0.53375 0.0875 0.094375
2 0.594375 0.594375 0.27375 0.420625