0 0.513125 0.44875 0.013125 0.020625
0 0.500625 0.445 0.01 0.0275
0 0.45375 0.448125 0.02375 0.033125
0 0.441875 0.4775 0.02625 0.065
0 0.52125 0.466875 0.0275 0.033125
0 0.556875 0.4775 0.05125 0.093125
0 0.58375 0.499375 0.07375 0.116875
0 0.74 0.489375 0.25125 0.408125
0 0.91125 0.535625 0.1 0.115
0 0.975 0.4825 0.04875 0.041875
0 0.950625 0.580625 0.0975 0.23875
1 0.925625 0.470625 0.015625 0.0275
1 0.879375 0.485625 0.013125 0.05125
0 0.488125 0.54125 0.111875 0.168125
1 0.3875 0.485625 0.013125 0.070625
1 0.375 0.48375 0.009375 0.0775
1 0.350625 0.4775 0.01 0.065
1 0.324375 0.5025 0.015625 0.10125
1 0.30125 0.504375 0.030625 0.1125
1 0.25625 0.519375 0.019375 0.129375
1 0.27125 0.52 0.02375 0.14
1 0.36125 0.49125 0.02125 0.105625
1 0.4075 0.4825 0.015625 0.06375