0 0.97375 0.738125 0.05 0.404375
1 0.84125 0.533125 0.035 0.13875
1 0.7925 0.5325 0.021875 0.116875
1 0.79875 0.480625 0.01375 0.041875
1 0.235 0.486875 0.009375 0.033125
1 0.28 0.480625 0.0075 0.033125
1 0.400625 0.449375 0.0075 0.016875
1 0.75875 0.48875 0.006875 0.075
0 0.021875 0.635 0.0425 0.229375
0 0.13875 0.56375 0.218125 0.170625
0 0.420625 0.51375 0.07 0.1125
0 0.324375 0.51625 0.0875 0.133125
0 0.39 0.485 0.0375 0.029375
0 0.44625 0.495625 0.0375 0.080625
0 0.465 0.485 0.019375 0.066875
0 0.474375 0.479375 0.01875 0.0475
0 0.4875 0.473125 0.011875 0.0475
2 0.4625 0.44 0.019375 0.018125
0 0.58375 0.479375 0.030625 0.05125
0 0.571875 0.470625 0.02375 0.05125
0 0.496875 0.460625 0.006875 0.035
0 0.251875 0.53875 0.056875 0.0875
0 0.3725 0.514375 0.03125 0.07625