0 0.61125 0.623125 0.018125 0.06375
0 0.42875 0.595625 0.01125 0.018125
0 0.44125 0.59375 0.01 0.020625
0 0.455 0.593125 0.015 0.02375
0 0.469375 0.59875 0.02375 0.044375
0 0.40875 0.5875 0.015 0.033125
0 0.3925 0.595625 0.01625 0.029375
2 0.31375 0.575 0.118125 0.19875
0 0.056875 0.636875 0.113125 0.225
0 0.02 0.73625 0.04 0.241875
0 0.539375 0.616875 0.131875 0.205625
0 0.96625 0.64375 0.0675 0.079375
1 0.93125 0.64375 0.018125 0.1225
1 0.91125 0.65625 0.030625 0.168125
1 0.875625 0.626875 0.02 0.091875
1 0.8575 0.618125 0.01125 0.058125
1 0.828125 0.6275 0.01875 0.081875
1 0.801875 0.6275 0.0175 0.081875
1 0.765625 0.62625 0.0175 0.070625
1 0.67625 0.623125 0.02 0.079375
1 0.6925 0.620625 0.01125 0.06125
1 0.72125 0.605 0.01125 0.05
1 0.743125 0.60125 0.011875 0.05
1 0.79125 0.62 0.01375 0.07625
1 0.775625 0.6125 0.011875 0.066875
1 0.843125 0.61875 0.013125 0.070625
1 0.224375 0.610625 0.025625 0.075
1 0.165 0.58875 0.009375 0.03625
1 0.143125 0.5875 0.01875 0.030625
1 0.1275 0.604375 0.011875 0.069375