1 0.638125 0.53625 0.015625 0.105625
1 0.238125 0.491875 0.00625 0.020625
1 0.23 0.488125 0.009375 0.033125
1 0.199375 0.4975 0.0075 0.0375
1 0.19125 0.50375 0.0075 0.035
1 0.21375 0.4975 0.0075 0.0275
0 0.27625 0.495 0.0225 0.033125
0 0.319375 0.49375 0.01 0.020625
0 0.4225 0.525625 0.056875 0.08875
0 0.158125 0.51625 0.0425 0.1025
0 0.344375 0.4975 0.01875 0.0275
0 0.255625 0.501875 0.025 0.0375
0 0.47875 0.551875 0.105625 0.143125
2 0.075625 0.48875 0.150625 0.26
0 0.836875 0.71375 0.325625 0.541875