0 0.62875 0.330625 0.063125 0.094375
2 0.715 0.293125 0.0675 0.14875
1 0.67375 0.3125 0.018125 0.0875
0 0.58875 0.33125 0.043125 0.054375
0 0.429375 0.35125 0.02 0.033125
0 0.48 0.348125 0.013125 0.016875
0 0.4575 0.36875 0.03625 0.054375
0 0.385625 0.3625 0.01875 0.02625
0 0.338125 0.374375 0.01125 0.018125
2 0.27875 0.361875 0.06375 0.08625
0 0.240625 0.393125 0.059375 0.07625
2 0.19 0.401875 0.0675 0.119375
2 0.1075 0.408125 0.11125 0.168125
0 0.031875 0.4375 0.06375 0.12375
0 0.36 0.37125 0.0425 0.04875
0 0.413125 0.356875 0.011875 0.02375