1 0.286875 0.369375 0.01125 0.043125
1 0.273125 0.36375 0.0075 0.041875
1 0.265625 0.3675 0.009375 0.043125
1 0.259375 0.36875 0.0075 0.05125
1 0.25125 0.37375 0.01625 0.070625
1 0.241875 0.3725 0.01125 0.068125
1 0.234375 0.370625 0.009375 0.06125
1 0.228125 0.370625 0.013125 0.070625
1 0.218125 0.369375 0.01125 0.0725
1 0.21 0.364375 0.0075 0.058125
1 0.201875 0.369375 0.01125 0.0725
1 0.195 0.3625 0.01125 0.068125
1 0.184375 0.364375 0.013125 0.068125
1 0.165 0.364375 0.01625 0.058125
1 0.139375 0.36875 0.01875 0.065
1 0.12375 0.36375 0.02 0.070625
1 0.0975 0.36 0.018125 0.0725
1 0.071875 0.35875 0.02 0.080625
1 0.0425 0.3625 0.021875 0.10125
1 0.023125 0.36625 0.021875 0.104375
1 0.02625 0.4 0.0125 0.031875
1 0.54625 0.36125 0.0075 0.0225
1 0.55375 0.374375 0.009375 0.04875
1 0.56 0.3725 0.0075 0.03875
1 0.565 0.370625 0.009375 0.045625
1 0.575 0.374375 0.01125 0.04875
1 0.584375 0.380625 0.013125 0.065
1 0.6325 0.36875 0.01125 0.05125
1 0.63875 0.355 0.009375 0.02375
1 0.691875 0.35125 0.009375 0.0225
1 0.69875 0.35 0.0125 0.02375
1 0.71125 0.34625 0.018125 0.02625
1 0.72375 0.349375 0.01625 0.031875
1 0.738125 0.355 0.0125 0.033125
1 0.75375 0.36 0.01125 0.04875
1 0.766875 0.3575 0.015 0.033125
0 0.694375 0.42 0.111875 0.133125
0 0.83 0.41375 0.230625 0.305625
0 0.07125 0.351875 0.04625 0.065
0 0.099375 0.350625 0.04 0.0525
0 0.149375 0.363125 0.038125 0.03875
0 0.183125 0.363125 0.0325 0.04875
0 0.52375 0.38 0.055 0.04875
0 0.49 0.383125 0.02 0.05125
0 0.630625 0.416875 0.0475 0.11125
0 0.415625 0.4575 0.175 0.243125
0 0.961875 0.57125 0.07375 0.25