0 0.60875 0.594375 0.07125 0.05125
0 0.59 0.5925 0.07375 0.03875
0 0.556875 0.5875 0.07 0.045625
0 0.519375 0.59625 0.0175 0.01375
0 0.863125 0.57625 0.06125 0.06
0 0.88875 0.57875 0.046875 0.06
0 0.92125 0.57 0.05125 0.06375
0 0.24 0.591875 0.015 0.025
0 0.12625 0.598125 0.02 0.025
2 0.15375 0.5925 0.05 0.02625
0 0.18375 0.5925 0.03625 0.030625
0 0.21625 0.59625 0.02375 0.0225
0 0.48875 0.595 0.03375 0.030625
0 0.4675 0.593125 0.0075 0.0225
0 0.459375 0.5875 0.015 0.020625
0 0.3425 0.58125 0.009375 0.01
0 0.251875 0.58625 0.011875 0.016875
0 0.261875 0.58625 0.0125 0.020625
0 0.280625 0.58375 0.021875 0.016875
0 0.3025 0.5875 0.011875 0.01375
1 0.48375 0.593125 0.009375 0.0375
0 0.969375 0.56375 0.056875 0.083125
0 0.095 0.59625 0.04625 0.033125