1 0.5825 0.5225 0.02125 0.080625
1 0.52 0.51 0.01875 0.055625
1 0.52875 0.5 0.0125 0.05125
0 0.695625 0.49125 0.02125 0.02625
0 0.6475 0.494375 0.02875 0.041875
0 0.62375 0.49625 0.04375 0.058125
0 0.77 0.4225 0.011875 0.0125
0 0.75875 0.43375 0.019375 0.020625
0 0.75625 0.451875 0.01875 0.02625
0 0.818125 0.41375 0.015 0.0125
0 0.818125 0.43125 0.0125 0.018125
0 0.77625 0.458125 0.019375 0.0225
0 0.743125 0.47875 0.019375 0.035
0 0.766875 0.483125 0.025625 0.030625
0 0.81875 0.460625 0.01375 0.018125
0 0.796875 0.481875 0.04125 0.0625
0 0.833125 0.485 0.03125 0.055625
0 0.86125 0.483125 0.038125 0.058125
0 0.916875 0.481875 0.086875 0.0725
0 0.79875 0.410625 0.02125 0.020625
0 0.72375 0.488125 0.028125 0.02625
0 0.674375 0.4925 0.02375 0.03875
0 0.370625 0.573125 0.14125 0.12375
0 0.214375 0.60875 0.228125 0.1875
0 0.92875 0.535625 0.109375 0.14875
0 0.055 0.6475 0.1075 0.165
0 0.95125 0.575 0.093125 0.1775
0 0.970625 0.62375 0.055 0.229375
1 0.563125 0.505 0.01125 0.043125