0 0.12375 0.650625 0.2475 0.258125
0 0.264375 0.594375 0.131875 0.158125
0 0.3275 0.54375 0.075 0.130625
0 0.36625 0.5 0.021875 0.030625
0 0.388125 0.495625 0.01875 0.018125
0 0.40375 0.493125 0.0175 0.016875
0 0.41625 0.493125 0.01375 0.0125
0 0.42625 0.491875 0.0125 0.01
2 0.44625 0.486875 0.02375 0.029375
0 0.475625 0.51 0.02625 0.045625
0 0.46125 0.5325 0.045 0.070625
0 0.611875 0.53875 0.0775 0.1375
0 0.573125 0.49125 0.02375 0.041875
0 0.6775 0.57 0.14375 0.183125
0 0.403125 0.5825 0.119375 0.175
0 0.534375 0.5475 0.105625 0.145625
0 0.834375 0.6575 0.32625 0.35
1 0.25 0.499375 0.021875 0.035