0 0.1125 0.470625 0.08375 0.069375
0 0.183125 0.4575 0.0725 0.0725
0 0.274375 0.456875 0.044375 0.044375
0 0.31375 0.450625 0.0125 0.043125
0 0.3325 0.448125 0.0175 0.0375
0 0.365 0.450625 0.018125 0.02375
0 0.388125 0.449375 0.02375 0.02625
0 0.414375 0.444375 0.021875 0.02625
0 0.430625 0.44375 0.0125 0.025
0 0.443125 0.444375 0.009375 0.016875
0 0.480625 0.444375 0.01125 0.01125
0 0.50375 0.45625 0.038125 0.066875
0 0.525625 0.45375 0.01375 0.031875
0 0.539375 0.44375 0.009375 0.0225
2 0.58375 0.426875 0.05625 0.1125
1 0.730625 0.48125 0.0275 0.143125
1 0.105 0.436875 0.01 0.019375