1 0.630625 0.449375 0.0175 0.104375
0 0.478125 0.438125 0.02375 0.0375
0 0.47375 0.44125 0.0225 0.03625
0 0.45375 0.441875 0.03 0.055625
0 0.431875 0.4425 0.02625 0.065
0 0.308125 0.4475 0.12375 0.133125
0 0.53625 0.430625 0.01375 0.029375
0 0.5225 0.4275 0.00875 0.006875
0 0.516875 0.42875 0.006875 0.01125
0 0.513125 0.431875 0.006875 0.0225
0 0.505 0.431875 0.01625 0.02625
0 0.498125 0.436875 0.02 0.02375
0 0.568125 0.431875 0.005 0.0125
0 0.5725 0.4325 0.006875 0.015
0 0.576875 0.433125 0.0075 0.0225
0 0.581875 0.435625 0.01 0.02625
0 0.58875 0.436875 0.0175 0.0275
0 0.61125 0.435625 0.031875 0.0625
0 0.611875 0.44625 0.021875 0.05125
0 0.619375 0.44375 0.013125 0.0625
0 0.65125 0.45 0.0625 0.095625
0 0.675625 0.463125 0.040625 0.0975
1 0.66125 0.456875 0.02125 0.09875
0 0.17875 0.48875 0.17875 0.158125
0 0.40125 0.4475 0.06125 0.07375
0 0.7425 0.470625 0.125625 0.170625
0 0.5575 0.43125 0.0125 0.019375