1 0.685 0.4025 0.0125 0.03875
1 0.698125 0.404375 0.01 0.0375
1 0.71625 0.400625 0.0325 0.0525
1 0.733125 0.391875 0.00875 0.03875
1 0.73875 0.435625 0.01125 0.104375
1 0.76625 0.439375 0.01125 0.11375
1 0.78 0.426875 0.01875 0.1
1 0.78875 0.435 0.02625 0.106875
1 0.80375 0.414375 0.0125 0.085
1 0.815625 0.4375 0.024375 0.118125
1 0.836875 0.431875 0.028125 0.12375
1 0.854375 0.4225 0.01125 0.104375
1 0.8675 0.43 0.021875 0.119375
1 0.895 0.43125 0.031875 0.13875
1 0.92375 0.436875 0.024375 0.1375
1 0.945 0.424375 0.02125 0.143125
1 0.95875 0.435625 0.038125 0.165
1 0.988125 0.433125 0.021875 0.16125
1 0.756875 0.443125 0.034375 0.158125
0 0.16625 0.51375 0.331875 0.43625
0 0.505 0.59125 0.4925 0.594375