1 0.193125 0.275 0.02375 0.119375
1 0.725625 0.293125 0.02 0.093125
1 0.678125 0.28375 0.02 0.093125
1 0.96625 0.350625 0.038125 0.1725
1 0.83 0.2975 0.0225 0.091875
1 0.31375 0.26125 0.009375 0.06125
1 0.646875 0.294375 0.02 0.07625
1 0.19 0.2725 0.013125 0.106875
1 0.118125 0.220625 0.01125 0.02625
1 0.105 0.241875 0.01875 0.0775
1 0.085 0.235625 0.0175 0.09
0 0.36 0.29375 0.090625 0.09875
0 0.525625 0.27625 0.031875 0.043125
0 0.443125 0.25125 0.015 0.01
0 0.240625 0.261875 0.08 0.11375
0 0.296875 0.265 0.028125 0.079375
0 0.330625 0.261875 0.02125 0.05125
0 0.40375 0.258125 0.019375 0.030625
0 0.415 0.24875 0.015625 0.019375
0 0.428125 0.255 0.009375 0.016875
0 0.511875 0.2625 0.025 0.033125
0 0.4975 0.263125 0.0125 0.020625
0 0.489375 0.2525 0.0075 0.016875
0 0.481875 0.2525 0.0075 0.01375
0 0.466875 0.250625 0.009375 0.019375