0 0.445 0.37125 0.013125 0.018125
0 0.431875 0.375625 0.015 0.020625
0 0.400625 0.380625 0.013125 0.020625
0 0.39125 0.38 0.011875 0.02625
0 0.38 0.38125 0.015625 0.029375
0 0.369375 0.385 0.011875 0.025
0 0.35875 0.385625 0.013125 0.029375
0 0.343125 0.38875 0.024375 0.03875
0 0.32625 0.395 0.028125 0.03875
1 0.27375 0.375 0.0075 0.01375
0 0.295 0.398125 0.036875 0.054375
0 0.2775 0.40375 0.02875 0.05125
0 0.24625 0.406875 0.0425 0.0625
0 0.19875 0.41125 0.068125 0.083125
0 0.125625 0.42875 0.105 0.1025
0 0.04625 0.455625 0.0925 0.11125
0 0.41625 0.3825 0.0225 0.035
2 0.534375 0.35125 0.03375 0.058125
0 0.554375 0.368125 0.0275 0.033125
0 0.580625 0.3725 0.02375 0.02625
0 0.606875 0.375625 0.028125 0.045625
0 0.485625 0.394375 0.093125 0.094375
0 0.528125 0.54875 0.2525 0.330625
2 0.793125 0.3225 0.22125 0.305625