2 0.43875 0.435625 0.01625 0.01125
0 0.4925 0.436875 0.0075 0.01
0 0.481875 0.43625 0.009375 0.01125
0 0.493125 0.451875 0.009375 0.005625
0 0.49125 0.460625 0.0075 0.01125
0 0.481875 0.458125 0.009375 0.01
0 0.508125 0.464375 0.01125 0.015
0 0.445 0.444375 0.009375 0.01
0 0.446875 0.456875 0.006875 0.015
0 0.436875 0.44625 0.0075 0.006875
0 0.429375 0.4475 0.0075 0.01
0 0.423125 0.445625 0.006875 0.005625
0 0.421875 0.454375 0.0075 0.006875
0 0.410625 0.443125 0.009375 0.005625
0 0.40875 0.4525 0.009375 0.006875
0 0.41625 0.449375 0.00875 0.01
0 0.4 0.449375 0.005625 0.0125
0 0.374375 0.45 0.015 0.01125
0 0.3925 0.45125 0.01 0.01125
0 0.455625 0.451875 0.0075 0.018125
0 0.475 0.483125 0.0425 0.0475
0 0.275625 0.485 0.04125 0.06
0 0.245 0.4675 0.01625 0.015
2 0.753125 0.385 0.49125 0.765
0 0.12375 0.5525 0.1975 0.185
0 0.3675 0.64125 0.261875 0.3725