0 0.44125 0.48 0.013125 0.029375
0 0.55125 0.498125 0.0425 0.085
0 0.399375 0.480625 0.0275 0.041875
0 0.37625 0.49 0.034375 0.05125
0 0.466875 0.49 0.0475 0.09
0 0.24125 0.494375 0.11625 0.15
0 0.02625 0.42875 0.049375 0.043125
0 0.12 0.514375 0.211875 0.230625
0 0.03375 0.555 0.0675 0.243125
0 0.42125 0.491875 0.04625 0.065
0 0.511875 0.50625 0.09125 0.133125
1 0.57625 0.483125 0.0075 0.029375
1 0.585625 0.483125 0.006875 0.02625
1 0.591875 0.485625 0.0075 0.02625
1 0.6175 0.49 0.009375 0.041875
1 0.62625 0.49 0.0125 0.043125
1 0.66125 0.499375 0.01625 0.070625
0 0.80625 0.6 0.319375 0.295625