0 0.333125 0.511875 0.02375 0.02625
0 0.299375 0.52 0.02125 0.03875
0 0.319375 0.52 0.02375 0.03875
0 0.1975 0.5175 0.02125 0.015
0 0.17625 0.52875 0.024375 0.041875
0 0.13625 0.53 0.01875 0.0475
0 0.11 0.541875 0.035 0.0525
0 0.1525 0.530625 0.03625 0.05
0 0.06625 0.544375 0.07 0.068125
0 0.2725 0.53625 0.050625 0.070625
0 0.21 0.5325 0.07375 0.055625
1 0.39875 0.525625 0.02375 0.116875
1 0.35 0.535 0.038125 0.1375
1 0.265 0.5475 0.0275 0.1025
1 0.231875 0.556875 0.038125 0.105625
0 0.963125 0.536875 0.0725 0.1125
0 0.604375 0.539375 0.1625 0.16125
0 0.761875 0.5375 0.365625 0.2475