0 0.4475 0.438125 0.01 0.018125
0 0.45875 0.43625 0.0075 0.018125
0 0.469375 0.444375 0.0075 0.020625
0 0.461875 0.451875 0.009375 0.02375
0 0.46 0.461875 0.02125 0.02375
0 0.445625 0.47 0.02125 0.044375
0 0.43375 0.4825 0.0425 0.06125
0 0.4825 0.441875 0.01 0.01125
0 0.491875 0.45125 0.01 0.020625
0 0.481875 0.463125 0.015 0.020625
0 0.510625 0.456875 0.013125 0.02375
0 0.524375 0.456875 0.015 0.02375
0 0.506875 0.474375 0.0225 0.04
0 0.526875 0.46875 0.015 0.018125
0 0.53875 0.481875 0.0175 0.030625
0 0.5575 0.475625 0.015625 0.018125
0 0.585625 0.474375 0.015625 0.016875
0 0.6025 0.485625 0.034375 0.01375
0 0.605 0.495625 0.040625 0.020625
0 0.569375 0.49125 0.02625 0.035
0 0.6325 0.48875 0.015625 0.020625
0 0.64875 0.485625 0.013125 0.01375
0 0.665 0.489375 0.015 0.018125
0 0.65125 0.50625 0.02125 0.0275
0 0.671875 0.50625 0.019375 0.029375
0 0.691875 0.514375 0.0275 0.04
0 0.71125 0.52125 0.02375 0.044375
0 0.724375 0.52375 0.03625 0.06375
0 0.76625 0.530625 0.07625 0.0775
0 0.856875 0.5475 0.109375 0.095625
0 0.928125 0.568125 0.036875 0.06375
0 0.9575 0.63625 0.081875 0.119375
1 0.388125 0.458125 0.01 0.044375
1 0.350625 0.48875 0.011875 0.035
1 0.30875 0.45875 0.015625 0.079375
1 0.295 0.456875 0.015 0.09875
1 0.2825 0.463125 0.02125 0.119375
1 0.0175 0.5025 0.034375 0.27375