0 0.5175 0.55375 0.013125 0.02375
0 0.52375 0.555625 0.0175 0.0275
0 0.530625 0.554375 0.0175 0.025
0 0.54 0.556875 0.024375 0.03625
0 0.55125 0.563125 0.021875 0.043125
0 0.494375 0.55375 0.015625 0.02375
0 0.47875 0.55375 0.01375 0.0275
0 0.466875 0.558125 0.01875 0.0275
0 0.425625 0.56 0.03875 0.06125
0 0.37875 0.56875 0.0775 0.104375
0 0.50375 0.556875 0.011875 0.025
0 0.28125 0.60125 0.140625 0.15
0 0.585 0.56 0.071875 0.1225
0 0.81875 0.548125 0.074375 0.119375
0 0.715 0.545 0.0875 0.0975
1 0.02 0.616875 0.04 0.16125
1 0.03875 0.623125 0.043125 0.18875