0 0.4975 0.435 0.0175 0.020625
0 0.476875 0.431875 0.0275 0.015
0 0.4725 0.4425 0.0275 0.015
0 0.453125 0.42875 0.02 0.018125
0 0.4575 0.44125 0.0175 0.018125
0 0.4375 0.433125 0.02 0.02375
0 0.414375 0.43 0.025625 0.015
0 0.385 0.433125 0.021875 0.0125
0 0.384375 0.445 0.034375 0.025
0 0.368125 0.4375 0.024375 0.025
0 0.30875 0.430625 0.02 0.02375
0 0.331875 0.45 0.06875 0.066875
0 0.2925 0.416875 0.03125 0.015
0 0.255625 0.416875 0.03125 0.03625
0 0.285 0.45 0.044375 0.05125
0 0.219375 0.4575 0.103125 0.07625
0 0.1525 0.45625 0.063125 0.054375
0 0.075625 0.439375 0.061875 0.05125
0 0.119375 0.474375 0.0975 0.079375
0 0.04125 0.47 0.081875 0.1125
2 0.43375 0.418125 0.030625 0.04
0 0.569375 0.431875 0.011875 0.015
0 0.5775 0.435625 0.011875 0.025
0 0.58625 0.443125 0.01875 0.04
0 0.605 0.451875 0.04875 0.069375
2 0.55625 0.424375 0.025625 0.05125
0 0.559375 0.4375 0.01375 0.025
0 0.53125 0.466875 0.07 0.104375
0 0.421875 0.4725 0.071875 0.085
0 0.85 0.395 0.034375 0.030625