0 0.35375 0.21625 0.015625 0.0275
0 0.388125 0.20875 0.01 0.02375
0 0.323125 0.2175 0.02875 0.02625
0 0.323125 0.255 0.02875 0.08625
0 0.234375 0.223125 0.0325 0.055625
0 0.219375 0.239375 0.05125 0.070625
0 0.505 0.205625 0.015625 0.035
0 0.544375 0.21125 0.040625 0.05125
0 0.453125 0.18125 0.030625 0.033125
2 0.4825 0.195 0.02875 0.065
2 0.531875 0.185 0.0425 0.091875
1 0.304375 0.21125 0.019375 0.07375
0 0.1675 0.25 0.07875 0.08625
0 0.45375 0.25375 0.084375 0.12625
0 0.60375 0.205625 0.08625 0.133125
2 0.824375 0.218125 0.350625 0.43625