0 0.433125 0.50625 0.0125 0.015
0 0.44625 0.505625 0.015625 0.0225
0 0.4175 0.508125 0.0125 0.01125
0 0.40375 0.51 0.015625 0.01375
0 0.39125 0.506875 0.013125 0.016875
0 0.37625 0.504375 0.015625 0.0225
0 0.36 0.499375 0.0125 0.0275
0 0.353125 0.501875 0.0075 0.025
0 0.349375 0.500625 0.00875 0.0275
0 0.34625 0.500625 0.01125 0.031875
0 0.33125 0.495 0.021875 0.041875
0 0.315 0.499375 0.0425 0.04
0 0.488125 0.51375 0.035 0.05125
0 0.27 0.5 0.02625 0.06
0 0.25125 0.501875 0.03 0.0625
0 0.22625 0.5075 0.040625 0.070625
0 0.189375 0.508125 0.06375 0.0875
0 0.113125 0.516875 0.124375 0.11
0 0.005 0.551875 0.01 0.06
1 0.12875 0.451875 0.0175 0.031875
1 0.661875 0.515 0.01875 0.079375
1 0.575 0.49625 0.0125 0.05125
1 0.568125 0.504375 0.01 0.03875
1 0.593125 0.505 0.00875 0.04875
1 0.59875 0.5025 0.01125 0.044375
1 0.611875 0.5025 0.01125 0.054375
0 0.474375 0.5075 0.009375 0.0275