1 0.7025 0.524375 0.015 0.06375
1 0.175625 0.53625 0.013125 0.058125
1 0.91125 0.560625 0.02875 0.145625
1 0.92875 0.560625 0.038125 0.15
1 0.983125 0.555 0.0325 0.170625
0 0.32625 0.523125 0.0175 0.02375
0 0.388125 0.51375 0.0225 0.0375
0 0.41625 0.53 0.03625 0.02375
0 0.544375 0.504375 0.02375 0.018125
0 0.55125 0.520625 0.02125 0.0375
0 0.486875 0.500625 0.01875 0.006875
0 0.59125 0.51875 0.056875 0.0375
0 0.5075 0.495625 0.01875 0.016875
0 0.899375 0.544375 0.1475 0.085
0 0.444375 0.51625 0.013125 0.0275
0 0.3675 0.53625 0.04625 0.04875
0 0.500625 0.570625 0.09625 0.13875
2 0.2725 0.545 0.10125 0.12375
0 0.02875 0.563125 0.0575 0.079375