0 0.401875 0.4525 0.015625 0.030625
0 0.3925 0.45375 0.02625 0.033125
0 0.378125 0.4525 0.028125 0.0375
0 0.3675 0.45625 0.03375 0.044375
0 0.36 0.45875 0.03625 0.04875
0 0.344375 0.46 0.040625 0.05
0 0.328125 0.46375 0.05125 0.0525
0 0.3075 0.46375 0.0525 0.0625
0 0.29 0.465 0.04875 0.068125
0 0.2325 0.45875 0.1275 0.0875
0 0.211875 0.47375 0.1175 0.0875
0 0.15125 0.473125 0.1375 0.115
0 0.0775 0.46875 0.155 0.155
0 0.05 0.48125 0.1 0.17375
2 0.443125 0.4425 0.0125 0.030625
0 0.4825 0.451875 0.00875 0.018125
0 0.494375 0.455625 0.019375 0.025
0 0.52625 0.455625 0.075 0.0475
0 0.5575 0.46875 0.099375 0.06375
1 0.5675 0.47 0.01125 0.07625
1 0.5975 0.479375 0.01125 0.065
1 0.585 0.475 0.011875 0.06375
0 0.701875 0.50875 0.19875 0.22375
0 0.863125 0.638125 0.2725 0.4
2 0.4625 0.441875 0.028125 0.06375
0 0.41875 0.44625 0.030625 0.056875