1 0.273125 0.58875 0.00875 0.02375
2 0.271875 0.57625 0.055 0.069375
0 0.0075 0.575 0.015 0.025
0 0.021875 0.58 0.019375 0.025
0 0.03625 0.580625 0.018125 0.029375
0 0.05875 0.581875 0.0375 0.030625
0 0.085 0.5725 0.021875 0.016875
0 0.09375 0.5825 0.03125 0.030625
0 0.16625 0.59 0.055 0.04
0 0.22375 0.59875 0.0625 0.041875
0 0.306875 0.5725 0.01625 0.016875
0 0.290625 0.5975 0.04625 0.04875
0 0.33 0.59875 0.0675 0.05125
0 0.378125 0.59125 0.04875 0.066875
0 0.405 0.59875 0.07625 0.0625
0 0.449375 0.593125 0.0125 0.025
0 0.525625 0.58625 0.105 0.093125
0 0.5225 0.60375 0.085 0.0625
0 0.58875 0.598125 0.0275 0.03875
0 0.60625 0.59375 0.015 0.025
0 0.706875 0.593125 0.055625 0.035
0 0.719375 0.61125 0.065625 0.0375
0 0.8525 0.605625 0.06625 0.05125
0 0.813125 0.61375 0.115625 0.068125
0 0.803125 0.62375 0.100625 0.075
0 0.960625 0.643125 0.078125 0.068125
0 0.6525 0.61125 0.103125 0.0725
0 0.749375 0.689375 0.128125 0.1625