1 0.016875 0.55625 0.024375 0.11
1 0.844375 0.5025 0.01 0.045625
0 0.095 0.551875 0.12 0.09
0 0.39125 0.56625 0.150625 0.191875
0 0.580625 0.5725 0.11 0.15
0 0.769375 0.5475 0.1725 0.216875
2 0.493125 0.499375 0.0425 0.0775
0 0.18375 0.544375 0.055 0.069375
0 0.3 0.5475 0.07125 0.09875
0 0.249375 0.535625 0.1275 0.11
0 0.463125 0.48875 0.021875 0.045625
0 0.518125 0.499375 0.015 0.045625
0 0.62375 0.5225 0.02375 0.05
0 0.668125 0.53125 0.0625 0.068125
0 0.97625 0.59 0.04125 0.145625
1 0.92625 0.5525 0.02375 0.14
0 0.5375 0.52 0.019375 0.0475