1 0.305 0.455 0.019375 0.065
1 0.270625 0.445 0.01625 0.029375
1 0.595 0.514375 0.0225 0.108125
1 0.7675 0.574375 0.030625 0.11
1 0.700625 0.55625 0.02875 0.13625
1 0.04625 0.46875 0.02 0.093125
1 0.03875 0.45875 0.018125 0.09
1 0.025 0.46125 0.021875 0.085
1 0.450625 0.51375 0.03625 0.16
0 0.02 0.499375 0.03875 0.145625
0 0.165 0.52875 0.238125 0.17625
1 0.531875 0.598125 0.075625 0.370625
2 0.978125 0.6025 0.04 0.119375
0 0.95875 0.629375 0.01625 0.043125
0 0.9375 0.62375 0.02625 0.06
0 0.875625 0.601875 0.100625 0.13875
1 0.631875 0.5475 0.04125 0.179375
1 0.728125 0.564375 0.024375 0.10125