0 0.49 0.4675 0.0075 0.018125
0 0.496875 0.468125 0.01 0.020625
0 0.503125 0.469375 0.011875 0.018125
0 0.515625 0.475 0.01875 0.030625
0 0.53125 0.485 0.02625 0.04
0 0.481875 0.46375 0.011875 0.02625
0 0.4725 0.4675 0.015 0.018125
0 0.468125 0.468125 0.015625 0.030625
0 0.45625 0.4775 0.01875 0.035
0 0.44375 0.486875 0.030625 0.04
0 0.614375 0.525 0.040625 0.12375
0 0.6825 0.5275 0.165 0.255625
0 0.87875 0.6125 0.2375 0.52375
0 0.174375 0.541875 0.275625 0.3775
1 0.588125 0.535625 0.02625 0.13875
1 0.418125 0.479375 0.0075 0.033125
1 0.40375 0.48125 0.01 0.033125
1 0.39125 0.48625 0.009375 0.0375
1 0.3825 0.493125 0.01 0.041875
1 0.375 0.49125 0.011875 0.0375
1 0.5575 0.48625 0.0075 0.044375
1 0.56875 0.485625 0.011875 0.041875
1 0.763125 0.49375 0.02125 0.065
1 0.781875 0.4925 0.02375 0.0725