0 0.465 0.19125 0.01 0.016875
0 0.449375 0.185 0.009375 0.01125
0 0.4525 0.200625 0.0175 0.029375
0 0.48375 0.181875 0.0175 0.008125
0 0.405625 0.199375 0.011875 0.02375
0 0.394375 0.21 0.011875 0.01125
0 0.481875 0.20125 0.0275 0.0375
0 0.9825 0.1975 0.034375 0.143125
1 0.876875 0.11125 0.021875 0.0725
1 0.038125 0.5025 0.0725 0.42625
1 0.18 0.275625 0.01125 0.029375
1 0.0825 0.3125 0.01375 0.041875
1 0.068125 0.30125 0.01125 0.0375
1 0.055625 0.305625 0.015 0.030625
1 0.0275 0.3125 0.01125 0.02625
1 0.246875 0.2475 0.009375 0.018125
1 0.2725 0.244375 0.005 0.02375
1 0.293125 0.239375 0.005 0.01375
1 0.299375 0.24125 0.006875 0.02375
1 0.350625 0.220625 0.011875 0.033125
1 0.37125 0.204375 0.006875 0.01375