1 0.0225 0.3025 0.005625 0.02625
1 0.0275 0.29875 0.009375 0.0225
1 0.634375 0.154375 0.0125 0.041875
1 0.6225 0.156875 0.005 0.035
0 0.130625 0.295 0.06125 0.058125
0 0.3475 0.26375 0.075625 0.104375
0 0.5975 0.19375 0.068125 0.0875
0 0.87625 0.244375 0.246875 0.2225
0 0.1725 0.28 0.040625 0.0475
0 0.198125 0.27 0.02875 0.05
0 0.220625 0.268125 0.025625 0.033125
0 0.23875 0.26 0.021875 0.0375
0 0.29875 0.23875 0.0075 0.029375
0 0.3075 0.2325 0.0075 0.025
0 0.385 0.23 0.038125 0.055625
0 0.406875 0.214375 0.028125 0.045625
0 0.425625 0.20875 0.01375 0.02625
0 0.435 0.201875 0.009375 0.025
0 0.556875 0.19 0.028125 0.06
0 0.53875 0.19625 0.025625 0.035
0 0.530625 0.189375 0.02125 0.045625
0 0.521875 0.19 0.024375 0.035
1 0.50125 0.18625 0.011875 0.041875
0 0.4925 0.18875 0.01 0.02625
0 0.483125 0.1925 0.0175 0.025
0 0.31625 0.2325 0.0125 0.0225