1 0.13375 0.568125 0.035 0.158125
1 0.965 0.52375 0.019375 0.081875
1 0.87125 0.525625 0.021875 0.081875
1 0.838125 0.51125 0.011875 0.045625
1 0.8575 0.52 0.01375 0.08875
1 0.4575 0.51375 0.009375 0.043125
1 0.436875 0.5175 0.01 0.029375
1 0.41 0.50875 0.01375 0.033125
1 0.39 0.511875 0.009375 0.03875
1 0.090625 0.594375 0.038125 0.11375
1 0.075 0.573125 0.028125 0.14
1 0.06 0.575 0.01875 0.13625
2 0.625625 0.483125 0.02125 0.035
0 0.651875 0.52 0.043125 0.0975
0 0.248125 0.485625 0.02875 0.035
0 0.56625 0.59625 0.17 0.269375
0 0.731875 0.54375 0.15125 0.19
0 0.97625 0.6825 0.043125 0.23625