1 0.63125 0.536875 0.00625 0.030625
0 0.55625 0.52625 0.00875 0.0125
0 0.5475 0.529375 0.0075 0.01375
0 0.5375 0.529375 0.006875 0.01125
0 0.54125 0.554375 0.0175 0.041875
0 0.485 0.541875 0.011875 0.045625
0 0.50875 0.55 0.044375 0.05
2 0.4525 0.531875 0.0575 0.070625
0 0.381875 0.561875 0.1075 0.13625
0 0.571875 0.53125 0.0125 0.018125
0 0.5825 0.529375 0.005625 0.01375
0 0.588125 0.53125 0.00875 0.015
0 0.5925 0.53375 0.00875 0.018125
0 0.600625 0.5375 0.01375 0.0225
0 0.61 0.54375 0.024375 0.025
2 0.785 0.52125 0.0775 0.081875
2 0.7975 0.526875 0.061875 0.0875
2 0.9075 0.5275 0.181875 0.133125
2 0.8475 0.52875 0.09125 0.1
0 0.681875 0.555625 0.0475 0.02375
0 0.964375 0.5825 0.06875 0.095625
0 0.825625 0.689375 0.16625 0.2275
0 0.68125 0.695625 0.22375 0.2625
0 0.42625 0.764375 0.3 0.4125