0 0.09 0.605 0.178125 0.255625
2 0.21375 0.56125 0.090625 0.106875
0 0.29625 0.56375 0.021875 0.04
0 0.355 0.53625 0.1075 0.23625
0 0.41375 0.558125 0.0225 0.07625
0 0.431875 0.55 0.018125 0.06375
0 0.445625 0.544375 0.01375 0.03625
0 0.46625 0.555625 0.03375 0.04875
0 0.524375 0.561875 0.01875 0.0525
0 0.538125 0.560625 0.031875 0.06375
0 0.541875 0.5625 0.0225 0.06375
0 0.55625 0.574375 0.0275 0.075
0 0.608125 0.57625 0.1125 0.133125
0 0.638125 0.1475 0.12625 0.05125
1 0.77125 0.57375 0.03375 0.175
1 0.93 0.57875 0.040625 0.1975