0 0.220625 0.480625 0.013125 0.0125
0 0.209375 0.48125 0.009375 0.01125
0 0.194375 0.4825 0.015625 0.020625
0 0.18625 0.486875 0.018125 0.020625
0 0.17375 0.48875 0.01625 0.029375
0 0.16125 0.4925 0.018125 0.03625
0 0.144375 0.4925 0.02875 0.03625
0 0.12625 0.4975 0.0225 0.03875
0 0.10625 0.493125 0.03125 0.055625
0 0.08875 0.508125 0.036875 0.05125
0 0.0575 0.513125 0.05375 0.0525
0 0.264375 0.47875 0.009375 0.016875
0 0.25125 0.485 0.01875 0.033125
0 0.24 0.48875 0.0225 0.033125
2 0.29875 0.48625 0.0525 0.108125
1 0.321875 0.544375 0.05 0.156875
0 0.788125 0.650625 0.41625 0.433125
1 0.745 0.43625 0.0225 0.03875