0 0.06875 0.574375 0.0425 0.0475
2 0.093125 0.5925 0.059375 0.06
2 0.275625 0.56625 0.06375 0.0775
0 0.47375 0.591875 0.01375 0.020625
0 0.454375 0.59875 0.03 0.055625
0 0.49625 0.5925 0.018125 0.02625
0 0.511875 0.59875 0.0275 0.018125
0 0.595 0.614375 0.0375 0.0475
0 0.613125 0.60375 0.02625 0.031875
1 0.700625 0.6 0.034375 0.030625
1 0.74375 0.5875 0.019375 0.025
0 0.724375 0.59125 0.0175 0.0125
0 0.750625 0.594375 0.053125 0.025
0 0.650625 0.6375 0.100625 0.09
0 0.365 0.655625 0.180625 0.24
0 0.168125 0.6075 0.1625 0.1775
0 0.036875 0.585625 0.07375 0.083125
0 0.75875 0.6675 0.169375 0.143125