1 0.37 0.649375 0.005625 0.0275
1 0.360625 0.6525 0.0075 0.04
1 0.346875 0.649375 0.009375 0.041875
1 0.27625 0.64125 0.0075 0.030625
1 0.26875 0.644375 0.0075 0.0375
1 0.25875 0.658125 0.009375 0.05125
1 0.249375 0.655 0.0075 0.04875
1 0.24125 0.649375 0.0075 0.0475
1 0.0075 0.63875 0.015 0.0625
1 0.026875 0.636875 0.01375 0.04875
1 0.035 0.64 0.011875 0.041875
1 0.056875 0.63875 0.0175 0.04875
1 0.065 0.64125 0.01375 0.044375
1 0.08 0.6375 0.02625 0.033125
1 0.1025 0.63875 0.013125 0.025
1 0.11875 0.63 0.011875 0.035
1 0.13 0.64 0.02125 0.0275
1 0.14625 0.6425 0.01375 0.018125
1 0.16375 0.64125 0.0075 0.035
1 0.174375 0.64 0.01 0.033125
1 0.189375 0.649375 0.0175 0.055625
1 0.20375 0.658125 0.009375 0.05125
1 0.214375 0.65625 0.01375 0.06125
1 0.22625 0.664375 0.011875 0.08625
1 0.231875 0.666875 0.01375 0.08625
0 0.42375 0.6425 0.01875 0.030625
0 0.39625 0.616875 0.02375 0.016875
0 0.3975 0.631875 0.03125 0.018125
0 0.596875 0.67375 0.061875 0.093125
0 0.640625 0.71125 0.086875 0.135
0 0.39 0.676875 0.05625 0.081875
0 0.30125 0.675 0.086875 0.105625
0 0.54875 0.658125 0.025 0.04
0 0.479375 0.71625 0.13 0.22375
0 0.81125 0.8 0.375 0.395625
0 0.12 0.82875 0.23625 0.33625