0 0.493125 0.391875 0.005625 0.018125
0 0.565 0.41125 0.00625 0.0225
0 0.539375 0.41375 0.009375 0.020625
0 0.485 0.393125 0.0075 0.020625
0 0.4725 0.393125 0.011875 0.020625
0 0.43 0.420625 0.025 0.04
0 0.318125 0.43625 0.04625 0.06125
0 0.656875 0.435 0.065 0.0725
0 0.855 0.45625 0.174375 0.125
0 0.97 0.483125 0.056875 0.145625
0 0.44875 0.47625 0.015 0.0025
0 0.3975 0.430625 0.018125 0.030625
0 0.375625 0.430625 0.02375 0.0375
0 0.24125 0.429375 0.06625 0.025
0 0.5075 0.400625 0.0125 0.0225
0 0.53 0.413125 0.009375 0.020625
0 0.4675 0.41 0.02125 0.0275
1 0.353125 0.43625 0.0075 0.055625
1 0.738125 0.431875 0.011875 0.070625
1 0.74875 0.41875 0.0075 0.058125
0 0.19875 0.46125 0.03625 0.044375
0 0.52125 0.40375 0.0075 0.02375