0 0.766875 0.475 0.015 0.0225
0 0.749375 0.47875 0.01625 0.025
0 0.73 0.4975 0.0325 0.054375
0 0.70125 0.498125 0.030625 0.068125
0 0.635625 0.504375 0.015 0.035
0 0.618125 0.505625 0.02625 0.0375
0 0.5825 0.511875 0.059375 0.05
0 0.54625 0.523125 0.0425 0.043125
0 0.51 0.516875 0.0425 0.055625
0 0.4575 0.51375 0.06875 0.095625
0 0.800625 0.645625 0.265625 0.243125
0 0.3925 0.543125 0.07 0.070625
0 0.919375 0.80625 0.159375 0.380625
1 0.330625 0.4425 0.01625 0.030625
1 0.27125 0.474375 0.02375 0.0875