1 0.79375 0.600625 0.02125 0.09875
1 0.755625 0.5925 0.01875 0.08625
1 0.9425 0.61125 0.0325 0.119375
1 0.91125 0.623125 0.02375 0.095625
1 0.8325 0.581875 0.0175 0.08875
1 0.8225 0.589375 0.015625 0.10125
1 0.660625 0.58625 0.01 0.041875
1 0.19625 0.6125 0.01 0.070625
1 0.22 0.62875 0.013125 0.079375
1 0.280625 0.62125 0.01875 0.06125
1 0.381875 0.605 0.009375 0.055625
1 0.40875 0.595625 0.01 0.055625
1 0.41875 0.595625 0.011875 0.055625
0 0.5425 0.589375 0.03625 0.0775
0 0.78125 0.60125 0.0175 0.02625
0 0.33875 0.61 0.0475 0.08875
0 0.486875 0.62875 0.105625 0.16
0 0.6075 0.626875 0.1075 0.12375
2 0.5725 0.56875 0.03125 0.04
0 0.055 0.698125 0.109375 0.25125
0 0.955625 0.605 0.0725 0.1125