0 0.730625 0.311875 0.030625 0.04
0 0.74125 0.31125 0.02875 0.033125
0 0.755625 0.31 0.02375 0.044375
0 0.77625 0.30625 0.055625 0.041875
0 0.769375 0.313125 0.040625 0.0275
0 0.783125 0.311875 0.03125 0.030625
0 0.8025 0.308125 0.034375 0.0375
0 0.824375 0.3025 0.04375 0.044375
0 0.838125 0.304375 0.0575 0.055625
0 0.859375 0.30125 0.0425 0.05125
0 0.888125 0.3025 0.065 0.06375
0 0.899375 0.3025 0.063125 0.044375
0 0.91125 0.3075 0.063125 0.04875
0 0.94625 0.295625 0.04625 0.04
0 0.60875 0.323125 0.02625 0.02375
0 0.55375 0.33 0.01 0.01375
0 0.173125 0.385 0.05 0.0375
0 0.383125 0.388125 0.040625 0.04875
2 0.46 0.354375 0.0475 0.09875
2 0.305625 0.406875 0.11125 0.1475
0 0.02875 0.401875 0.056875 0.044375
0 0.959375 0.30125 0.080625 0.095625