0 0.506875 0.6125 0.015 0.02375
0 0.495625 0.615 0.01375 0.018125
0 0.4825 0.6125 0.0175 0.02375
0 0.468125 0.61375 0.01125 0.018125
0 0.455625 0.610625 0.018125 0.0275
0 0.444375 0.613125 0.01375 0.0225
0 0.4325 0.60625 0.01375 0.0375
0 0.406875 0.598125 0.045 0.075
0 0.318125 0.604375 0.036875 0.06
0 0.215 0.616875 0.053125 0.06375
0 0.150625 0.613125 0.090625 0.0875
0 0.059375 0.616875 0.118125 0.125
0 0.271875 0.60625 0.084375 0.080625
0 0.3575 0.6 0.08 0.095625
0 0.52125 0.6 0.018125 0.044375
0 0.534375 0.61375 0.009375 0.015
0 0.543125 0.613125 0.015625 0.016875
0 0.555 0.61125 0.00875 0.0125
0 0.56125 0.61375 0.01 0.018125
0 0.568125 0.61125 0.009375 0.02375
0 0.57125 0.613125 0.0075 0.0225
0 0.585 0.6075 0.024375 0.0375
0 0.60375 0.606875 0.02125 0.0525
0 0.638125 0.601875 0.0575 0.0875
0 0.981875 0.625625 0.034375 0.120625
1 0.7275 0.58625 0.021875 0.115
1 0.76375 0.595625 0.0275 0.135
1 0.8025 0.6025 0.0225 0.118125