2 0.733125 0.4225 0.031875 0.0725
0 0.709375 0.43625 0.01125 0.016875
0 0.756875 0.43375 0.01125 0.016875
0 0.768125 0.436875 0.01 0.020625
0 0.77875 0.436875 0.015625 0.020625
2 0.81 0.44375 0.038125 0.05
0 0.85375 0.4625 0.03 0.058125
0 0.898125 0.46875 0.078125 0.1025
0 0.64 0.433125 0.018125 0.020625
0 0.59625 0.433125 0.01 0.020625
0 0.611875 0.43875 0.018125 0.025
0 0.57375 0.433125 0.019375 0.0275
0 0.518125 0.445 0.05 0.0625
0 0.426875 0.443125 0.046875 0.06125
0 0.554375 0.435 0.015 0.030625
1 0.3775 0.4225 0.009375 0.043125