2 0.49921875 0.55390625 0.1328125 0.17265625
0 0.2640625 0.50859375 0.0296875 0.0125
0 0.33203125 0.5609375 0.1234375 0.12109375
2 0.4703125 0.49140625 0.103125 0.09765625
0 0.39375 0.51328125 0.01953125 0.02109375
1 0.13359375 0.5203125 0.0140625 0.0484375
1 0.7171875 0.5140625 0.0109375 0.05390625
1 0.79921875 0.53203125 0.025 0.0984375
1 0.578125 0.51015625 0.0046875 0.02734375
1 0.2328125 0.51875 0.00546875 0.02265625
1 0.57265625 0.51015625 0.00625 0.0296875
1 0.6140625 0.5078125 0.00703125 0.02734375
1 0.740625 0.53203125 0.00859375 0.0265625
1 0.11875 0.52265625 0.0125 0.0546875
1 0.5671875 0.50546875 0.00390625 0.01640625