1 0.65375 0.5475 0.01625 0.068125
1 0.6375 0.54875 0.01625 0.06125
1 0.6175 0.54 0.0125 0.0525
1 0.60375 0.5425 0.006875 0.0625
1 0.594375 0.53625 0.009375 0.055625
1 0.585 0.5375 0.009375 0.0725
1 0.57625 0.53875 0.009375 0.05125
1 0.565 0.530625 0.01125 0.068125
1 0.553125 0.53125 0.0125 0.055625
1 0.54 0.49375 0.01125 0.02375
1 0.543125 0.53125 0.0075 0.055625
0 0.46625 0.483125 0.021875 0.016875
0 0.49625 0.49 0.018125 0.0225
0 0.468125 0.49875 0.024375 0.019375
0 0.481875 0.508125 0.013125 0.029375
1 0.443125 0.514375 0.0075 0.03625
1 0.435 0.519375 0.0075 0.03625
1 0.42125 0.519375 0.0075 0.03625
1 0.41375 0.519375 0.006875 0.041875
1 0.405625 0.51625 0.00375 0.033125
1 0.39875 0.516875 0.009375 0.055625
1 0.390625 0.519375 0.006875 0.06125
1 0.3775 0.49375 0.0075 0.029375
1 0.383125 0.52125 0.01125 0.06125
1 0.331875 0.486875 0.009375 0.02375
1 0.345625 0.485625 0.015 0.02625
1 0.353125 0.488125 0.0075 0.0225
1 0.363125 0.49 0.015 0.03625
0 0.359375 0.53375 0.05875 0.085
0 0.306875 0.55 0.10625 0.130625
1 0.238125 0.4625 0.018125 0.02375
0 0.458125 0.53375 0.0325 0.045625
0 0.50625 0.54125 0.065625 0.11375
0 0.1475 0.58125 0.294375 0.2625