1 0.46625 0.494375 0.00875 0.04
1 0.48875 0.508125 0.00875 0.070625
1 0.49625 0.5075 0.00875 0.0725
1 0.503125 0.508125 0.011875 0.091875
1 0.515 0.513125 0.011875 0.0975
1 0.53125 0.518125 0.013125 0.08625
1 0.550625 0.5175 0.02125 0.081875
1 0.581875 0.515 0.003125 0.05
1 0.57875 0.529375 0.00875 0.04
1 0.588125 0.506875 0.005625 0.0225
1 0.650625 0.530625 0.0125 0.08625
1 0.594375 0.52125 0.0075 0.04875
1 0.6025 0.52375 0.006875 0.0625
1 0.661875 0.531875 0.005625 0.05125
1 0.66875 0.53375 0.00375 0.041875
1 0.67625 0.531875 0.00875 0.05125
1 0.720625 0.53625 0.015 0.095625
1 0.643125 0.539375 0.019375 0.130625
1 0.62375 0.535 0.019375 0.116875
1 0.8375 0.54875 0.02875 0.154375
1 0.913125 0.5725 0.055 0.17625
1 0.69625 0.541875 0.030625 0.1125
1 0.56375 0.5375 0.01875 0.079375
1 0.220625 0.4675 0.0125 0.04
1 0.20625 0.4775 0.0125 0.05
1 0.230625 0.454375 0.01125 0.0275
1 0.44875 0.50125 0.0125 0.06125
1 0.424375 0.489375 0.006875 0.05
1 0.413125 0.48375 0.011875 0.05
1 0.4325 0.494375 0.006875 0.05
1 0.0075 0.51875 0.013125 0.1475
0 0.305625 0.535625 0.19625 0.294375