0 0.540625 0.57125 0.006875 0.01375
0 0.5325 0.57 0.009375 0.0125
0 0.520625 0.575 0.025 0.03625
0 0.549375 0.573125 0.009375 0.025
0 0.563125 0.581875 0.025625 0.031875
0 0.6025 0.6025 0.059375 0.083125
0 0.495 0.61625 0.075625 0.1025
0 0.44875 0.569375 0.015 0.018125
0 0.431875 0.569375 0.01375 0.020625
0 0.375625 0.5725 0.013125 0.019375
0 0.360625 0.581875 0.0275 0.031875
0 0.328125 0.58 0.03 0.031875
0 0.290625 0.58375 0.043125 0.03625
0 0.255625 0.58375 0.038125 0.031875
2 0.198125 0.55 0.1025 0.11375
0 0.405625 0.59625 0.059375 0.081875
0 0.1275 0.726875 0.255 0.418125
2 0.81 0.4425 0.378125 0.883125