0 0.461875 0.4925 0.018125 0.04875
0 0.48 0.50625 0.03 0.06
0 0.5 0.505 0.03625 0.06125
0 0.544375 0.499375 0.0275 0.03875
0 0.580625 0.515 0.036875 0.04875
0 0.423125 0.533125 0.07625 0.14
1 0.87375 0.4925 0.01375 0.019375
1 0.834375 0.5025 0.009375 0.0275
1 0.844375 0.524375 0.01625 0.04
1 0.30875 0.50125 0.011875 0.043125
1 0.280625 0.505 0.009375 0.06125
1 0.269375 0.5025 0.01125 0.065
1 0.234375 0.50625 0.01375 0.068125
1 0.265625 0.51875 0.01875 0.080625
1 0.290625 0.505 0.011875 0.065
1 0.25125 0.5125 0.018125 0.0975
0 0.189375 0.535625 0.10125 0.1275
0 0.08625 0.57 0.171875 0.16125
1 0.7275 0.529375 0.018125 0.085
0 0.525625 0.54 0.0825 0.14875
0 0.65125 0.543125 0.1375 0.16375
0 0.364375 0.570625 0.13875 0.205625
0 0.799375 0.54 0.07875 0.06375
0 0.9075 0.565 0.1825 0.14875
0 0.928125 0.69375 0.1425 0.280625
1 0.12375 0.55 0.045 0.191875