1 0.935625 0.38625 0.013125 0.0775
1 0.88875 0.391875 0.01125 0.0525
1 0.86375 0.38375 0.01375 0.06125
1 0.135 0.308125 0.03875 0.144375
1 0.358125 0.339375 0.02125 0.09
1 0.825 0.383125 0.011875 0.055625
1 0.81625 0.385625 0.0125 0.04875
1 0.761875 0.3775 0.006875 0.05125
1 0.749375 0.37125 0.0075 0.045625
1 0.743125 0.37375 0.01125 0.054375
1 0.73625 0.375 0.00625 0.044375
1 0.7825 0.380625 0.009375 0.05
1 0.774375 0.380625 0.009375 0.045625
1 0.395 0.320625 0.013125 0.04875
1 0.38125 0.325 0.015 0.045625
1 0.419375 0.330625 0.011875 0.058125
1 0.406875 0.315 0.0075 0.04875
0 0.9475 0.391875 0.05375 0.054375
0 0.966875 0.408125 0.065625 0.105625
0 0.99125 0.5275 0.0175 0.116875
0 0.544375 0.34625 0.0175 0.030625
0 0.6025 0.358125 0.02 0.044375
0 0.530625 0.34 0.01125 0.02375
0 0.70875 0.36625 0.05 0.09
1 0.465 0.35625 0.01125 0.079375
1 0.45375 0.355625 0.01125 0.083125
1 0.440625 0.35875 0.01375 0.09
0 0.4975 0.355625 0.07 0.094375
0 0.57 0.366875 0.055625 0.07625
0 0.6525 0.35625 0.074375 0.119375