0 0.428125 0.49375 0.009375 0.016875
0 0.419375 0.499375 0.0075 0.016875
0 0.410625 0.50125 0.009375 0.0225
0 0.4 0.5 0.015 0.04
0 0.383125 0.499375 0.03125 0.055625
0 0.368125 0.514375 0.030625 0.058125
0 0.3525 0.52 0.02875 0.0625
0 0.315 0.51125 0.06625 0.125
0 0.234375 0.531875 0.150625 0.1875
0 0.095 0.595625 0.19 0.433125
0 0.465 0.489375 0.013125 0.019375
0 0.475625 0.49375 0.0125 0.030625
0 0.488125 0.498125 0.015 0.03625
0 0.50375 0.50125 0.030625 0.068125
0 0.54375 0.500625 0.05625 0.1525
2 0.693125 0.53875 0.259375 0.3125
2 0.8575 0.58375 0.2825 0.579375