1 0.62125 0.599375 0.01375 0.04
1 0.61125 0.605625 0.009375 0.04
0 0.500625 0.59 0.00875 0.015
0 0.491875 0.58875 0.01 0.018125
0 0.49125 0.595 0.006875 0.018125
0 0.5225 0.595625 0.005625 0.0225
0 0.529375 0.598125 0.009375 0.025
0 0.535 0.600625 0.015 0.030625
0 0.510625 0.60375 0.025 0.04
0 0.554375 0.606875 0.031875 0.04875
0 0.480625 0.595 0.01625 0.029375
0 0.45875 0.5975 0.025625 0.0525
0 0.384375 0.588125 0.015625 0.031875
0 0.3975 0.59875 0.019375 0.044375
0 0.375625 0.59 0.00875 0.030625
0 0.359375 0.5875 0.024375 0.03625
0 0.3425 0.586875 0.015625 0.031875
0 0.33375 0.589375 0.0175 0.02625
0 0.30375 0.58875 0.045 0.055625
0 0.241875 0.595625 0.05875 0.06
0 0.16125 0.585625 0.06625 0.075
0 0.1 0.585625 0.06375 0.09
0 0.42875 0.62375 0.07 0.105625
0 0.065625 0.625 0.119375 0.16
0 0.965 0.7 0.06875 0.08875
0 0.2725 0.59125 0.01875 0.031875