0 0.31125 0.54625 0.01125 0.02625
0 0.30125 0.554375 0.024375 0.03625
0 0.27 0.53625 0.0275 0.03625
0 0.27625 0.56625 0.038125 0.0625
0 0.239375 0.53875 0.03625 0.02375
0 0.236875 0.589375 0.053125 0.085
0 0.219375 0.6175 0.035 0.1125
1 0.085625 0.53625 0.015625 0.03625
0 0.15 0.623125 0.12125 0.179375
0 0.069375 0.514375 0.03875 0.02375
0 0.061875 0.5025 0.05375 0.025
0 0.054375 0.63875 0.10875 0.2725
0 0.41625 0.56625 0.03375 0.044375
0 0.43125 0.585 0.024375 0.03875
0 0.44875 0.593125 0.03625 0.056875
0 0.486875 0.56 0.0325 0.025
0 0.474375 0.61375 0.05375 0.0725
2 0.555 0.636875 0.13125 0.16125
1 0.655 0.6175 0.018125 0.05125
0 0.850625 0.808125 0.296875 0.316875
1 0.75375 0.62 0.036875 0.069375