0 0.388125 0.6325 0.00875 0.01375
0 0.38875 0.62 0.0075 0.01375
0 0.3725 0.625 0.009375 0.015
0 0.381875 0.61125 0.0075 0.019375
0 0.37 0.611875 0.011875 0.01
0 0.363125 0.626875 0.0225 0.0275
0 0.36125 0.605625 0.0125 0.015
0 0.338125 0.655 0.015625 0.0275
0 0.319375 0.660625 0.030625 0.0375
0 0.29125 0.665 0.02875 0.065
2 0.249375 0.65 0.06625 0.11125
0 0.239375 0.67625 0.04625 0.11
2 0.16625 0.66875 0.125625 0.194375
2 0.086875 0.745 0.17375 0.2475
0 0.38125 0.643125 0.0175 0.016875
2 0.450625 0.576875 0.106875 0.225
0 0.51125 0.62625 0.02625 0.054375
1 0.81625 0.556875 0.01625 0.029375
1 0.806875 0.561875 0.019375 0.04875
1 0.7775 0.563125 0.019375 0.041875
1 0.6125 0.6025 0.006875 0.020625
1 0.6075 0.60125 0.0125 0.0275
1 0.596875 0.600625 0.01125 0.02625
1 0.569375 0.601875 0.011875 0.033125
1 0.5825 0.59375 0.015625 0.04