1 0.543125 0.563125 0.0225 0.0725
1 0.5625 0.56625 0.019375 0.070625
0 0.07625 0.61625 0.1525 0.1875
0 0.255625 0.58125 0.09375 0.08875
0 0.323125 0.576875 0.038125 0.065
0 0.351875 0.57 0.02125 0.058125
0 0.369375 0.5725 0.013125 0.041875
0 0.38375 0.5625 0.0225 0.0475
0 0.40125 0.563125 0.01625 0.030625
0 0.41625 0.56 0.013125 0.02375
0 0.430625 0.555625 0.015 0.0225
0 0.4425 0.555 0.0075 0.020625
0 0.788125 0.615 0.244375 0.245625
0 0.6375 0.56875 0.10125 0.131875
0 0.5825 0.56375 0.031875 0.06375
0 0.524375 0.556875 0.011875 0.033125
0 0.516875 0.54625 0.0075 0.03625
0 0.44875 0.54125 0.01125 0.020625
0 0.458125 0.535625 0.0075 0.020625
0 0.46625 0.52875 0.0075 0.020625
0 0.513125 0.525 0.013125 0.016875
0 0.49375 0.529375 0.0125 0.0225