0 0.4225 0.510625 0.01125 0.0125
0 0.411875 0.510625 0.009375 0.0125
0 0.401875 0.50875 0.01125 0.015
0 0.3925 0.511875 0.015625 0.015
0 0.3725 0.508125 0.021875 0.016875
0 0.35375 0.510625 0.011875 0.020625
0 0.345 0.51625 0.019375 0.019375
0 0.324375 0.514375 0.015625 0.0125
2 0.301875 0.511875 0.024375 0.0275
0 0.1825 0.5275 0.046875 0.043125
0 0.013125 0.536875 0.025625 0.044375
0 0.475625 0.523125 0.025 0.055625
0 0.53125 0.531875 0.02625 0.03875
0 0.553125 0.52625 0.0225 0.031875
0 0.635625 0.536875 0.045 0.079375
2 0.58875 0.49125 0.0425 0.05125
0 0.494375 0.56375 0.05875 0.1025
0 0.59625 0.550625 0.07375 0.094375