1 0.295625 0.49375 0.011875 0.041875
1 0.174375 0.49875 0.0075 0.05125
1 0.73 0.466875 0.01625 0.080625
1 0.350625 0.4875 0.01 0.03875
1 0.130625 0.48 0.009375 0.020625
0 0.07625 0.5025 0.01875 0.035
0 0.133125 0.50125 0.011875 0.0375
0 0.15375 0.5 0.03375 0.05
0 0.009375 0.505 0.0125 0.041875
1 0.00375 0.52 0.0075 0.0775
2 0.105625 0.48625 0.0475 0.081875
0 0.19625 0.498125 0.035 0.03875
0 0.05125 0.52 0.055625 0.068125
0 0.3825 0.491875 0.021875 0.02625
2 0.39 0.466875 0.01 0.0225
2 0.410625 0.468125 0.02875 0.066875
0 0.58875 0.48375 0.181875 0.156875
0 0.4975 0.49375 0.168125 0.1375
0 0.961875 0.539375 0.071875 0.18625
0 0.026875 0.513125 0.038125 0.06
0 0.925 0.5025 0.15 0.185