2 0.143125 0.55 0.234375 0.28625
0 0.250625 0.480625 0.049375 0.0625
0 0.28625 0.52375 0.0775 0.1225
0 0.36 0.4475 0.013125 0.02375
0 0.345 0.460625 0.0325 0.03875
0 0.333125 0.481875 0.0475 0.054375
0 0.329375 0.439375 0.01 0.019375
0 0.31875 0.44625 0.01125 0.019375
0 0.404375 0.46625 0.109375 0.0725
2 0.46125 0.44375 0.059375 0.105625
0 0.491875 0.488125 0.059375 0.105625
0 0.51625 0.515 0.045 0.119375
0 0.57375 0.538125 0.1225 0.193125
0 0.644375 0.475 0.034375 0.043125
0 0.709375 0.449375 0.13875 0.1025
0 0.5975 0.423125 0.01125 0.018125
0 0.588125 0.425625 0.013125 0.020625
0 0.575625 0.42875 0.011875 0.02375
0 0.54375 0.42375 0.0125 0.01375
0 0.546875 0.435 0.015625 0.019375
0 0.56125 0.426875 0.011875 0.020625
0 0.62 0.429375 0.019375 0.016875
0 0.62375 0.4375 0.015625 0.019375
0 0.6475 0.43875 0.0475 0.030625
0 0.65375 0.444375 0.03375 0.025
0 0.853125 0.4025 0.02875 0.025
0 0.82625 0.401875 0.02625 0.020625
0 0.786875 0.41125 0.0225 0.016875
0 0.819375 0.42875 0.0425 0.02625
0 0.85375 0.42625 0.0275 0.0225
0 0.78625 0.43 0.02625 0.020625
0 0.813125 0.404375 0.0125 0.016875
0 0.8075 0.405 0.011875 0.018125
0 0.799375 0.4025 0.015 0.01375
0 0.385 0.6725 0.30875 0.370625
0 0.914375 0.523125 0.169375 0.293125
0 0.788125 0.64875 0.38 0.393125
0 0.66625 0.419375 0.01125 0.020625