0 0.3175 0.38875 0.02125 0.025
0 0.294375 0.391875 0.0225 0.035
0 0.26125 0.40125 0.036875 0.044375
0 0.276875 0.4 0.018125 0.031875
0 0.463125 0.375 0.018125 0.041875
0 0.476875 0.38625 0.0125 0.044375
0 0.49375 0.385625 0.031875 0.0625
0 0.515 0.3925 0.05125 0.07625
0 0.538125 0.39375 0.028125 0.079375
0 0.569375 0.405 0.07125 0.166875
0 0.67 0.42125 0.196875 0.258125
0 0.43 0.338125 0.01375 0.0275
0 0.455625 0.331875 0.01625 0.019375
0 0.434375 0.36875 0.025 0.044375
0 0.368125 0.405 0.056875 0.081875
0 0.343125 0.344375 0.015625 0.025
2 0.1975 0.4025 0.0825 0.07625
1 0.16625 0.380625 0.01375 0.031875
0 0.84875 0.529375 0.299375 0.39
1 0.0275 0.399375 0.01625 0.04