1 0.75125 0.355625 0.02125 0.083125
0 0.0925 0.48625 0.184375 0.379375
0 0.19 0.37375 0.23 0.28625
0 0.3025 0.35875 0.061875 0.16
0 0.334375 0.335625 0.05625 0.11
0 0.36 0.3325 0.02 0.08625
0 0.37 0.323125 0.02375 0.081875
0 0.383125 0.325625 0.011875 0.04875
0 0.393125 0.314375 0.02 0.043125
0 0.431875 0.34375 0.07 0.09875
0 0.48 0.323125 0.034375 0.05
0 0.53875 0.33 0.03875 0.054375
2 0.643125 0.33125 0.11375 0.169375
0 0.711875 0.3675 0.03875 0.07625
0 0.455 0.308125 0.011875 0.016875
0 0.5025 0.314375 0.01125 0.029375
0 0.52375 0.310625 0.0225 0.030625
2 0.393125 0.27625 0.030625 0.05