1 0.286875 0.399375 0.00625 0.03875
1 0.2775 0.404375 0.009375 0.043125
1 0.2375 0.40875 0.009375 0.03875
1 0.21 0.408125 0.01125 0.0275
1 0.195625 0.394375 0.011875 0.03625
1 0.07 0.398125 0.01125 0.045625
1 0.051875 0.399375 0.0125 0.045625
1 0.0225 0.41375 0.01375 0.065
1 0.03625 0.40625 0.0125 0.066875
1 0.110625 0.393125 0.01125 0.03875
0 0.01375 0.48 0.0275 0.165
0 0.8925 0.485 0.2125 0.36
0 0.484375 0.425 0.01375 0.035
0 0.469375 0.423125 0.015 0.045625
0 0.453125 0.43 0.025 0.0375
0 0.4325 0.43875 0.0375 0.045625
0 0.395625 0.438125 0.04375 0.056875
0 0.52625 0.43 0.0475 0.080625
0 0.345 0.435625 0.069375 0.066875
0 0.636875 0.45875 0.19875 0.333125