1 0.900625 0.33 0.015 0.091875
1 0.87625 0.325625 0.021875 0.1
1 0.836875 0.34 0.0175 0.120625
1 0.114375 0.414375 0.01 0.05
1 0.66375 0.365 0.01625 0.0875
1 0.68625 0.354375 0.01625 0.1125
1 0.705625 0.36 0.01875 0.1125
1 0.74625 0.333125 0.0075 0.07375
0 0.21625 0.445625 0.185 0.206875
0 0.46125 0.405 0.081875 0.12625
0 0.5125 0.368125 0.02625 0.03875
0 0.3775 0.385625 0.0575 0.07375
0 0.336875 0.388125 0.038125 0.0625
0 0.301875 0.4 0.06125 0.070625
0 0.4275 0.37625 0.021875 0.031875
0 0.415 0.375625 0.011875 0.020625
0 0.493125 0.363125 0.01375 0.029375
0 0.531875 0.361875 0.015 0.033125
0 0.5475 0.36625 0.031875 0.03875
0 0.566875 0.36375 0.0125 0.04
0 0.5725 0.364375 0.01625 0.045625
0 0.59375 0.368125 0.031875 0.06
1 0.649375 0.35375 0.01125 0.04875
1 0.639375 0.349375 0.006875 0.04