1 0.299375 0.4475 0.013125 0.041875
1 0.27125 0.444375 0.0125 0.043125
1 0.25625 0.441875 0.011875 0.05125
1 0.231875 0.45125 0.013125 0.06125
0 0.343125 0.45125 0.02875 0.043125
0 0.36375 0.456875 0.031875 0.054375
0 0.43 0.436875 0.013125 0.020625
0 0.444375 0.443125 0.011875 0.0225
0 0.5075 0.48125 0.059375 0.09875
0 0.60875 0.426875 0.085 0.02625
0 0.866875 0.52 0.193125 0.17375
0 0.09875 0.545 0.193125 0.35125
0 0.94875 0.5625 0.100625 0.158125
0 0.4 0.45375 0.0475 0.081875
0 0.463125 0.455 0.0325 0.056875
0 0.631875 0.605 0.286875 0.354375
2 0.53875 0.40875 0.05625 0.0625