0 0.22 0.57 0.034375 0.030625
0 0.181875 0.57625 0.02 0.0225
0 0.14125 0.615 0.081875 0.079375
0 0.1075 0.615 0.061875 0.083125
0 0.040625 0.62875 0.08125 0.08875
0 0.195 0.60125 0.038125 0.125
1 0.2725 0.686875 0.13 0.393125
1 0.888125 0.695 0.134375 0.4125
0 0.628125 0.56625 0.031875 0.06125
0 0.605625 0.576875 0.02875 0.04875
0 0.575 0.575625 0.015625 0.044375
0 0.5225 0.57875 0.011875 0.04875
0 0.513125 0.57 0.0075 0.030625
0 0.490625 0.555 0.03625 0.044375
0 0.49 0.583125 0.035 0.0475
0 0.5475 0.556875 0.0425 0.1025
0 0.690625 0.575625 0.015 0.0625
0 0.6625 0.576875 0.05125 0.0725