1 0.9375 0.5375 0.044375 0.16375
1 0.8775 0.5225 0.0225 0.143125
1 0.84125 0.52625 0.02625 0.133125
1 0.783125 0.51625 0.02125 0.070625
1 0.759375 0.51625 0.02625 0.116875
1 0.543125 0.51625 0.013125 0.033125
1 0.531875 0.51375 0.009375 0.033125
1 0.95125 0.5375 0.0225 0.145625
1 0.90875 0.520625 0.034375 0.16375
1 0.889375 0.510625 0.025 0.11
1 0.85125 0.51875 0.015 0.108125
1 0.864375 0.5125 0.015 0.081875
1 0.82375 0.53125 0.0275 0.115
1 0.805625 0.519375 0.02125 0.10125
1 0.794375 0.504375 0.019375 0.075
1 0.74375 0.523125 0.02125 0.108125
1 0.766875 0.50875 0.011875 0.075
1 0.993125 0.51875 0.013125 0.154375
1 0.980625 0.529375 0.036875 0.185
0 0.35625 0.51625 0.02125 0.0275
0 0.34 0.5125 0.02125 0.044375
0 0.30875 0.5125 0.055625 0.11
0 0.424375 0.5125 0.01875 0.04875
0 0.39 0.50375 0.056875 0.119375
0 0.475625 0.51875 0.099375 0.145625
0 0.664375 0.54875 0.153125 0.168125
0 0.156875 0.5375 0.31375 0.43625