0 0.86375 0.674375 0.27 0.435
0 0.875625 0.4825 0.245 0.131875
0 0.17 0.511875 0.12625 0.125
0 0.274375 0.5 0.09 0.095625
0 0.35875 0.476875 0.038125 0.06375
0 0.43 0.48875 0.06375 0.11
0 0.546875 0.5 0.07875 0.12375
0 0.655 0.508125 0.08125 0.093125
0 0.479375 0.480625 0.03375 0.04875
0 0.311875 0.4875 0.030625 0.069375
0 0.32875 0.485625 0.02 0.068125
0 0.336875 0.461875 0.0125 0.02375
0 0.388125 0.475625 0.025625 0.055625
0 0.59875 0.504375 0.030625 0.0525
1 0.710625 0.508125 0.018125 0.0725
1 0.7275 0.505625 0.013125 0.075
1 0.77125 0.4925 0.021875 0.035
1 0.1175 0.47125 0.018125 0.0475
1 0.165625 0.436875 0.01375 0.025
1 0.2225 0.45875 0.0125 0.0525
1 0.01125 0.47375 0.021875 0.130625