1 0.05875 0.48625 0.09375 0.3125
1 0.873125 0.41125 0.05 0.154375
1 0.8275 0.41125 0.031875 0.104375
1 0.75875 0.42375 0.02875 0.095625
1 0.963125 0.4175 0.036875 0.158125
1 0.931875 0.3975 0.061875 0.219375
1 0.67875 0.408125 0.025625 0.06375
0 0.42 0.44875 0.16375 0.22625
0 0.109375 0.454375 0.21875 0.3125
0 0.243125 0.46375 0.086875 0.116875
0 0.333125 0.45375 0.038125 0.08625
0 0.52875 0.430625 0.018125 0.056875
0 0.510625 0.4325 0.031875 0.1125
0 0.493125 0.44125 0.038125 0.1125
0 0.60375 0.3925 0.06875 0.144375