0 0.54875 0.288125 0.01875 0.0275
0 0.560625 0.28875 0.02 0.0275
0 0.573125 0.294375 0.0275 0.03875
0 0.493125 0.285 0.0175 0.025
0 0.444375 0.280625 0.01375 0.02375
0 0.435 0.283125 0.011875 0.018125
0 0.423125 0.286875 0.0175 0.030625
0 0.408125 0.289375 0.021875 0.03625
0 0.39 0.286875 0.0225 0.025
0 0.368125 0.279375 0.01875 0.015
0 0.34875 0.289375 0.025625 0.045625
2 0.311875 0.275625 0.04125 0.07375
0 0.2175 0.3 0.021875 0.04
0 0.240625 0.3075 0.05625 0.070625
0 0.280625 0.31125 0.07 0.07375
0 0.0175 0.305 0.034375 0.055625
0 0.3775 0.3175 0.063125 0.079375
0 0.47625 0.300625 0.03125 0.043125
0 0.77 0.3 0.0825 0.055625
0 0.864375 0.305 0.04 0.045625
0 0.9575 0.34625 0.0825 0.135
2 0.61125 0.285 0.055 0.07625