1 0.839375 0.35625 0.025 0.135
1 0.78125 0.413125 0.018125 0.119375
0 0.05875 0.455 0.05375 0.04
0 0.0175 0.45875 0.035 0.05
0 0.210625 0.429375 0.015 0.020625
0 0.125625 0.44 0.034375 0.025
0 0.27125 0.420625 0.0075 0.0225
0 0.281875 0.42 0.011875 0.025
0 0.3275 0.40875 0.011875 0.01125
0 0.345625 0.41 0.0075 0.018125
0 0.32 0.420625 0.01625 0.02625
0 0.49875 0.41125 0.02 0.06125
1 0.191875 0.43 0.02 0.094375
0 0.30125 0.43125 0.028125 0.0375
0 0.338125 0.41875 0.015 0.0225
0 0.544375 0.416875 0.08375 0.1125
0 0.956875 0.433125 0.08625 0.383125