0 0.039375 0.44125 0.07875 0.1725
1 0.1175 0.426875 0.02625 0.106875
1 0.265 0.4 0.01125 0.043125
1 0.275625 0.39875 0.009375 0.044375
1 0.30375 0.399375 0.018125 0.044375
0 0.30625 0.399375 0.04 0.044375
0 0.32625 0.401875 0.0225 0.033125
0 0.360625 0.39625 0.055 0.080625
0 0.3925 0.385 0.0225 0.031875
0 0.411875 0.39 0.02625 0.068125
0 0.485625 0.43125 0.161875 0.23625
0 0.606875 0.32875 0.128125 0.195625
0 0.571875 0.4 0.056875 0.106875
0 0.83625 0.38625 0.25625 0.2275
0 0.97625 0.535 0.043125 0.24875
0 0.974375 0.35875 0.0475 0.0975
1 0.183125 0.4125 0.01625 0.07625