1 0.129375 0.613125 0.0075 0.025
1 0.158125 0.61 0.01125 0.031875
1 0.145 0.60375 0.00625 0.016875
1 0.166875 0.615 0.0075 0.0375
1 0.178125 0.610625 0.0075 0.05125
1 0.20875 0.606875 0.00875 0.04
1 0.21625 0.6 0.00875 0.019375
1 0.255 0.6075 0.005625 0.029375
1 0.26125 0.61 0.00375 0.031875
1 0.265 0.61125 0.005625 0.031875
1 0.326875 0.59625 0.005625 0.0125
1 0.24375 0.61625 0.003125 0.043125
1 0.236875 0.61125 0.0125 0.0375
1 0.585 0.62 0.015 0.06
1 0.59875 0.60375 0.01125 0.0475
1 0.625625 0.595625 0.00875 0.0225
1 0.61375 0.600625 0.00875 0.03625
1 0.496875 0.6 0.01 0.0475
1 0.519375 0.576875 0.006875 0.016875
0 0.44125 0.5975 0.0075 0.019375
0 0.430625 0.6 0.00875 0.0225
0 0.420625 0.59625 0.015 0.018125
0 0.40375 0.6 0.018125 0.029375
0 0.34625 0.605625 0.015 0.020625
0 0.3325 0.61125 0.02 0.02625
0 0.310625 0.61125 0.01375 0.019375
0 0.375 0.614375 0.043125 0.06375
0 0.458125 0.6125 0.04 0.06
0 0.5325 0.623125 0.0275 0.05125
0 0.5525 0.625625 0.046875 0.055625
0 0.288125 0.62125 0.0425 0.04875
0 0.07625 0.713125 0.1525 0.36625
1 0.773125 0.606875 0.015625 0.079375
1 0.78375 0.629375 0.02375 0.09875
1 0.80375 0.633125 0.018125 0.08625
1 0.81375 0.6275 0.015 0.0875
0 0.67625 0.675 0.15125 0.179375
0 0.901875 0.695 0.19375 0.34875