1 0.2 0.54375 0.011875 0.03625
0 0.205625 0.530625 0.02 0.015
0 0.1775 0.5425 0.019375 0.029375
0 0.15875 0.5575 0.021875 0.029375
0 0.138125 0.55625 0.031875 0.04
0 0.118125 0.57125 0.03125 0.0525
0 0.088125 0.57375 0.0575 0.0625
0 0.23625 0.53875 0.021875 0.04
0 0.25125 0.52625 0.011875 0.02375
0 0.261875 0.523125 0.01125 0.0125
0 0.273125 0.525625 0.01375 0.016875
0 0.29125 0.530625 0.019375 0.0275
0 0.305625 0.53875 0.011875 0.02375
0 0.31625 0.54 0.019375 0.020625
0 0.3475 0.53625 0.040625 0.055625
0 0.38375 0.55 0.03625 0.0625
0 0.423125 0.544375 0.053125 0.080625
2 0.464375 0.550625 0.07125 0.094375
0 0.5325 0.566875 0.11 0.116875