0 0.420625 0.489375 0.011875 0.020625
0 0.405625 0.493125 0.0225 0.03625
0 0.436875 0.4925 0.02 0.025
0 0.323125 0.488125 0.0525 0.016875
0 0.506875 0.4725 0.013125 0.01125
0 0.51375 0.476875 0.00875 0.016875
0 0.518125 0.488125 0.01375 0.025
0 0.533125 0.48875 0.02625 0.0275
0 0.18875 0.50875 0.0525 0.06375
0 0.74625 0.593125 0.2175 0.283125
0 0.569375 0.65875 0.2725 0.3125
0 0.483125 0.47875 0.08125 0.015
0 0.4675 0.565 0.095 0.15125
0 0.315 0.5725 0.130625 0.155625
1 0.15375 0.48625 0.018125 0.0475
1 0.131875 0.495 0.0225 0.031875
1 0.109375 0.494375 0.025 0.043125
1 0.02375 0.52 0.03125 0.14
0 0.108125 0.60875 0.21625 0.2
0 0.381875 0.49875 0.034375 0.03875
1 0.8925 0.515 0.02 0.0875
1 0.875625 0.52875 0.01375 0.091875