0 0.11875 0.595 0.07875 0.043125
0 0.455 0.59 0.01625 0.019375
0 0.440625 0.5875 0.009375 0.019375
0 0.435625 0.594375 0.02 0.02625
0 0.39625 0.5925 0.01125 0.0225
0 0.38625 0.59125 0.015 0.029375
0 0.365 0.595 0.03 0.033125
0 0.343125 0.5975 0.01875 0.02625
0 0.325625 0.595625 0.021875 0.033125
0 0.493125 0.589375 0.009375 0.0225
0 0.4975 0.5925 0.01125 0.02625
0 0.548125 0.605625 0.09875 0.130625
0 0.464375 0.594375 0.0075 0.019375
0 0.56375 0.7 0.1425 0.2375
0 0.293125 0.6 0.0725 0.083125
2 0.4775 0.579375 0.025625 0.0625
0 0.485625 0.47125 0.01125 0.031875
1 0.07375 0.594375 0.01125 0.055625