1 0.34625 0.57375 0.01375 0.070625
1 0.30875 0.56875 0.021875 0.06
1 0.190625 0.576875 0.031875 0.1025
1 0.84625 0.6775 0.009375 0.0625
1 0.861875 0.681875 0.018125 0.070625
2 0.18 0.5225 0.078125 0.081875
0 0.4575 0.589375 0.015 0.0275
0 0.4475 0.58875 0.015625 0.02625
0 0.43875 0.594375 0.015 0.030625
2 0.41 0.58 0.046875 0.080625
2 0.48125 0.57875 0.024375 0.065
0 0.6225 0.66625 0.043125 0.116875
0 0.536875 0.66875 0.14 0.2475
2 0.74 0.6975 0.218125 0.281875
0 0.25875 0.61875 0.1325 0.14
0 0.08625 0.64875 0.171875 0.2625
0 0.941875 0.713125 0.11375 0.154375