1 0.15125 0.61 0.019375 0.056875
1 0.165 0.5925 0.009375 0.05125
1 0.190625 0.59 0.009375 0.0475
1 0.235 0.599375 0.01125 0.0475
0 0.114375 0.5975 0.071875 0.0475
0 0.32375 0.5975 0.02875 0.035
0 0.349375 0.59375 0.02125 0.031875
0 0.371875 0.589375 0.019375 0.0275
0 0.386875 0.589375 0.006875 0.02375
0 0.45 0.599375 0.015 0.030625
0 0.47125 0.5975 0.02375 0.030625
2 0.44875 0.57875 0.025625 0.031875
0 0.400625 0.605 0.028125 0.0375
0 0.435 0.60375 0.0325 0.0475
0 0.29 0.59375 0.04375 0.054375
0 0.538125 0.68125 0.1675 0.320625