0 0.09625 0.5325 0.094375 0.091875
0 0.505 0.485625 0.040625 0.06125
0 0.48375 0.4775 0.013125 0.018125
0 0.395 0.49625 0.01625 0.02375
0 0.380625 0.494375 0.018125 0.0275
0 0.374375 0.499375 0.01625 0.0275
0 0.159375 0.533125 0.09375 0.083125
0 0.88125 0.445625 0.128125 0.083125
0 0.948125 0.445625 0.0175 0.04
0 0.98375 0.450625 0.02875 0.045625
1 0.980625 0.43125 0.019375 0.069375
1 0.9675 0.436875 0.015625 0.066875
1 0.47 0.48375 0.011875 0.033125
0 0.476875 0.485 0.011875 0.016875
0 0.265 0.519375 0.1275 0.1975
0 0.36125 0.5 0.02625 0.031875
0 0.52125 0.495 0.0475 0.05
0 0.456875 0.4925 0.028125 0.035
0 0.69 0.538125 0.225625 0.283125
0 0.049375 0.6775 0.09875 0.315
0 0.78875 0.468125 0.0225 0.03625