0 0.379375 0.530625 0.01625 0.044375
0 0.400625 0.533125 0.034375 0.0525
0 0.425625 0.535625 0.045 0.06375
0 0.366875 0.499375 0.02375 0.025
0 0.2675 0.523125 0.025625 0.031875
0 0.288125 0.51875 0.03 0.030625
0 0.235625 0.5275 0.04 0.04875
0 0.1475 0.529375 0.03375 0.06375
0 0.124375 0.533125 0.031875 0.06
0 0.100625 0.530625 0.030625 0.070625
0 0.196875 0.533125 0.065 0.094375
0 0.33375 0.55375 0.075625 0.125
0 0.04625 0.538125 0.0925 0.106875
0 0.47875 0.5475 0.109375 0.11125
1 0.6825 0.568125 0.015 0.08875
1 0.776875 0.58625 0.03375 0.14875
1 0.66 0.5525 0.02125 0.093125
0 0.9925 0.598125 0.011875 0.0975
0 0.543125 0.581875 0.019375 0.0375