0 0.46125 0.438125 0.0175 0.020625
0 0.475625 0.435 0.015 0.0275
0 0.42875 0.438125 0.0425 0.06375
0 0.405625 0.435 0.011875 0.0275
0 0.394375 0.43125 0.01875 0.04
0 0.385625 0.43875 0.0175 0.0375
0 0.361875 0.433125 0.04625 0.081875
0 0.335625 0.433125 0.025 0.04875
0 0.288125 0.44 0.059375 0.0775
0 0.228125 0.450625 0.06125 0.06125
0 0.10125 0.576875 0.2025 0.49125
0 0.49875 0.425 0.036875 0.065
0 0.63 0.473125 0.11875 0.129375
1 0.55375 0.429375 0.0075 0.030625
1 0.5725 0.43 0.011875 0.06125
1 0.583125 0.4175 0.011875 0.054375
1 0.710625 0.43 0.015625 0.093125
1 0.68625 0.418125 0.015 0.065