0 0.404375 0.511875 0.009375 0.016875
0 0.39625 0.515 0.01 0.020625
0 0.388125 0.51625 0.00875 0.0225
0 0.379375 0.5175 0.015 0.035
0 0.359375 0.5175 0.0275 0.041875
0 0.349375 0.523125 0.015 0.033125
0 0.340625 0.5175 0.021875 0.044375
0 0.3175 0.52375 0.0425 0.054375
0 0.305 0.5325 0.03 0.05125
0 0.29 0.536875 0.01625 0.05
0 0.456875 0.48875 0.01 0.01375
0 0.46 0.5 0.011875 0.016875
0 0.47375 0.519375 0.02 0.02625
0 0.49 0.525 0.031875 0.04
0 0.505625 0.533125 0.03375 0.05
0 0.530625 0.554375 0.036875 0.079375
0 0.57375 0.550625 0.086875 0.14
0 0.440625 0.491875 0.009375 0.016875
0 0.43875 0.5275 0.028125 0.043125
1 0.743125 0.566875 0.03125 0.1475
1 0.763125 0.56625 0.025625 0.155625
0 0.41625 0.518125 0.018125 0.02375