2 0.58375 0.49875 0.021875 0.04
1 0.975 0.5025 0.0275 0.07375
0 0.48125 0.511875 0.018125 0.02375
0 0.4725 0.516875 0.01125 0.02625
0 0.46375 0.5175 0.011875 0.0275
0 0.456875 0.52 0.01375 0.030625
0 0.45125 0.52125 0.0125 0.030625
0 0.443125 0.520625 0.018125 0.031875
0 0.42875 0.52375 0.02625 0.035
0 0.425 0.52875 0.018125 0.030625
0 0.409375 0.53125 0.02625 0.044375
0 0.375625 0.519375 0.055625 0.081875
0 0.361875 0.53125 0.071875 0.070625
0 0.30125 0.548125 0.09375 0.10125
0 0.540625 0.5125 0.025 0.04
0 0.590625 0.5075 0.01375 0.020625
0 0.62 0.508125 0.01125 0.019375
0 0.605 0.50875 0.025625 0.03625
0 0.6225 0.5175 0.0125 0.03875
0 0.65375 0.515 0.06125 0.091875
0 0.6625 0.53625 0.0725 0.08625
0 0.710625 0.524375 0.0525 0.081875
0 0.745 0.53875 0.08125 0.093125
0 0.8075 0.549375 0.09625 0.116875
0 0.901875 0.5675 0.181875 0.145625
0 0.981875 0.625 0.03625 0.1275
0 0.090625 0.595625 0.18125 0.179375