0 0.98375 0.37875 0.02875 0.066875
0 0.944375 0.37625 0.053125 0.07375
0 0.86125 0.374375 0.035 0.05
0 0.76375 0.37875 0.155625 0.08625
0 0.750625 0.361875 0.14625 0.0775
0 0.04 0.356875 0.056875 0.0475
0 0.090625 0.344375 0.030625 0.05125
0 0.11875 0.34875 0.02625 0.0475
0 0.1375 0.355625 0.019375 0.033125
0 0.165 0.344375 0.04375 0.055625
0 0.19375 0.34 0.025625 0.03875
0 0.21 0.3475 0.01875 0.041875
0 0.22875 0.343125 0.021875 0.05
0 0.28 0.3475 0.03375 0.054375
0 0.358125 0.34625 0.0375 0.055625
0 0.3225 0.335 0.02375 0.0375
0 0.429375 0.336875 0.04125 0.0775
0 0.408125 0.333125 0.01375 0.0375
0 0.399375 0.33 0.01 0.02625
0 0.381875 0.34 0.009375 0.0225
0 0.908125 0.363125 0.0475 0.0475
1 0.464375 0.349375 0.0175 0.06
1 0.47625 0.341875 0.011875 0.0475