0 0.450625 0.50375 0.011875 0.030625
0 0.44625 0.505625 0.011875 0.030625
0 0.438125 0.505625 0.01375 0.041875
0 0.42625 0.511875 0.011875 0.05
0 0.43125 0.51 0.0125 0.0475
0 0.395 0.5275 0.0325 0.079375
0 0.36125 0.519375 0.050625 0.125
0 0.33125 0.53125 0.0675 0.15
0 0.28625 0.54125 0.075625 0.23625
0 0.494375 0.504375 0.0175 0.03625
0 0.505625 0.505625 0.0125 0.0375
0 0.516875 0.50625 0.024375 0.05
0 0.5225 0.5175 0.015625 0.054375
0 0.605 0.51125 0.106875 0.16375
2 0.39375 0.486875 0.06375 0.12375
2 0.474375 0.49125 0.02375 0.054375
2 0.5825 0.458125 0.111875 0.225
2 0.1325 0.423125 0.265 0.76125
0 0.469375 0.5025 0.02125 0.033125
0 0.77125 0.5475 0.29875 0.34
0 0.94875 0.7475 0.100625 0.29
1 0.948125 0.50625 0.045 0.225
1 0.98875 0.51625 0.02125 0.16375