0 0.425625 0.30125 0.01 0.018125
0 0.415 0.304375 0.01 0.01375
0 0.3975 0.299375 0.01625 0.02375
0 0.665 0.313125 0.055 0.041875
0 0.705 0.31125 0.08 0.044375
0 0.95625 0.311875 0.059375 0.054375
0 0.866875 0.4075 0.20875 0.125
0 0.32875 0.3075 0.0225 0.035
0 0.524375 0.32 0.006875 0.031875
2 0.295 0.291875 0.043125 0.080625
2 0.03875 0.2825 0.0775 0.11125
0 0.27 0.3325 0.068125 0.0725
0 0.438125 0.31625 0.024375 0.033125
0 0.5025 0.325625 0.0475 0.075
0 0.659375 0.44875 0.21375 0.241875
0 0.81125 0.3 0.02125 0.016875
1 0.20875 0.3075 0.0125 0.055625
0 0.89875 0.314375 0.05375 0.056875