0 0.43625 0.389375 0.006875 0.01375
0 0.445 0.401875 0.02125 0.025
0 0.428125 0.393125 0.009375 0.02375
0 0.4125 0.394375 0.025625 0.02375
0 0.380625 0.4175 0.03625 0.04875
0 0.386875 0.42 0.018125 0.0375
0 0.463125 0.424375 0.034375 0.08875
0 0.560625 0.415 0.01375 0.02375
0 0.569375 0.433125 0.0225 0.054375
0 0.58625 0.43625 0.030625 0.0725
0 0.25375 0.410625 0.115625 0.108125
2 0.496875 0.36 0.03875 0.056875
2 0.64375 0.4225 0.10625 0.181875
0 0.745 0.510625 0.17125 0.17375
0 0.51625 0.47125 0.10875 0.183125
0 0.4175 0.458125 0.07625 0.106875
0 0.22125 0.489375 0.20375 0.229375
0 0.054375 0.46625 0.10875 0.269375
0 0.88625 0.610625 0.224375 0.316875
1 0.324375 0.420625 0.013125 0.065
1 0.3175 0.4025 0.00875 0.03625