1 0.49 0.31375 0.013125 0.058125
1 0.556875 0.305 0.0075 0.043125
1 0.42125 0.311875 0.006875 0.035
1 0.451875 0.3125 0.009375 0.041875
1 0.44125 0.313125 0.005625 0.031875
1 0.413125 0.313125 0.006875 0.035
1 0.39 0.319375 0.0075 0.03625
1 0.35875 0.32125 0.01375 0.045625
1 0.243125 0.36875 0.011875 0.029375
0 0.516875 0.30875 0.01125 0.015
0 0.47875 0.30875 0.011875 0.020625
0 0.47 0.31 0.009375 0.025
0 0.46 0.3125 0.01375 0.025
0 0.3775 0.314375 0.01625 0.029375
0 0.56625 0.3025 0.0475 0.045625
0 0.5275 0.31 0.01 0.016875
0 0.538125 0.308125 0.009375 0.019375
1 0.958125 0.308125 0.03 0.11
1 0.715 0.31375 0.02125 0.08625
1 0.70125 0.31 0.009375 0.0475
2 0.651875 0.28625 0.09875 0.1625
1 0.079375 0.304375 0.15875 0.579375