0 0.6925 0.519375 0.024375 0.031875
0 0.83625 0.494375 0.006875 0.015
0 0.83 0.50625 0.011875 0.016875
0 0.823125 0.51125 0.0125 0.030625
0 0.838125 0.476875 0.009375 0.015
0 0.82875 0.489375 0.009375 0.020625
0 0.59 0.54 0.018125 0.0125
0 0.5675 0.543125 0.03125 0.0225
0 0.456875 0.556875 0.0475 0.0275
2 0.413125 0.56 0.063125 0.0375
0 0.32125 0.5775 0.056875 0.033125
0 0.175625 0.593125 0.0825 0.04875
0 0.9675 0.49875 0.015 0.025
2 0.798125 0.49875 0.0425 0.0875
2 0.7475 0.5075 0.088125 0.15
0 0.665 0.544375 0.05875 0.066875