0 0.373125 0.514375 0.02 0.041875
0 0.405 0.514375 0.01625 0.041875
0 0.388125 0.519375 0.02 0.041875
0 0.43625 0.54875 0.069375 0.094375
0 0.49375 0.54375 0.038125 0.05125
0 0.8425 0.551875 0.07875 0.081875
0 0.74625 0.58875 0.1475 0.16
0 0.905 0.623125 0.188125 0.208125
0 0.2425 0.513125 0.0325 0.04875
0 0.200625 0.54 0.04625 0.0625
0 0.15375 0.535625 0.04375 0.0525
0 0.113125 0.535625 0.04375 0.0625
1 0.52625 0.5425 0.0125 0.0525
1 0.58375 0.5425 0.01625 0.058125
0 0.056875 0.5325 0.035 0.029375