1 0.10375 0.383125 0.0075 0.033125
1 0.120625 0.3825 0.009375 0.031875
1 0.804375 0.40625 0.006875 0.029375
1 0.754375 0.41125 0.01125 0.0525
1 0.675625 0.4075 0.01125 0.05125
1 0.715 0.410625 0.013125 0.06
0 0.913125 0.4125 0.034375 0.031875
0 0.86 0.42125 0.078125 0.06125
0 0.56125 0.3925 0.025625 0.0225
0 0.5875 0.4125 0.040625 0.043125
0 0.44625 0.393125 0.034375 0.019375
0 0.42125 0.3925 0.01875 0.0225
0 0.200625 0.3925 0.015 0.0225
0 0.179375 0.38625 0.024375 0.02375
2 0.239375 0.37125 0.04375 0.0725
0 0.16 0.385 0.013125 0.031875
0 0.53625 0.45875 0.271875 0.158125
0 0.3225 0.42125 0.16125 0.0975