1 0.735625 0.41625 0.0175 0.056875
1 0.644375 0.400625 0.0075 0.030625
1 0.635 0.40375 0.005 0.031875
1 0.755625 0.410625 0.009375 0.0525
1 0.71375 0.410625 0.01125 0.06
1 0.6725 0.414375 0.01375 0.058125
1 0.44125 0.3975 0.01125 0.0375
0 0.905625 0.411875 0.050625 0.03625
0 0.80875 0.4075 0.055 0.0375
0 0.324375 0.3875 0.02 0.0275
0 0.4275 0.388125 0.011875 0.02625
0 0.538125 0.401875 0.028125 0.02625
0 0.20625 0.45125 0.225 0.266875
0 0.0275 0.39875 0.053125 0.1225
0 0.4625 0.3975 0.02 0.019375