1 0.083125 0.418125 0.0175 0.0875
1 0.636875 0.461875 0.09375 0.25
1 0.121875 0.41375 0.019375 0.070625
1 0.0125 0.418125 0.01625 0.085
1 0.02875 0.42 0.01625 0.093125
1 0.05375 0.408125 0.01875 0.045625
1 0.074375 0.410625 0.01625 0.058125
1 0.168125 0.4 0.011875 0.041875
1 0.1375 0.391875 0.01375 0.0375
1 0.6825 0.41625 0.0125 0.07625
1 0.673125 0.418125 0.01 0.07625
1 0.69625 0.410625 0.0125 0.066875
0 0.259375 0.401875 0.05125 0.075
0 0.35125 0.41625 0.044375 0.068125
0 0.499375 0.399375 0.03375 0.043125
0 0.45 0.39125 0.01625 0.0225
0 0.43 0.3975 0.0125 0.0225
0 0.38375 0.3975 0.03125 0.0475
0 0.46625 0.39125 0.0175 0.030625
0 0.4075 0.39375 0.0175 0.025