2 0.15375 0.426875 0.3075 0.85125
0 0.339375 0.499375 0.07 0.1025
0 0.3825 0.48 0.028125 0.0475
0 0.400625 0.48125 0.01125 0.0375
0 0.9325 0.46375 0.046875 0.065
0 0.89375 0.47625 0.040625 0.06125
0 0.863125 0.4725 0.034375 0.0725
0 0.991875 0.45875 0.01625 0.06125
0 0.42375 0.479375 0.040625 0.0625
0 0.663125 0.475625 0.138125 0.13875
0 0.8025 0.510625 0.135 0.17375
0 0.44125 0.46125 0.006875 0.019375
0 0.523125 0.46125 0.01625 0.029375
0 0.47375 0.464375 0.0075 0.019375
0 0.449375 0.46375 0.006875 0.020625
0 0.475625 0.458125 0.011875 0.020625
0 0.51375 0.461875 0.0075 0.019375
0 0.50875 0.45375 0.0075 0.019375
0 0.484375 0.456875 0.006875 0.019375
0 0.50125 0.451875 0.00875 0.01375
0 0.493125 0.450625 0.0075 0.01375
0 0.48375 0.44375 0.009375 0.01
2 0.461875 0.454375 0.0175 0.041875