1 0.74625 0.448125 0.0125 0.045625
1 0.76375 0.445625 0.00875 0.041875
1 0.799375 0.43625 0.011875 0.04875
1 0.8175 0.43875 0.018125 0.058125
1 0.78625 0.445625 0.01 0.0625
1 0.92125 0.45375 0.04375 0.129375
0 0.685 0.45625 0.01 0.029375
0 0.644375 0.45375 0.011875 0.025
0 0.62875 0.4575 0.01625 0.0225
0 0.674375 0.45625 0.0125 0.019375
0 0.700625 0.4575 0.02875 0.041875
0 0.638125 0.466875 0.0275 0.0375
0 0.595 0.46875 0.009375 0.019375
0 0.5825 0.4625 0.0125 0.015
0 0.5825 0.47375 0.01625 0.019375
0 0.568125 0.47375 0.01375 0.02625
0 0.555 0.479375 0.0175 0.030625
0 0.47625 0.494375 0.0775 0.1225
0 0.310625 0.5375 0.055 0.13625
0 0.18875 0.458125 0.18125 0.065
0 0.399375 0.525625 0.1325 0.181875
0 0.074375 0.54875 0.14875 0.16375
0 0.165625 0.62125 0.33125 0.3