0 0.29125 0.5225 0.0375 0.05125
0 0.218125 0.569375 0.169375 0.131875
0 0.4675 0.513125 0.14625 0.21
0 0.66375 0.505 0.1075 0.181875
0 0.055625 0.608125 0.11125 0.15875
1 0.01 0.535 0.018125 0.069375
1 0.0825 0.535 0.021875 0.07375
0 0.350625 0.529375 0.105625 0.14875
0 0.584375 0.488125 0.049375 0.07625
0 0.61625 0.48625 0.018125 0.0625
0 0.54875 0.510625 0.06375 0.093125
2 0.54875 0.44625 0.04875 0.044375
0 0.724375 0.481875 0.03125 0.079375
0 0.820625 0.474375 0.021875 0.031875
0 0.771875 0.511875 0.09375 0.115
1 0.969375 0.4325 0.01875 0.02625
0 0.90125 0.545625 0.196875 0.243125