0 0.04875 0.5525 0.095 0.11125
0 0.8775 0.5075 0.243125 0.256875
0 0.186875 0.53625 0.14375 0.1525
0 0.3675 0.49875 0.04 0.045625
0 0.5775 0.48875 0.0375 0.04875
0 0.52125 0.473125 0.01875 0.0275
0 0.4925 0.475 0.01625 0.02625
2 0.4525 0.463125 0.0475 0.1
0 0.26625 0.514375 0.025625 0.05125
0 0.2875 0.510625 0.01875 0.045625
0 0.336875 0.49875 0.015625 0.02625
0 0.39875 0.48625 0.01625 0.04
0 0.42125 0.480625 0.01625 0.02625
0 0.50875 0.4725 0.006875 0.020625
1 0.775 0.45 0.015625 0.070625
1 0.751875 0.469375 0.0225 0.120625
1 0.71625 0.47125 0.019375 0.083125