0 0.14125 0.425 0.090625 0.06
0 0.255625 0.41625 0.03375 0.0275
0 0.43375 0.395 0.013125 0.01125
0 0.42125 0.393125 0.009375 0.015
0 0.406875 0.395625 0.01375 0.0125
0 0.394375 0.393125 0.01125 0.019375
0 0.495625 0.391875 0.01125 0.0125
0 0.465 0.389375 0.006875 0.016875
0 0.449375 0.388125 0.02 0.031875
2 0.47875 0.37 0.018125 0.033125
2 0.51125 0.37 0.0275 0.05125
0 0.531875 0.39375 0.025 0.033125
0 0.47875 0.395625 0.024375 0.020625
0 0.45125 0.399375 0.018125 0.0275
0 0.586875 0.3975 0.03375 0.04
1 0.6775 0.389375 0.013125 0.05125
0 0.555 0.38625 0.021875 0.02375
0 0.91125 0.3775 0.05125 0.04875
0 0.86 0.381875 0.0625 0.0525
0 0.753125 0.393125 0.063125 0.03625
0 0.81375 0.389375 0.044375 0.03875
2 0.843125 0.345 0.15375 0.068125
0 0.3525 0.394375 0.01875 0.015
0 0.3175 0.39875 0.0225 0.019375
0 0.014375 0.439375 0.0225 0.025