0 0.526875 0.42375 0.0125 0.020625
0 0.5175 0.420625 0.009375 0.030625
2 0.50375 0.414375 0.02125 0.043125
0 0.49 0.4175 0.0175 0.029375
0 0.484375 0.420625 0.015 0.02625
0 0.4775 0.420625 0.01375 0.03875
0 0.461875 0.420625 0.030625 0.043125
0 0.4525 0.425625 0.02625 0.041875
0 0.43625 0.41875 0.025625 0.055625
0 0.42625 0.42375 0.019375 0.0375
0 0.22125 0.43375 0.08125 0.09
0 0.34125 0.413125 0.169375 0.31
0 0.025625 0.435 0.050625 0.0725
0 0.045 0.5325 0.09 0.115
0 0.5775 0.42125 0.01625 0.045625
0 0.555625 0.419375 0.03875 0.069375
0 0.838125 0.40625 0.0325 0.030625
0 0.88125 0.425 0.0775 0.06
0 0.98625 0.420625 0.02125 0.06375
1 0.165 0.429375 0.019375 0.085
1 0.5925 0.42125 0.009375 0.054375
1 0.63375 0.426875 0.019375 0.0725
1 0.686875 0.425625 0.015 0.07375
1 0.8725 0.43875 0.04625 0.1875
1 0.9575 0.435 0.03625 0.1625
1 0.92625 0.436875 0.045 0.166875