0 0.04625 0.4325 0.088125 0.07375
0 0.138125 0.433125 0.0475 0.06125
0 0.1775 0.430625 0.038125 0.0625
0 0.593125 0.43375 0.02875 0.055625
0 0.671875 0.43125 0.025625 0.044375
0 0.6275 0.45625 0.05625 0.106875
0 0.855 0.519375 0.13625 0.16
0 0.7975 0.445625 0.0425 0.07625
0 0.768125 0.435625 0.02625 0.083125
2 0.448125 0.320625 0.243125 0.544375
1 0.035 0.425 0.028125 0.144375
1 0.15125 0.405 0.025 0.104375
1 0.221875 0.42125 0.01 0.066875
2 0.718125 0.405625 0.071875 0.16375
0 0.24625 0.425 0.0425 0.0625