1 0.535625 0.506875 0.01 0.0475
0 0.4475 0.49875 0.01 0.020625
2 0.5025 0.495625 0.01 0.02625
2 0.481875 0.495 0.011875 0.02375
0 0.51 0.500625 0.009375 0.02625
0 0.516875 0.501875 0.0075 0.0275
0 0.52375 0.505625 0.015625 0.030625
0 0.54625 0.5125 0.0175 0.035
0 0.56 0.514375 0.025 0.054375
0 0.568125 0.520625 0.02625 0.055625
0 0.58 0.525625 0.02625 0.06125
0 0.593125 0.5275 0.0325 0.070625
0 0.61625 0.535 0.0425 0.085
0 0.385 0.51375 0.015625 0.033125
0 0.375625 0.51375 0.025 0.0375
0 0.35875 0.51875 0.02125 0.041875
0 0.335625 0.51875 0.0325 0.055625
0 0.31875 0.53 0.0325 0.055625
0 0.294375 0.535 0.04 0.070625
0 0.256875 0.538125 0.05375 0.095625
0 0.193125 0.544375 0.09375 0.1225
0 0.47 0.5 0.015 0.018125
0 0.458125 0.506875 0.0225 0.0275
0 0.48625 0.50375 0.015 0.02625
0 0.66625 0.54125 0.11125 0.11
0 0.41 0.506875 0.02875 0.0375
0 0.07625 0.5675 0.1525 0.1875