1 0.039375 0.41 0.0075 0.069375
1 0.0475 0.4025 0.018125 0.07625
1 0.06125 0.410625 0.015 0.09875
1 0.1325 0.408125 0.015 0.07625
1 0.1425 0.405625 0.01625 0.093125
1 0.195 0.41625 0.015 0.070625
1 0.205 0.41625 0.013125 0.066875
1 0.9425 0.463125 0.0375 0.16375
1 0.70875 0.420625 0.01 0.079375
1 0.71375 0.420625 0.015 0.069375
1 0.72375 0.4225 0.01625 0.07625
1 0.73375 0.42375 0.01 0.07375
1 0.763125 0.4275 0.03 0.119375
1 0.806875 0.4475 0.028125 0.16375
1 0.8675 0.456875 0.03625 0.193125
1 0.655 0.429375 0.013125 0.07375
0 0.459375 0.406875 0.0225 0.02625
0 0.436875 0.41625 0.03125 0.04
0 0.40375 0.424375 0.03875 0.070625
0 0.51 0.4525 0.1 0.14875
0 0.325625 0.44125 0.135 0.204375
1 0.795 0.43625 0.03 0.156875