0 0.46375 0.486875 0.01125 0.016875
0 0.4425 0.483125 0.013125 0.02375
0 0.435 0.4825 0.009375 0.016875
0 0.465 0.47125 0.011875 0.016875
0 0.4725 0.473125 0.009375 0.016875
0 0.593125 0.486875 0.019375 0.016875
0 0.588125 0.50625 0.02625 0.029375
0 0.39875 0.49625 0.01 0.02625
0 0.34375 0.49875 0.034375 0.04
0 0.37375 0.464375 0.03 0.018125
0 0.245 0.555 0.13 0.15
0 0.086875 0.53 0.138125 0.15125
0 0.4825 0.529375 0.0525 0.080625
0 0.453125 0.494375 0.0175 0.02375
2 0.415 0.485 0.035 0.070625
0 0.391875 0.49125 0.011875 0.0225
0 0.37375 0.48875 0.02875 0.02625
2 0.448125 0.468125 0.01375 0.02375
1 0.91125 0.549375 0.028125 0.11125