1 0.889375 0.91375 0.0675 0.168125
1 0.92875 0.831875 0.024375 0.055625
1 0.785625 0.87875 0.03125 0.141875
1 0.75875 0.836875 0.01625 0.044375
1 0.7875 0.876875 0.035 0.0975
1 0.47 0.8425 0.009375 0.055625
1 0.445 0.8475 0.009375 0.058125
1 0.415 0.83875 0.0075 0.035
1 0.4025 0.82125 0.0075 0.016875
1 0.429375 0.8425 0.00875 0.055625
1 0.435625 0.845 0.009375 0.056875
1 0.454375 0.845625 0.011875 0.058125
1 0.490625 0.825 0.00875 0.020625
1 0.48375 0.83125 0.0075 0.033125
1 0.47625 0.8325 0.0075 0.03625
1 0.01625 0.8125 0.01125 0.058125
1 0.033125 0.820625 0.011875 0.06375
1 0.049375 0.819375 0.0125 0.065
1 0.060625 0.81875 0.009375 0.068125
1 0.088125 0.825625 0.01875 0.06125
1 0.075 0.819375 0.013125 0.065
0 0.225625 0.875625 0.338125 0.244375
0 0.59875 0.90375 0.255625 0.18875
0 0.680625 0.838125 0.075625 0.04
0 0.371875 0.845625 0.0225 0.0725
0 0.398125 0.85 0.038125 0.068125
2 0.15125 0.785 0.075 0.106875
0 0.10875 0.83 0.0125 0.041875
0 0.500625 0.854375 0.05 0.0725