0 0.443125 0.39 0.011875 0.02625
0 0.431875 0.39 0.0125 0.030625
0 0.424375 0.3925 0.02125 0.041875
0 0.405625 0.398125 0.04125 0.0625
0 0.3925 0.40625 0.031875 0.07375
0 0.370625 0.40875 0.0425 0.11
0 0.334375 0.4225 0.07375 0.13875
0 0.22375 0.443125 0.2175 0.279375
0 0.086875 0.474375 0.17 0.645625
0 0.474375 0.38875 0.01375 0.020625
0 0.483125 0.394375 0.01625 0.02375
0 0.453125 0.3875 0.01 0.016875
0 0.879375 0.435625 0.1975 0.283125
1 0.756875 0.033125 0.024375 0.04875
1 0.72875 0.0375 0.02125 0.029375
1 0.680625 0.033125 0.013125 0.033125
1 0.69875 0.033125 0.028125 0.043125
1 0.651875 0.03875 0.034375 0.030625
1 0.5925 0.036875 0.015 0.020625
1 0.5475 0.036875 0.015 0.030625
1 0.56625 0.0325 0.01875 0.041875
1 0.611875 0.026875 0.03125 0.05375