0 0.08625 0.645625 0.1625 0.219375
0 0.019375 0.7175 0.038125 0.145625
0 0.19625 0.639375 0.075625 0.119375
0 0.24375 0.625625 0.0475 0.09
2 0.294375 0.585625 0.068125 0.105625
0 0.375625 0.55 0.025 0.030625
0 0.393125 0.52375 0.01625 0.02375
0 0.485 0.529375 0.018125 0.025
0 0.506875 0.551875 0.030625 0.0475
0 0.524375 0.565 0.02875 0.0475
0 0.594375 0.618125 0.095 0.10125
0 0.71875 0.654375 0.20875 0.17375
0 0.903125 0.70125 0.188125 0.308125
0 0.41125 0.523125 0.013125 0.015
0 0.4225 0.524375 0.0125 0.0125
0 0.445625 0.518125 0.01375 0.01
2 0.463125 0.515 0.018125 0.018125