0 0.5 0.60125 0.14375 0.185
0 0.498125 0.508125 0.044375 0.00625
0 0.669375 0.56875 0.138125 0.125
0 0.474375 0.50625 0.00625 0.0075
2 0.143125 0.54875 0.28375 0.245
0 0.865625 0.56875 0.2675 0.6725
0 0.535 0.519375 0.059375 0.03875
0 0.46625 0.51125 0.019375 0.0175
0 0.45625 0.505625 0.00625 0.01375
2 0.436875 0.50625 0.025625 0.035
2 0.499375 0.500625 0.01375 0.00875
0 0.300625 0.525625 0.03625 0.03875
0 0.444375 0.50875 0.019375 0.025
1 0.731875 0.516875 0.015625 0.05375
1 0.566875 0.506875 0.00375 0.02125
1 0.551875 0.52 0.01625 0.0525