0 0.474375 0.460625 0.009375 0.0125
0 0.465 0.456875 0.011875 0.020625
0 0.45375 0.45375 0.01125 0.0275
0 0.4425 0.45125 0.0125 0.030625
0 0.406875 0.455625 0.01125 0.031875
0 0.345625 0.455625 0.035 0.0475
0 0.391875 0.454375 0.025625 0.035
0 0.52375 0.454375 0.015 0.035
0 0.54 0.46 0.03 0.06125
2 0.376875 0.449375 0.024375 0.044375
0 0.425625 0.4525 0.03 0.044375
2 0.51375 0.4475 0.01375 0.03625
1 0.77125 0.44 0.025 0.056875
0 0.786875 0.44875 0.02375 0.03625
0 0.79875 0.465 0.044375 0.06375
0 0.85625 0.62 0.286875 0.730625
2 0.1675 0.460625 0.335 0.919375
2 0.4225 0.429375 0.0225 0.020625
1 0.725 0.464375 0.01 0.09