0 0.37875 0.57625 0.005625 0.0125
0 0.385 0.579375 0.009375 0.01375
0 0.42375 0.580625 0.006875 0.01375
0 0.41625 0.581875 0.0125 0.0225
0 0.31625 0.57875 0.0175 0.018125
2 0.3125 0.565 0.02875 0.019375
2 0.2225 0.569375 0.04875 0.04875
2 0.15125 0.568125 0.084375 0.06
0 0.17625 0.58375 0.063125 0.035
0 0.275 0.585 0.024375 0.018125
0 0.455625 0.5525 0.011875 0.015
0 0.455625 0.611875 0.0375 0.115
0 0.6525 0.62 0.04875 0.12625
0 0.08 0.579375 0.06 0.06
0 0.020625 0.575625 0.04125 0.04875
0 0.355 0.58875 0.043125 0.06375
0 0.55375 0.6625 0.2075 0.31125
0 0.385 0.56625 0.00875 0.0125
0 0.40125 0.585625 0.02375 0.031875