1 0.3675 0.50875 0.011875 0.03625
0 0.3475 0.49 0.009375 0.01375
0 0.35625 0.495 0.015625 0.030625
0 0.36625 0.5075 0.01875 0.020625
0 0.38 0.49875 0.01875 0.0275
0 0.346875 0.508125 0.01 0.029375
0 0.314375 0.50875 0.018125 0.04
0 0.450625 0.49625 0.03 0.019375
0 0.570625 0.514375 0.025 0.031875
0 0.588125 0.525625 0.030625 0.04
0 0.67625 0.51 0.05375 0.054375
0 0.530625 0.504375 0.0425 0.05
1 0.565 0.505625 0.011875 0.035
0 0.3325 0.50375 0.0275 0.058125
0 0.40375 0.511875 0.03125 0.05
0 0.2725 0.548125 0.1025 0.1225