0 0.49875 0.499375 0.1275 0.2225
1 0.0275 0.499375 0.03 0.029375
1 0.06 0.493125 0.05375 0.04
1 0.11625 0.493125 0.06375 0.0375
1 0.14125 0.479375 0.02 0.018125
1 0.1675 0.48625 0.040625 0.0225
1 0.1975 0.48125 0.049375 0.0375
1 0.28875 0.47125 0.05125 0.045625
1 0.351875 0.48 0.019375 0.030625
1 0.3675 0.475625 0.00625 0.019375
1 0.380625 0.474375 0.01875 0.020625
1 0.40125 0.47 0.0175 0.02375
1 0.414375 0.4675 0.019375 0.019375
0 0.43875 0.47 0.0175 0.02625
0 0.41875 0.460625 0.013125 0.020625
0 0.563125 0.47625 0.0225 0.02375
0 0.58875 0.47 0.019375 0.02375
0 0.606875 0.48 0.0225 0.035
0 0.63875 0.48 0.050625 0.0625
0 0.763125 0.486875 0.095 0.066875
0 0.83625 0.44375 0.06625 0.055625
0 0.86125 0.489375 0.149375 0.131875
0 0.950625 0.439375 0.096875 0.2