0 0.474375 0.355625 0.015625 0.020625
0 0.46375 0.3525 0.011875 0.0225
0 0.44875 0.35375 0.02375 0.035
0 0.523125 0.354375 0.0125 0.019375
0 0.53875 0.35625 0.036875 0.02625
0 0.299375 0.343125 0.059375 0.069375
0 0.07625 0.34875 0.069375 0.0475
1 0.186875 0.345625 0.0175 0.06125
1 0.150625 0.345625 0.01625 0.06375
1 0.810625 0.37875 0.01625 0.0475
1 0.855625 0.401875 0.01875 0.09
1 0.90375 0.399375 0.015625 0.0775
1 0.92 0.405625 0.019375 0.083125
1 0.98875 0.445625 0.02 0.15
2 0.713125 0.36625 0.29125 0.333125