1 0.961875 0.611875 0.02875 0.1125
1 0.73 0.58125 0.01375 0.06375
1 0.685625 0.5775 0.009375 0.044375
1 0.74625 0.57125 0.01625 0.054375
1 0.674375 0.57 0.011875 0.05125
1 0.655625 0.574375 0.0125 0.06
1 0.665 0.57125 0.0075 0.058125
1 0.638125 0.57 0.011875 0.05125
1 0.615 0.580625 0.009375 0.043125
1 0.618125 0.56625 0.01 0.05125
1 0.606875 0.5675 0.011875 0.0375
1 0.131875 0.56625 0.034375 0.129375
0 0.385625 0.53875 0.0125 0.018125
0 0.39625 0.545 0.0125 0.0225
0 0.408125 0.549375 0.01875 0.02625
0 0.439375 0.549375 0.0175 0.030625
0 0.424375 0.556875 0.02375 0.033125
0 0.465 0.555625 0.03375 0.035
0 0.55125 0.57375 0.038125 0.0625
0 0.478125 0.538125 0.024375 0.025
0 0.51 0.569375 0.06625 0.0875