1 0.619375 0.555625 0.02625 0.0475
1 0.59625 0.55 0.019375 0.029375
1 0.273125 0.5875 0.0075 0.044375
0 0.044375 0.61875 0.08875 0.204375
0 0.105625 0.63375 0.100625 0.13875
0 0.15375 0.618125 0.0625 0.105625
0 0.1775 0.5925 0.075 0.106875
0 0.2175 0.600625 0.015625 0.06125
0 0.226875 0.59375 0.02375 0.056875
0 0.239375 0.60125 0.01125 0.030625
0 0.568125 0.64625 0.19625 0.17625
0 0.46875 0.63625 0.09 0.1525
0 0.425 0.61625 0.06 0.1125
0 0.4 0.614375 0.030625 0.1025
0 0.373125 0.6025 0.04375 0.0625
0 0.35375 0.59375 0.0225 0.054375
0 0.34 0.588125 0.0175 0.0475
0 0.294375 0.5875 0.03125 0.05125
0 0.3225 0.5775 0.02875 0.02625
0 0.26375 0.57875 0.03125 0.0275
0 0.2425 0.574375 0.02875 0.0225