0 0.74875 0.585625 0.45 0.31375
0 0.08625 0.565 0.06375 0.0725
0 0.1475 0.5575 0.036875 0.043125
0 0.189375 0.55125 0.0275 0.030625
0 0.21625 0.54625 0.015625 0.0225
0 0.259375 0.545 0.0225 0.031875
0 0.29625 0.544375 0.02125 0.030625
0 0.339375 0.53875 0.025625 0.0375
0 0.241875 0.54375 0.0125 0.0225
0 0.226875 0.5425 0.011875 0.020625
0 0.273125 0.53375 0.0125 0.020625
0 0.313125 0.5375 0.0125 0.01375
1 0.01625 0.565 0.015 0.09
1 0.37875 0.556875 0.019375 0.0775
1 0.4975 0.544375 0.0175 0.0725
1 0.3925 0.544375 0.01 0.03875
1 0.361875 0.53875 0.0075 0.0375