0 0.544375 0.51375 0.0125 0.019375
0 0.568125 0.505 0.015 0.008125
0 0.594375 0.53625 0.011875 0.029375
0 0.645 0.53375 0.0175 0.0275
0 0.555 0.530625 0.02125 0.030625
0 0.530625 0.518125 0.0175 0.030625
0 0.51625 0.52375 0.04 0.04875
0 0.665 0.5625 0.05625 0.0775
0 0.71 0.59 0.081875 0.11
0 0.400625 0.525625 0.040625 0.056875
0 0.37125 0.529375 0.038125 0.04
0 0.31625 0.52375 0.019375 0.041875
0 0.27125 0.59 0.15625 0.22625
0 0.455625 0.581875 0.119375 0.169375
0 0.57375 0.535625 0.028125 0.044375
0 0.119375 0.5325 0.23875 0.531875
0 0.8425 0.66875 0.31 0.443125
0 0.613125 0.548125 0.040625 0.055625
1 0.365625 0.535 0.005625 0.05
1 0.356875 0.53875 0.011875 0.05125
1 0.33125 0.525 0.02875 0.079375
1 0.51 0.529375 0.0175 0.054375