0 0.18625 0.5075 0.081875 0.054375
0 0.5 0.5025 0.015 0.035
0 0.489375 0.50625 0.0175 0.0375
0 0.525 0.519375 0.025 0.04
0 0.5425 0.536875 0.03625 0.085
0 0.710625 0.53 0.0575 0.119375
0 0.9025 0.495 0.19375 0.04
0 0.34625 0.47375 0.019375 0.020625
0 0.314375 0.48 0.0275 0.01375
0 0.04 0.510625 0.08 0.08875
0 0.44375 0.54375 0.09625 0.16375
0 0.62 0.53875 0.15 0.1975
0 0.836875 0.75125 0.324375 0.4875
1 0.081875 0.524375 0.03125 0.129375
1 0.136875 0.498125 0.02625 0.075
1 0.25125 0.498125 0.011875 0.05125
1 0.2875 0.531875 0.01875 0.133125
1 0.27125 0.530625 0.0275 0.15