1 0.674375 0.53625 0.0275 0.1725
1 0.643125 0.544375 0.02875 0.165
1 0.07625 0.473125 0.009375 0.065
1 0.1 0.4475 0.009375 0.03875
1 0.1175 0.44375 0.006875 0.031875
1 0.11 0.444375 0.0075 0.041875
1 0.234375 0.448125 0.0075 0.04875
1 0.205625 0.425 0.0075 0.0225
0 0.376875 0.5475 0.195 0.291875
0 0.94125 0.845625 0.113125 0.2275
0 0.91875 0.523125 0.16125 0.16
0 0.248125 0.45 0.021875 0.033125
2 0.236875 0.40625 0.01125 0.033125
0 0.278125 0.42875 0.0075 0.02375
0 0.258125 0.415 0.0125 0.0125
2 0.305625 0.43 0.0375 0.056875
0 0.218125 0.42125 0.01375 0.015