0 0.29625 0.6 0.031875 0.045625
0 0.32875 0.5925 0.0225 0.06125
0 0.205625 0.61625 0.063125 0.070625
0 0.13625 0.625625 0.065 0.080625
0 0.255 0.6175 0.068125 0.068125
0 0.05375 0.64125 0.10625 0.156875
2 0.450625 0.56375 0.013125 0.0275
2 0.434375 0.5725 0.0175 0.02625
0 0.480625 0.56625 0.01 0.01375
0 0.468125 0.57625 0.01875 0.0275
2 0.506875 0.535625 0.0525 0.05
0 0.38 0.5975 0.09375 0.129375
0 0.50875 0.6 0.059375 0.095625
0 0.5925 0.60375 0.056875 0.0775
0 0.735 0.57625 0.068125 0.0775
0 0.76125 0.570625 0.075625 0.081875
0 0.873125 0.54375 0.171875 0.055625