0 0.529375 0.468125 0.02 0.03875
0 0.51 0.464375 0.018125 0.02375
0 0.499375 0.47625 0.02 0.029375
0 0.485 0.470625 0.025 0.044375
0 0.461875 0.485 0.044375 0.068125
0 0.40375 0.493125 0.09125 0.115
1 0.2975 0.489375 0.034375 0.108125
1 0.045 0.60375 0.09 0.53875
1 0.01125 0.6275 0.0225 0.558125
0 0.649375 0.480625 0.015625 0.029375
0 0.67 0.48375 0.01625 0.02375
0 0.68375 0.48625 0.0225 0.03625
0 0.71125 0.486875 0.03125 0.035
0 0.7625 0.494375 0.07875 0.079375
0 0.8175 0.5 0.0425 0.06375
0 0.856875 0.506875 0.06125 0.056875
0 0.93375 0.510625 0.1075 0.09875
2 0.5975 0.438125 0.1025 0.218125