1 0.863125 0.25125 0.0225 0.05125
1 0.688125 0.27375 0.011875 0.068125
0 0.310625 0.28375 0.0175 0.055625
0 0.29625 0.285625 0.0275 0.054375
0 0.499375 0.29375 0.011875 0.0375
0 0.511875 0.279375 0.01875 0.06125
1 0.48 0.285625 0.01 0.035
0 0.836875 0.266875 0.030625 0.020625
0 0.783125 0.26875 0.081875 0.054375
0 0.82125 0.350625 0.20875 0.166875
0 0.39875 0.32375 0.163125 0.2625
0 0.59 0.2925 0.175 0.344375
0 0.16 0.3875 0.319375 0.58625
0 0.9325 0.318125 0.134375 0.129375
0 0.905 0.466875 0.19 0.341875