0 0.421875 0.69375 0.01125 0.020625
0 0.405 0.6975 0.011875 0.025
0 0.394375 0.698125 0.006875 0.02375
0 0.386875 0.70375 0.01125 0.044375
0 0.349375 0.705625 0.035 0.069375
0 0.37625 0.71 0.013125 0.054375
0 0.2575 0.7225 0.1125 0.156875
0 0.158125 0.77375 0.18625 0.2125
0 0.05875 0.7925 0.1175 0.34
0 0.44375 0.7025 0.03125 0.03625
2 0.48625 0.69375 0.043125 0.093125
2 0.55625 0.7225 0.1125 0.1475
0 0.585625 0.76625 0.08375 0.169375
0 0.700625 0.82125 0.22125 0.31
0 0.925 0.850625 0.14875 0.293125