0 0.466875 0.431875 0.0425 0.05125
0 0.87 0.225625 0.063125 0.0475
0 0.81125 0.23 0.044375 0.0375
0 0.6375 0.241875 0.05125 0.0275
0 0.59625 0.24625 0.036875 0.02375
0 0.56625 0.24875 0.0225 0.018125
0 0.544375 0.25 0.02375 0.020625
0 0.5075 0.25 0.02875 0.020625
2 0.4575 0.245625 0.024375 0.0275
0 0.42125 0.25375 0.025 0.0275
0 0.39375 0.251875 0.040625 0.02625
0 0.33875 0.263125 0.02625 0.018125
2 0.301875 0.263125 0.044375 0.0275
0 0.295 0.4175 0.038125 0.033125
0 0.2775 0.431875 0.04375 0.0475
0 0.231875 0.431875 0.0575 0.0475
0 0.17625 0.416875 0.05375 0.04875
0 0.15375 0.41875 0.056875 0.04
0 0.11 0.41 0.069375 0.054375
0 0.075625 0.429375 0.05 0.06
0 0.038125 0.43 0.0425 0.0625
0 0.01375 0.45125 0.0275 0.12375
0 0.365 0.4925 0.184375 0.1875
0 0.564375 0.539375 0.2475 0.4125
0 0.981875 0.235 0.03625 0.0275
0 0.474375 0.254375 0.02625 0.015