0 0.188125 0.483125 0.10875 0.125
0 0.34875 0.456875 0.049375 0.065
0 0.4775 0.4525 0.02875 0.043125
0 0.50375 0.44125 0.01 0.025
0 0.494375 0.439375 0.006875 0.015
0 0.109375 0.575625 0.218125 0.395625
0 0.299375 0.4625 0.045 0.08625
0 0.425625 0.4825 0.09125 0.141875
0 0.458125 0.426875 0.01375 0.0275
0 0.52 0.465 0.0525 0.070625
0 0.888125 0.524375 0.2075 0.17375
0 0.7175 0.494375 0.046875 0.05125
1 0.263125 0.445625 0.006875 0.043125
1 0.25375 0.445625 0.0075 0.04
1 0.9575 0.476875 0.031875 0.05
1 0.931875 0.465 0.01625 0.058125
1 0.818125 0.45625 0.01625 0.03625
1 0.388125 0.44125 0.00875 0.030625