0 0.413125 0.50375 0.01 0.016875
0 0.404375 0.4975 0.015 0.02375
0 0.3925 0.50375 0.011875 0.020625
0 0.370625 0.500625 0.02125 0.020625
0 0.358125 0.4975 0.0175 0.0275
0 0.338125 0.500625 0.03625 0.035
0 0.301875 0.49375 0.0425 0.054375
0 0.27 0.49875 0.025 0.044375
0 0.243125 0.49375 0.03625 0.04
0 0.1825 0.4925 0.09625 0.075
2 0.116875 0.476875 0.10375 0.10125
0 0.49875 0.510625 0.01 0.016875
0 0.585 0.51375 0.030625 0.041875
2 0.54875 0.495 0.0425 0.08875
2 0.709375 0.5275 0.07625 0.108125
2 0.93375 0.53625 0.131875 0.27375