0 0.30625 0.34875 0.01125 0.0125
0 0.318125 0.35125 0.009375 0.015
0 0.313125 0.360625 0.0175 0.025
2 0.29125 0.3475 0.0225 0.019375
0 0.295 0.36625 0.02375 0.029375
0 0.2775 0.36625 0.015 0.030625
0 0.273125 0.368125 0.02125 0.02625
0 0.244375 0.35375 0.0175 0.015
0 0.251875 0.368125 0.03 0.03625
0 0.231875 0.365 0.0325 0.043125
2 0.180625 0.33875 0.043125 0.018125
0 0.195 0.369375 0.0525 0.0525
0 0.14375 0.35 0.0375 0.0125
0 0.15125 0.379375 0.056875 0.0525
0 0.00625 0.349375 0.011875 0.0225
0 0.020625 0.388125 0.040625 0.07375
0 0.069375 0.380625 0.11875 0.093125
0 0.383125 0.361875 0.011875 0.019375
0 0.37375 0.361875 0.0075 0.018125
0 0.365 0.368125 0.015625 0.0475
0 0.343125 0.373125 0.0475 0.0725
0 0.444375 0.43 0.14625 0.205625
0 0.763125 0.343125 0.044375 0.03625
0 0.80375 0.34625 0.03625 0.043125
0 0.89 0.34375 0.035 0.055625
1 0.91625 0.349375 0.01125 0.03875