0 0.246875 0.374375 0.040625 0.066875
0 0.245 0.38375 0.031875 0.068125
0 0.22 0.39125 0.0425 0.09
0 0.193125 0.399375 0.053125 0.1125
0 0.13 0.40375 0.1325 0.156875
0 0.059375 0.43375 0.11875 0.23875
0 0.330625 0.360625 0.018125 0.030625
0 0.34875 0.35625 0.01875 0.035
0 0.363125 0.363125 0.01875 0.031875
0 0.383125 0.361875 0.019375 0.035
0 0.400625 0.363125 0.02875 0.045625
0 0.4175 0.36625 0.0275 0.04
0 0.44125 0.366875 0.04 0.045625
0 0.509375 0.375625 0.06625 0.079375
1 0.5825 0.360625 0.015 0.0775
1 0.681875 0.375625 0.0275 0.09
0 0.295 0.3525 0.0275 0.04
0 0.88875 0.33125 0.211875 0.56125
0 0.77625 0.38625 0.031875 0.0725