1 0.588125 0.329375 0.021875 0.1
1 0.545625 0.335625 0.02 0.091875
1 0.429375 0.30875 0.011875 0.055625
1 0.418125 0.311875 0.01 0.055625
1 0.48875 0.4 0.05125 0.183125
1 0.329375 0.389375 0.04 0.194375
1 0.335625 0.394375 0.02625 0.13625
0 0.08125 0.314375 0.053125 0.070625
0 0.1175 0.3175 0.025 0.05
0 0.13 0.310625 0.0325 0.0525
0 0.18 0.3025 0.013125 0.02625
0 0.268125 0.3025 0.01 0.02625
0 0.286875 0.305625 0.02 0.02625
0 0.169375 0.306875 0.021875 0.035
0 0.050625 0.3325 0.0575 0.065
2 0.363125 0.281875 0.093125 0.17375
0 0.255 0.29125 0.01375 0.03625