1 0.004375 0.62375 0.006875 0.044375
1 0.018125 0.6225 0.009375 0.058125
1 0.0325 0.635625 0.00875 0.054375
1 0.536875 0.66125 0.01625 0.056875
1 0.5075 0.66125 0.01125 0.06125
1 0.49875 0.6575 0.01125 0.05
1 0.85875 0.710625 0.02875 0.1525
1 0.13 0.626875 0.0125 0.044375
1 0.5875 0.6825 0.015 0.083125
1 0.826875 0.714375 0.034375 0.154375
0 0.9825 0.744375 0.034375 0.075
0 0.930625 0.718125 0.130625 0.09875
0 0.088125 0.633125 0.05 0.029375
0 0.17875 0.629375 0.038125 0.05125
0 0.251875 0.6325 0.024375 0.044375
0 0.29625 0.63375 0.019375 0.0275
0 0.360625 0.648125 0.02375 0.0375
0 0.4025 0.650625 0.02375 0.02625
0 0.44875 0.660625 0.04875 0.058125
0 0.395625 0.644375 0.02125 0.030625
0 0.314375 0.6325 0.015 0.02375
0 0.3425 0.631875 0.013125 0.0225
0 0.23 0.630625 0.019375 0.035
0 0.33125 0.63375 0.0075 0.016875
0 0.323125 0.633125 0.01125 0.015
0 0.2675 0.636875 0.01125 0.019375
0 0.28375 0.635625 0.009375 0.0225
0 0.27625 0.63375 0.0125 0.01375