1 0.475625 0.435625 0.0225 0.031875
1 0.043125 0.516875 0.01625 0.0725
1 0.003125 0.5175 0.00625 0.0625
1 0.056875 0.518125 0.01625 0.066875
1 0.06625 0.51875 0.018125 0.070625
1 0.075625 0.52125 0.01875 0.06375
1 0.0975 0.515 0.02125 0.06375
1 0.154375 0.488125 0.011875 0.0225
1 0.11625 0.48875 0.01 0.018125
1 0.1675 0.5125 0.018125 0.066875
1 0.180625 0.514375 0.01375 0.045625
1 0.195625 0.50625 0.013125 0.05125
1 0.27125 0.499375 0.009375 0.0275
1 0.275 0.508125 0.00875 0.03875
1 0.495 0.5175 0.025625 0.155625
1 0.48375 0.51375 0.025 0.169375
1 0.541875 0.518125 0.025625 0.16
1 0.564375 0.52125 0.02 0.13875
1 0.515 0.519375 0.018125 0.1375
1 0.77625 0.49625 0.011875 0.020625
1 0.74875 0.485 0.006875 0.015
1 0.746875 0.49875 0.00875 0.016875
1 0.834375 0.49875 0.013125 0.045625
1 0.86 0.500625 0.009375 0.03875
1 0.871875 0.500625 0.00875 0.044375
1 0.8775 0.50125 0.009375 0.043125
1 0.89875 0.504375 0.01125 0.04
1 0.9075 0.505625 0.009375 0.0375
1 0.929375 0.495625 0.0125 0.05125
1 0.95375 0.5025 0.01 0.05125
1 0.97125 0.511875 0.009375 0.033125
0 0.251875 0.519375 0.04 0.0475
0 0.305 0.52625 0.038125 0.106875
0 0.46 0.5175 0.04 0.1025
0 0.4425 0.53125 0.059375 0.116875
0 0.36125 0.54625 0.13375 0.19
0 0.64875 0.605 0.19 0.304375
0 0.725625 0.529375 0.02375 0.105625