1 0.838125 0.60125 0.030625 0.12375
1 0.249375 0.535 0.015625 0.065
1 0.2325 0.533125 0.015 0.0775
1 0.76125 0.57 0.01875 0.0475
1 0.725625 0.55125 0.011875 0.0275
1 0.6775 0.54875 0.01 0.018125
1 0.120625 0.4975 0.015 0.02375
1 0.176875 0.5075 0.01 0.030625
1 0.218125 0.525625 0.019375 0.065
1 0.263125 0.524375 0.015 0.068125
1 0.27125 0.524375 0.011875 0.06375
1 0.07125 0.506875 0.02875 0.070625
1 0.04875 0.5325 0.025 0.116875
1 0.034375 0.519375 0.013125 0.10125
1 0.788125 0.581875 0.0175 0.065
0 0.71125 0.608125 0.07875 0.11
0 0.648125 0.59375 0.05375 0.168125
0 0.13125 0.5725 0.159375 0.14
0 0.4475 0.51375 0.36 0.43625