2 0.11375 0.474375 0.2275 0.25125
0 0.499375 0.535625 0.05375 0.07125
0 0.28875 0.538125 0.0825 0.06375
0 0.5175 0.50625 0.005625 0.01
0 0.45 0.505625 0.00625 0.00875
0 0.350625 0.51875 0.040625 0.0325
0 0.443125 0.51 0.01 0.015
0 0.5575 0.5175 0.03625 0.05
0 0.430625 0.508125 0.015625 0.01125
2 0.449375 0.498125 0.0175 0.01625
0 0.468125 0.505 0.005 0.01
0 0.461875 0.506875 0.009375 0.01125
0 0.53375 0.5125 0.021875 0.025
0 0.82875 0.636875 0.34125 0.25375
1 0.84875 0.498125 0.024375 0.03625
1 0.6775 0.52625 0.006875 0.035
1 0.336875 0.503125 0.005 0.01625
1 0.601875 0.509375 0.005625 0.03125
1 0.66125 0.515 0.011875 0.05