0 0.496875 0.52 0.0325 0.04
0 0.774375 0.608125 0.285 0.20125
0 0.255625 0.551875 0.26125 0.28625
2 0.07875 0.56125 0.156875 0.22
0 0.65375 0.513125 0.02 0.01875
0 0.52875 0.50875 0.01625 0.015
0 0.594375 0.50875 0.02625 0.015
0 0.97375 0.5425 0.05125 0.07
0 0.56875 0.529375 0.045 0.04875
0 0.51625 0.511875 0.0225 0.02375
1 0.5875 0.51125 0.00625 0.0275
1 0.588125 0.510625 0.006875 0.02875
1 0.605 0.509375 0.00625 0.03125
1 0.646875 0.516875 0.005 0.02125
1 0.655625 0.509375 0.0075 0.03125
1 0.551875 0.506875 0.00375 0.01875