0 0.5425 0.50375 0.0225 0.025
0 0.438125 0.508125 0.015 0.01125
0 0.47125 0.51125 0.01625 0.0175
2 0.11 0.499375 0.219375 0.99875
0 0.4225 0.53 0.05125 0.0525
1 0.67625 0.574375 0.019375 0.09875
1 0.7475 0.559375 0.05 0.21875
1 0.7675 0.533125 0.02125 0.13625
1 0.969375 0.6125 0.059375 0.4075
1 0.40375 0.508125 0.005625 0.03125
1 0.443125 0.50375 0.005 0.0175
1 0.540625 0.508125 0.005 0.02875
1 0.37 0.51375 0.01 0.05
1 0.33 0.515 0.00875 0.0575
1 0.405 0.515625 0.00375 0.01375
1 0.27 0.5225 0.01375 0.0825
1 0.558125 0.5025 0.006875 0.0275
1 0.336875 0.509375 0.015 0.04625
1 0.535 0.50875 0.005 0.0225
1 0.778125 0.546875 0.015625 0.07375
1 0.426875 0.498125 0.005625 0.00875
1 0.41125 0.501875 0.00625 0.01875