0 0.7765625 0.52109375 0.0765625 0.03515625
2 0.18984375 0.47109375 0.3796875 0.9421875
0 0.8390625 0.5171875 0.05546875 0.03515625
2 0.5875 0.49453125 0.04609375 0.03125
0 0.728125 0.5171875 0.0671875 0.0359375
0 0.4828125 0.6890625 0.37265625 0.46484375
1 0.8515625 0.55 0.01328125 0.0625
1 0.721875 0.51953125 0.01328125 0.0484375
1 0.703125 0.5203125 0.0125 0.04765625
1 0.6578125 0.5171875 0.01015625 0.04375
1 0.984375 0.5125 0.02890625 0.0671875
1 0.375 0.5078125 0.00390625 0.02265625
1 0.69140625 0.5171875 0.0109375 0.04375
1 0.678125 0.51875 0.0109375 0.04765625
1 0.371875 0.5078125 0.00390625 0.02265625