2 0.156875 0.43375 0.31375 0.7625
0 0.8475 0.56375 0.190625 0.12
2 0.635 0.48875 0.08 0.0425
2 0.436875 0.496875 0.0175 0.02875
0 0.33875 0.5175 0.04875 0.03
0 0.469375 0.50625 0.025 0.01
1 0.506875 0.518125 0.0125 0.06375
1 0.491875 0.51375 0.00875 0.0475
1 0.53 0.528125 0.01125 0.06375
1 0.87875 0.49375 0.015 0.0225
1 0.51875 0.52625 0.0125 0.08
1 0.604375 0.56375 0.019375 0.0775
1 0.979375 0.50375 0.01 0.025
1 0.8675 0.49875 0.005625 0.01
1 0.71375 0.50125 0.005 0.015
1 0.53 0.5275 0.01625 0.0875