0 0.498125 0.505 0.018125 0.01
2 0.32 0.486875 0.1225 0.17375
2 0.42125 0.50875 0.044375 0.055
0 0.884375 0.563125 0.1925 0.11875
2 0.520625 0.490625 0.030625 0.04625
0 0.465 0.50625 0.025 0.01
0 0.616875 0.50625 0.0275 0.0075
1 0.500625 0.515 0.00875 0.0475
1 0.48625 0.511875 0.006875 0.03875
1 0.5725 0.541875 0.0225 0.10875
1 0.98 0.51875 0.021875 0.0675
1 0.5725 0.55 0.019375 0.125
1 0.5575 0.541875 0.011875 0.05875
1 0.87375 0.498125 0.005625 0.00875
1 0.96875 0.50375 0.00625 0.0225
1 0.660625 0.50125 0.00375 0.015
1 0.590625 0.553125 0.028125 0.13875