0 0.5765625 0.50390625 0.01953125 0.01015625
0 0.49375 0.50546875 0.02265625 0.0109375
2 0.3203125 0.48671875 0.12265625 0.1734375
2 0.4265625 0.51015625 0.0453125 0.0671875
0 0.971875 0.51015625 0.05390625 0.0125
0 0.8953125 0.56328125 0.19140625 0.11875
2 0.5390625 0.4921875 0.02734375 0.03515625
0 0.2359375 0.509375 0.053125 0.0140625
1 0.4875 0.5125 0.00859375 0.03984375
1 0.51875 0.5015625 0.0046875 0.01875
1 0.91328125 0.6078125 0.1046875 0.2875
1 0.60859375 0.503125 0.0046875 0.0109375
1 0.5203125 0.53125 0.0109375 0.0453125
1 0.75 0.5015625 0.00703125 0.01640625