0 0.49 0.505 0.011875 0.01
2 0.32 0.486875 0.1225 0.17375
2 0.42625 0.509375 0.040625 0.05875
0 0.884375 0.563125 0.1925 0.11875
2 0.516875 0.49125 0.035 0.045
0 0.465 0.50625 0.025 0.01
0 0.621875 0.50625 0.0175 0.0075
1 0.499375 0.515 0.01 0.0475
1 0.486875 0.511875 0.006875 0.03875
1 0.588125 0.545625 0.0225 0.11125
1 0.995625 0.51875 0.006875 0.0675
1 0.588125 0.555625 0.025625 0.13875
1 0.5525 0.54125 0.013125 0.0575
1 0.861875 0.498125 0.005 0.01125
1 0.985 0.5025 0.0075 0.02
1 0.6525 0.50125 0.00375 0.0125
1 0.606875 0.559375 0.031875 0.15375