0 0.49609375 0.50625 0.0234375 0.01015625
2 0.3203125 0.48671875 0.12265625 0.1734375
2 0.4265625 0.5109375 0.0453125 0.06640625
0 0.884375 0.56328125 0.1921875 0.11875
2 0.5296875 0.4921875 0.03359375 0.0390625
0 0.46484375 0.50625 0.025 0.01015625
0 0.6953125 0.50546875 0.01484375 0.00625
1 0.49296875 0.5140625 0.0078125 0.0453125
1 0.49296875 0.51171875 0.0046875 0.03359375
1 0.6359375 0.5515625 0.01640625 0.1375
1 0.6421875 0.57109375 0.04921875 0.18515625
1 0.5421875 0.53671875 0.01171875 0.05390625
1 0.8265625 0.5015625 0.00859375 0.01875
1 0.6296875 0.5015625 0.00546875 0.01640625
1 0.675 0.58046875 0.05859375 0.2109375