0 0.49625 0.505 0.0225 0.01
2 0.30625 0.485625 0.140625 0.19375
2 0.38875 0.50625 0.0225 0.045
0 0.869375 0.563125 0.1925 0.11875
2 0.57375 0.488125 0.0825 0.04375
0 0.465 0.50625 0.025 0.01
0 0.6225 0.50625 0.015625 0.0075
1 0.501875 0.516875 0.01 0.05375
1 0.4875 0.513125 0.0075 0.04125
1 0.550625 0.526875 0.006875 0.08875
1 0.928125 0.499375 0.01125 0.02625
1 0.54 0.540625 0.02 0.10625
1 0.5775 0.544375 0.01375 0.06375
1 0.906875 0.49875 0.005 0.0125
1 0.931875 0.503125 0.005 0.01875
1 0.685 0.503125 0.00625 0.01625
1 0.555 0.543125 0.028125 0.11875