0 0.49625 0.50625 0.02375 0.01
2 0.32 0.486875 0.1225 0.17375
2 0.42625 0.510625 0.045 0.06625
0 0.884375 0.563125 0.1925 0.11875
2 0.529375 0.491875 0.03375 0.03875
0 0.465 0.50625 0.025 0.01
0 0.695625 0.505625 0.015 0.00625
1 0.493125 0.51375 0.0075 0.045
1 0.493125 0.511875 0.005 0.03375
1 0.635625 0.55125 0.01625 0.1375
1 0.6425 0.57125 0.049375 0.185
1 0.541875 0.536875 0.011875 0.05375
1 0.826875 0.501875 0.00875 0.01875
1 0.629375 0.501875 0.005625 0.01625
1 0.674375 0.580625 0.05875 0.21125