0 0.49609375 0.50625 0.0234375 0.01015625
2 0.3203125 0.48671875 0.12265625 0.1734375
2 0.4265625 0.51015625 0.0453125 0.0671875
0 0.884375 0.5609375 0.1921875 0.11484375
2 0.53828125 0.4921875 0.028125 0.03515625
0 0.459375 0.50625 0.025 0.01015625
0 0.7859375 0.50703125 0.03046875 0.00859375
1 0.49296875 0.51328125 0.0078125 0.04375
1 0.503125 0.503125 0.00546875 0.02109375
1 0.715625 0.5703125 0.0390625 0.175
1 0.62109375 0.503125 0.0046875 0.0109375
1 0.75390625 0.6 0.0515625 0.2546875
1 0.53125 0.5359375 0.01015625 0.0484375
1 0.790625 0.50234375 0.00546875 0.0171875
1 0.60625 0.5015625 0.00390625 0.01484375
1 0.8328125 0.6203125 0.06484375 0.3140625