0 0.49625 0.50625 0.02375 0.01
2 0.32 0.486875 0.1225 0.17375
2 0.42625 0.51 0.045 0.0675
0 0.884375 0.56125 0.1925 0.115
2 0.538125 0.4925 0.028125 0.035
0 0.459375 0.50625 0.025 0.01
0 0.785625 0.506875 0.030625 0.00875
1 0.493125 0.513125 0.0075 0.04375
1 0.5025 0.503125 0.005625 0.02125
1 0.715625 0.57 0.03875 0.175
1 0.62125 0.503125 0.005 0.01125
1 0.75375 0.6 0.05125 0.255
1 0.530625 0.535625 0.01 0.04875
1 0.79125 0.5025 0.005625 0.0175
1 0.606875 0.50125 0.00375 0.015
1 0.833125 0.620625 0.065 0.31375