2 0.278125 0.528125 0.21375 0.17625
0 0.9825 0.52125 0.0325 0.0325
0 0.55375 0.529375 0.05 0.04625
0 0.80125 0.518125 0.043125 0.02125
0 0.7575 0.516875 0.04625 0.03125
0 0.57625 0.56125 0.099375 0.0975
0 0.53875 0.52375 0.04625 0.0425
0 0.719375 0.525625 0.05625 0.04125
0 0.9075 0.52 0.063125 0.0275
1 0.49 0.510625 0.00875 0.03375
1 0.500625 0.51 0.006875 0.0325
1 0.68 0.509375 0.006875 0.02625
1 0.783125 0.505 0.005625 0.015
1 0.39625 0.51125 0.00625 0.04
1 0.5225 0.50625 0.006875 0.025
1 0.585 0.503125 0.0075 0.01625
1 0.95125 0.534375 0.011875 0.03875
1 0.661875 0.509375 0.00375 0.02875
1 0.649375 0.509375 0.0075 0.02875
1 0.388125 0.51875 0.00875 0.0275