2 0.5 0.5359375 0.22578125 0.3296875
1 0.3484375 0.51015625 0.00703125 0.02734375
1 0.1609375 0.50078125 0.00390625 0.00625
1 0.2734375 0.5203125 0.01328125 0.06015625
1 0.63046875 0.52421875 0.0140625 0.0765625
1 0.06875 0.49921875 0.00390625 0.00859375
1 0.153125 0.4984375 0.00546875 0.01015625
1 0.3515625 0.51015625 0.00859375 0.02734375
1 0.01015625 0.5546875 0.01875 0.0578125
1 0.36875 0.51328125 0.00859375 0.04140625
1 0.0484375 0.5015625 0.00625 0.00625
1 0.1328125 0.4984375 0.00546875 0.01015625
1 0.3546875 0.50859375 0.0046875 0.02734375
1 0.61640625 0.521875 0.0125 0.06640625