2 0.140625 0.571875 0.28125 0.67375
0 0.300625 0.50875 0.024375 0.0125
0 0.30875 0.508125 0.02625 0.01375
0 0.499375 0.515 0.024375 0.03
0 0.423125 0.51375 0.024375 0.0275
1 0.64625 0.52 0.005625 0.025
1 0.6225 0.5125 0.006875 0.04
1 0.43125 0.5125 0.01125 0.0325
1 0.53875 0.5075 0.00375 0.02
1 0.411875 0.513125 0.01125 0.03125
1 0.36125 0.540625 0.03125 0.10875
1 0.390625 0.513125 0.009375 0.03375
1 0.62375 0.5225 0.005 0.025
1 0.306875 0.508125 0.005625 0.02375
1 0.611875 0.510625 0.006875 0.03625