2 0.373125 0.519375 0.12125 0.14375
2 0.11375 0.508125 0.09875 0.05125
0 0.0275 0.51625 0.04125 0.03
0 0.009375 0.523125 0.01875 0.02625
0 0.496875 0.5125 0.015625 0.025
0 0.438125 0.510625 0.0175 0.02125
0 0.0725 0.5225 0.07875 0.03
2 0.27 0.5075 0.0725 0.0475
1 0.05125 0.515625 0.021875 0.04875
1 0.106875 0.5175 0.01 0.055
1 0.47125 0.509375 0.00375 0.02375
1 0.5275 0.505625 0.00375 0.01625
1 0.186875 0.51875 0.01125 0.03
1 0.45625 0.51 0.00625 0.025
1 0.510625 0.521875 0.013125 0.05625
1 0.44875 0.51 0.005 0.025
1 0.2225 0.515 0.0075 0.0375
1 0.11625 0.518125 0.018125 0.05375
1 0.18875 0.523125 0.005625 0.02625
1 0.024375 0.520625 0.01875 0.06375
1 0.5825 0.5075 0.005 0.0225