2 0.321875 0.521875 0.18625 0.20375
2 0.07 0.505 0.111875 0.0575
0 0.501875 0.508125 0.018125 0.02375
0 0.435 0.5075 0.019375 0.0225
0 0.034375 0.52125 0.06875 0.0325
2 0.205 0.504375 0.06 0.05375
1 0.605 0.50375 0.005625 0.03
1 0.055 0.515 0.015625 0.065
1 0.463125 0.505625 0.00625 0.02625
1 0.143125 0.51375 0.01 0.0475
1 0.44875 0.506875 0.005625 0.02625
1 0.488125 0.52125 0.011875 0.065
1 0.436875 0.506875 0.00375 0.02625
1 0.18875 0.511875 0.00875 0.04375
1 0.031875 0.5175 0.015 0.07
1 0.155625 0.521875 0.0075 0.03125
1 0.590625 0.505 0.005 0.0275