0 0.024375 0.50875 0.04625 0.0175
0 0.11 0.50125 0.043125 0.0275
0 0.42125 0.52 0.075 0.04
2 0.859375 0.57125 0.28 0.68
0 0.063125 0.508125 0.03375 0.01625
0 0.155625 0.505625 0.025625 0.01375
0 0.089375 0.5075 0.019375 0.015
0 0.081875 0.505 0.02125 0.02
0 0.0475 0.5075 0.02 0.0175
1 0.691875 0.51 0.006875 0.0325
1 0.638125 0.505625 0.006875 0.02625
1 0.708125 0.519375 0.00375 0.01125
1 0.555625 0.509375 0.005625 0.02625
1 0.67125 0.50125 0.00375 0.0175
1 0.6675 0.505625 0.00375 0.02625
1 0.14125 0.505625 0.00875 0.02625
1 0.715 0.51 0.005625 0.0325
1 0.0675 0.505 0.009375 0.025
1 0.68625 0.509375 0.005 0.02875
1 0.71 0.51 0.00625 0.0325
1 0.71625 0.516875 0.00375 0.02125
1 0.595 0.508125 0.009375 0.02625
1 0.7225 0.5225 0.00375 0.01
1 0.6675 0.5075 0.00375 0.0225
1 0.53 0.5075 0.005 0.025
1 0.684375 0.505625 0.0075 0.02875
1 0.7425 0.51125 0.00625 0.0375
1 0.720625 0.514375 0.00375 0.02875
1 0.615 0.50875 0.00625 0.0275
1 0.7075 0.51 0.005 0.0325
1 0.05875 0.505625 0.00875 0.02375