0 0.369375 0.499375 0.005625 0.00625
0 0.0525 0.5075 0.04125 0.0175
0 0.13 0.500625 0.04 0.02625
0 0.394375 0.5175 0.0675 0.035
2 0.813125 0.535 0.3725 0.39
0 0.086875 0.5075 0.03 0.015
0 0.174375 0.505 0.02375 0.0125
0 0.1075 0.50625 0.0125 0.015
0 0.101875 0.504375 0.019375 0.01875
0 0.070625 0.506875 0.015 0.01625
1 0.63625 0.513125 0.005 0.00625
1 0.544375 0.508125 0.00625 0.02375
1 0.018125 0.501875 0.005 0.01375
1 0.088125 0.50375 0.00625 0.0225
1 0.59625 0.506875 0.00625 0.02375
1 0.534375 0.506875 0.00625 0.02375
1 0.599375 0.5075 0.005 0.025
1 0.08125 0.504375 0.0075 0.02375