0 0.884375 0.5484375 0.2296875 0.1875
0 0.08046875 0.5046875 0.0375 0.0109375
0 0.15 0.49921875 0.03515625 0.0234375
0 0.375 0.5140625 0.06015625 0.03125
2 0.68125 0.52265625 0.19140625 0.2078125
0 0.1125 0.50546875 0.02421875 0.0140625
0 0.18984375 0.50390625 0.0171875 0.0125
0 0.1296875 0.50390625 0.01171875 0.01015625
0 0.025 0.5109375 0.04921875 0.0234375
0 0.1234375 0.4984375 0.0171875 0.0078125
1 0.99453125 0.50078125 0.009375 0.02890625
1 0.5359375 0.50625 0.00625 0.02265625
1 0.04609375 0.5 0.00625 0.0125
1 0.2 0.4984375 0.00390625 0.0109375
1 0.1109375 0.5 0.00625 0.01484375
1 0.596875 0.50546875 0.00390625 0.0234375
1 0.5375 0.50625 0.00703125 0.02265625
1 0.5859375 0.509375 0.0046875 0.01640625
1 0.1046875 0.5 0.00625 0.01484375