0 0.4625 0.5140625 0.02109375 0.0328125
0 0.4890625 0.50625 0.00859375 0.01015625
0 0.48671875 0.50546875 0.009375 0.0140625
0 0.475 0.51328125 0.009375 0.01875
0 0.4390625 0.521875 0.03828125 0.04375
2 0.3453125 0.5265625 0.14375 0.16015625
0 0.50625 0.51171875 0.0171875 0.01875
0 0.52265625 0.5046875 0.009375 0.00625
1 0.621875 0.52734375 0.01484375 0.0796875
1 0.559375 0.50625 0.00546875 0.02265625
1 0.1390625 0.51875 0.021875 0.0578125
1 0.0171875 0.51953125 0.0171875 0.05390625
1 0.60703125 0.53046875 0.00625 0.03125
1 0.140625 0.51875 0.01953125 0.0546875