2 0.348125 0.525625 0.135 0.13125
0 0.45125 0.506875 0.015625 0.03125
2 0.500625 0.46875 0.0275 0.0275
0 0.91625 0.4975 0.038125 0.015
0 0.580625 0.495625 0.024375 0.01875
0 0.500625 0.543125 0.103125 0.13625
0 0.42 0.50125 0.0475 0.0875
0 0.968125 0.50125 0.02125 0.0075
1 0.99125 0.500625 0.00375 0.00875
1 0.505 0.47875 0.006875 0.0075
1 0.54625 0.49625 0.005 0.025
1 0.135625 0.53125 0.031875 0.14
1 0.640625 0.52625 0.009375 0.05
1 0.561875 0.5125 0.018125 0.075
1 0.590625 0.51875 0.00625 0.0325