2 0.45625 0.5296875 0.22265625 0.1703125
0 0.3578125 0.5109375 0.021875 0.0140625
0 0.04609375 0.51640625 0.0828125 0.0203125
0 0.3640625 0.5328125 0.0453125 0.0625
1 0.2328125 0.67421875 0.03828125 0.17109375
1 0.1734375 0.52265625 0.01640625 0.0703125
1 0.36875 0.5921875 0.046875 0.22734375
1 0.32421875 0.61171875 0.0640625 0.29375
1 0.48125 0.575 0.06796875 0.18984375
1 0.1375 0.50703125 0.0125 0.0390625
1 0.8359375 0.59921875 0.07265625 0.3265625
1 0.12265625 0.5359375 0.025 0.1125
1 0.6734375 0.58125 0.05625 0.21484375