2 0.4515625 0.52578125 0.23671875 0.18125
0 0.3515625 0.50234375 0.01640625 0.01015625
0 0.2015625 0.52265625 0.08203125 0.0453125
0 0.3546875 0.52421875 0.04765625 0.0609375
1 0.1734375 0.521875 0.02421875 0.08125
1 0.021875 0.62265625 0.04375 0.32734375
1 0.19609375 0.57265625 0.04375 0.20234375
1 0.0578125 0.5015625 0.0109375 0.0359375
1 0.434375 0.6125 0.09140625 0.29765625
1 0.925 0.54765625 0.03828125 0.22265625
1 0.17265625 0.521875 0.01875 0.09140625
1 0.946875 0.55390625 0.06640625 0.2453125