2 0.0734375 0.5296875 0.146875 0.171875
0 0.2109375 0.50859375 0.02421875 0.0125
0 0.54921875 0.521875 0.0296875 0.0265625
2 0.4328125 0.5046875 0.02421875 0.01640625
2 0.6015625 0.4984375 0.02734375 0.03515625
0 0.5015625 0.51640625 0.02734375 0.0328125
0 0.4109375 0.5046875 0.01328125 0.0125
0 0.21875 0.5078125 0.03515625 0.01484375
0 0.60546875 0.51015625 0.0203125 0.0125
0 0.196875 0.5109375 0.00546875 0.00625
0 0.2359375 0.5078125 0.01796875 0.0109375
2 0.915625 0.52578125 0.16796875 0.07890625
2 0.3421875 0.51484375 0.05625 0.0828125
0 0.2578125 0.52109375 0.05546875 0.0625
0 0.40625 0.515625 0.02578125 0.0234375
0 0.37890625 0.515625 0.0171875 0.0234375
1 0.6984375 0.5140625 0.00859375 0.04765625
1 0.7375 0.5140625 0.00703125 0.04765625
1 0.6453125 0.5203125 0.0046875 0.02265625
1 0.578125 0.5078125 0.00390625 0.0234375
1 0.8 0.5140625 0.0046875 0.04609375