0 0.49875 0.5125 0.031875 0.0425
0 0.475625 0.5025 0.01 0.015
2 0.943125 0.461875 0.1125 0.28375
0 0.44875 0.51375 0.018125 0.0425
2 0.394375 0.510625 0.09625 0.11875
2 0.485 0.494375 0.009375 0.01375
0 0.499375 0.4925 0.02375 0.0125
0 0.469375 0.504375 0.015625 0.01625
2 0.535 0.489375 0.0225 0.01125
0 0.78625 0.620625 0.42625 0.24375
1 0.53375 0.4925 0.005 0.01
1 0.55125 0.499375 0.00625 0.02375
1 0.5675 0.503125 0.00625 0.02375
1 0.888125 0.4925 0.006875 0.015
1 0.52625 0.498125 0.00375 0.01875
1 0.618125 0.509375 0.0175 0.07375
1 0.55375 0.499375 0.005625 0.02375
1 0.769375 0.493125 0.0075 0.01625
1 0.745 0.4925 0.005625 0.01
1 0.54625 0.5025 0.005625 0.0275
1 0.82875 0.49375 0.0075 0.0125
1 0.80625 0.509375 0.0075 0.01125
1 0.533125 0.503125 0.005625 0.02625
1 0.74 0.491875 0.00375 0.01125
1 0.694375 0.495625 0.01875 0.03875