0 0.4984375 0.52109375 0.03203125 0.0421875
0 0.475 0.51015625 0.0109375 0.01484375
2 0.94296875 0.440625 0.1125 0.2234375
0 0.4484375 0.5234375 0.01640625 0.04375
2 0.39375 0.51953125 0.09609375 0.11875
2 0.48515625 0.50234375 0.009375 0.01484375
0 0.49921875 0.50078125 0.0234375 0.0109375
0 0.46875 0.5140625 0.0171875 0.0171875
2 0.5296875 0.49453125 0.02265625 0.00859375
0 0.84140625 0.61796875 0.315625 0.21875
1 0.5453125 0.5078125 0.00703125 0.0234375
1 0.559375 0.51015625 0.01015625 0.0296875
1 0.88125 0.5015625 0.0046875 0.01484375
1 0.609375 0.52578125 0.02109375 0.0890625
1 0.546875 0.5078125 0.00703125 0.025
1 0.7796875 0.50234375 0.00546875 0.0171875
1 0.5453125 0.5109375 0.00390625 0.0265625
1 0.83515625 0.50234375 0.00625 0.0125
1 0.80625 0.51796875 0.0078125 0.00859375
1 0.53125 0.5109375 0.00546875 0.0265625
1 0.75 0.5015625 0.00390625 0.01640625
1 0.7015625 0.525 0.0234375 0.08515625