0 0.499375 0.50625 0.021875 0.03
0 0.479375 0.499375 0.00875 0.01125
2 0.7875 0.470625 0.209375 0.13125
0 0.53375 0.50125 0.0325 0.0175
2 0.4375 0.501875 0.04875 0.06875
2 0.486875 0.4925 0.0075 0.0125
0 0.49875 0.491875 0.018125 0.00875
0 0.47625 0.499375 0.01125 0.00875
2 0.53375 0.488125 0.018125 0.01125
0 0.46375 0.524375 0.081875 0.06125
1 0.619375 0.4925 0.00375 0.01
1 0.8075 0.570625 0.063125 0.25375
1 0.595625 0.5175 0.013125 0.07
1 0.653125 0.51625 0.005 0.0375
1 0.759375 0.58125 0.025 0.1075
1 0.89625 0.57625 0.06875 0.275
1 0.53625 0.49875 0.005 0.025
1 0.705 0.52 0.02 0.0975
1 0.56625 0.504375 0.00875 0.04625