2 0.5 0.4734375 0.115625 0.23515625
0 0.3953125 0.540625 0.075 0.0765625
0 0.4390625 0.50546875 0.00546875 0.0109375
2 0.19453125 0.4921875 0.0875 0.0265625
0 0.4359375 0.503125 0.0109375 0.0140625
1 0.409375 0.49765625 0.00390625 0.01015625
1 0.13046875 0.49921875 0.009375 0.0140625
1 0.01015625 0.50078125 0.0078125 0.01640625
1 0.5765625 0.515625 0.0125 0.05390625
1 0.4140625 0.4984375 0.00546875 0.01015625
1 0.42109375 0.5015625 0.0046875 0.01484375
1 0.11484375 0.5015625 0.00625 0.0140625
1 0.0265625 0.5015625 0.00546875 0.01484375
1 0.0390625 0.49921875 0.0109375 0.01640625