0 0.3 0.5078125 0.028125 0.00625
2 0.5 0.4578125 0.20078125 0.3859375
0 0.3953125 0.51484375 0.0078125 0.0171875
1 0.375 0.515625 0.00390625 0.0359375
1 0.38046875 0.5140625 0.00625 0.03359375
1 0.2828125 0.51796875 0.0109375 0.0515625
1 0.371875 0.515625 0.00859375 0.0390625
1 0.05 0.5078125 0.00390625 0.0125
1 0.121875 0.50390625 0.00703125 0.02265625
1 0.61875 0.53046875 0.02109375 0.09140625
1 0.284375 0.5203125 0.01640625 0.0546875
1 0.38828125 0.5140625 0.00625 0.0359375
1 0.328125 0.5046875 0.00546875 0.0140625
1 0.3625 0.515625 0.00859375 0.0390625
1 0.3171875 0.5203125 0.01328125 0.05
1 0.025 0.5078125 0.00546875 0.01484375
1 0.384375 0.5140625 0.00390625 0.0328125
1 0.3890625 0.515625 0.00625 0.0390625
1 0.00859375 0.5078125 0.0046875 0.0125