0 0.3 0.508125 0.028125 0.00625
2 0.500625 0.458125 0.200625 0.38625
0 0.395 0.515 0.0075 0.0175
1 0.374375 0.515625 0.00375 0.03625
1 0.380625 0.514375 0.00625 0.03375
1 0.2825 0.518125 0.01125 0.05125
1 0.3725 0.515625 0.00875 0.03875
1 0.049375 0.5075 0.00375 0.0125
1 0.1225 0.50375 0.006875 0.0225
1 0.619375 0.530625 0.02125 0.09125
1 0.28375 0.52 0.01625 0.055
1 0.388125 0.514375 0.00625 0.03625
1 0.3275 0.504375 0.005625 0.01375
1 0.361875 0.515625 0.00875 0.03875
1 0.3175 0.52 0.013125 0.05
1 0.025625 0.5075 0.005625 0.015
1 0.38375 0.51375 0.00375 0.0325
1 0.38875 0.515625 0.00625 0.03875
1 0.00875 0.5075 0.005 0.0125