2 0.5 0.48125 0.09375 0.1875
0 0.205 0.61875 0.26125 0.22
2 0.32875 0.495625 0.0525 0.01375
0 0.425 0.501875 0.0125 0.00625
1 0.64125 0.529375 0.02 0.11375
1 0.02875 0.51875 0.005625 0.0275
1 0.151875 0.50375 0.005625 0.0225
1 0.17875 0.500625 0.005625 0.01125
1 0.44875 0.505625 0.00375 0.01875
1 0.030625 0.5 0.00375 0.0075
1 0.0975 0.50125 0.005 0.0125
1 0.439375 0.50625 0.00375 0.0225
1 0.086875 0.50625 0.005625 0.0225
1 0.124375 0.50125 0.005625 0.0125
1 0.2325 0.498125 0.005 0.00875
1 0.161875 0.501875 0.005625 0.01625
1 0.1175 0.5 0.006875 0.015
1 0.0975 0.508125 0.005 0.00875
1 0.190625 0.5 0.005 0.01
1 0.0625 0.510625 0.0075 0.03875
1 0.003125 0.5125 0.00625 0.045