2 0.5 0.48125 0.09375 0.1875
0 0.2046875 0.61875 0.2609375 0.2203125
2 0.328125 0.4953125 0.05234375 0.0140625
0 0.425 0.5015625 0.0125 0.00625
1 0.64140625 0.5296875 0.0203125 0.1140625
1 0.028125 0.51875 0.00546875 0.02734375
1 0.1515625 0.50390625 0.00546875 0.02265625
1 0.178125 0.50078125 0.00546875 0.0109375
1 0.4484375 0.50546875 0.00390625 0.01875
1 0.03125 0.5 0.00390625 0.0078125
1 0.09765625 0.5015625 0.0046875 0.0125
1 0.4390625 0.50625 0.00390625 0.02265625
1 0.0875 0.50625 0.00546875 0.02265625
1 0.125 0.5015625 0.00546875 0.0125
1 0.2328125 0.4984375 0.0046875 0.00859375
1 0.1625 0.5015625 0.00546875 0.01640625
1 0.1171875 0.5 0.00703125 0.01484375
1 0.09765625 0.5078125 0.0046875 0.00859375
1 0.190625 0.5 0.0046875 0.01015625
1 0.0625 0.5109375 0.0078125 0.0390625
1 0.003125 0.5125 0.00625 0.0453125