0 0.474375 0.511875 0.01125 0.02125
0 0.14625 0.51375 0.0325 0.0225
2 0.3425 0.539375 0.159375 0.18625
2 0.46625 0.5075 0.03375 0.015
0 0.13875 0.52625 0.006875 0.0175
0 0.436875 0.511875 0.025625 0.01375
0 0.199375 0.5125 0.009375 0.0125
0 0.525625 0.509375 0.021875 0.01375
2 0.435 0.5075 0.02625 0.02
0 0.460625 0.5175 0.025625 0.0275
0 0.473125 0.515625 0.00875 0.02375
0 0.49875 0.51375 0.01625 0.02
1 0.605625 0.505625 0.005 0.01625
1 0.68375 0.503125 0.01 0.02625
1 0.1675 0.51375 0.009375 0.03
1 0.18375 0.5125 0.005625 0.025
1 0.120625 0.530625 0.030625 0.08625
1 0.719375 0.505625 0.01125 0.03125
1 0.789375 0.504375 0.015 0.04125
1 0.144375 0.514375 0.00625 0.03125