0 0.1075 0.528125 0.04375 0.04125
0 0.30375 0.506875 0.005 0.04875
0 0.04625 0.52 0.044375 0.025
2 0.205625 0.555625 0.1925 0.26375
0 0.35375 0.54125 0.0775 0.0625
0 0.42375 0.513125 0.084375 0.09875
0 0.1375 0.515625 0.01375 0.02375
0 0.024375 0.51625 0.015 0.02
0 0.06375 0.518125 0.018125 0.02125
0 0.014375 0.515625 0.02875 0.03125
1 0.6225 0.518125 0.013125 0.06375
1 0.68875 0.4975 0.00875 0.0275
1 0.569375 0.525625 0.005625 0.03125
1 0.506875 0.515625 0.011875 0.04875
1 0.54375 0.5175 0.01125 0.055
1 0.47375 0.51375 0.00625 0.0425
1 0.730625 0.521875 0.015 0.08125
1 0.513125 0.525 0.00625 0.035
1 0.52625 0.515 0.009375 0.055