0 0.1078125 0.528125 0.04375 0.04140625
0 0.30390625 0.50703125 0.0046875 0.0484375
0 0.046875 0.5203125 0.04453125 0.025
2 0.20546875 0.55546875 0.1921875 0.2640625
0 0.353125 0.54140625 0.07734375 0.0625
0 0.4234375 0.51328125 0.084375 0.0984375
0 0.1375 0.515625 0.0140625 0.0234375
0 0.025 0.51640625 0.01484375 0.0203125
0 0.0640625 0.51796875 0.01796875 0.02109375
0 0.0140625 0.515625 0.028125 0.03125
1 0.621875 0.51796875 0.01328125 0.0640625
1 0.6890625 0.49765625 0.00859375 0.02734375
1 0.56875 0.52578125 0.00546875 0.03125
1 0.50625 0.515625 0.01171875 0.0484375
1 0.54375 0.5171875 0.0109375 0.0546875
1 0.4734375 0.5140625 0.00625 0.0421875
1 0.73125 0.521875 0.01484375 0.08125
1 0.51328125 0.525 0.00625 0.03515625
1 0.5265625 0.51484375 0.009375 0.0546875