2 0.3675 0.530625 0.143125 0.16375
0 0.9 0.534375 0.059375 0.04375
0 0.49875 0.510625 0.00875 0.01125
0 0.465 0.513125 0.00875 0.01625
0 0.47625 0.52125 0.024375 0.025
0 0.444375 0.51875 0.015 0.03
0 0.481875 0.509375 0.0225 0.03875
0 0.53125 0.50875 0.0075 0.0075
1 0.98375 0.543125 0.03125 0.10375
1 0.4925 0.519375 0.009375 0.03875
1 0.861875 0.525 0.0075 0.025
1 0.471875 0.519375 0.01125 0.03875
1 0.58875 0.505625 0.00375 0.00875
1 0.845 0.53375 0.019375 0.075
1 0.145 0.525 0.02125 0.0675
1 0.68875 0.51625 0.009375 0.04
1 0.598125 0.51125 0.00375 0.0225
1 0.945 0.54 0.036875 0.09
1 0.800625 0.518125 0.01 0.04625
1 0.6825 0.514375 0.005625 0.03375
1 0.693125 0.523125 0.00375 0.02125
1 0.835625 0.53 0.013125 0.0625
1 0.456875 0.52 0.00875 0.0375
1 0.763125 0.525625 0.01 0.05375
1 0.669375 0.516875 0.00625 0.04125
1 0.83 0.518125 0.01 0.04625
1 0.66125 0.51375 0.00625 0.03