2 0.935 0.52125 0.12875 0.135
0 0.55875 0.509375 0.019375 0.00625
0 0.44 0.52 0.028125 0.035
1 0.35 0.53 0.00625 0.0325
1 0.594375 0.615625 0.0875 0.30375
1 0.738125 0.545625 0.021875 0.08375
1 0.57375 0.50625 0.00625 0.025
1 0.368125 0.515625 0.009375 0.04625
1 0.33375 0.51875 0.013125 0.055
1 0.625625 0.52625 0.00625 0.03
1 0.465 0.5075 0.005 0.0175
1 0.3625 0.52125 0.005 0.0275
1 0.568125 0.5075 0.00375 0.0225
1 0.55875 0.515625 0.01125 0.04625
1 0.736875 0.543125 0.0225 0.11125
1 0.305 0.52125 0.015 0.0625
1 0.51125 0.6275 0.08625 0.32
1 0.07875 0.555 0.05 0.1675