2 0.885 0.521875 0.215 0.13625
0 0.5775 0.5075 0.019375 0.01
0 0.54125 0.5075 0.01875 0.01
0 0.44 0.52 0.028125 0.035
1 0.34125 0.5325 0.00875 0.035
1 0.780625 0.576875 0.04 0.23625
1 0.53 0.5075 0.005 0.0225
1 0.5775 0.50875 0.00625 0.0275
1 0.3525 0.5175 0.01125 0.0525
1 0.345625 0.51625 0.00875 0.05
1 0.64625 0.528125 0.0075 0.03125
1 0.48 0.5075 0.00375 0.0175
1 0.57375 0.509375 0.00375 0.02625
1 0.560625 0.5175 0.011875 0.0525
1 0.89 0.554375 0.038125 0.14375
1 0.2825 0.523125 0.019375 0.07375
1 0.75875 0.58875 0.06625 0.2675