0 0.219375 0.53 0.130625 0.06
0 0.371875 0.5175 0.02375 0.0225
2 0.553125 0.54875 0.1925 0.1575
0 0.3525 0.510625 0.035 0.04375
1 0.6675 0.505625 0.005 0.01125
1 0.023125 0.5025 0.00375 0.0075
1 0.0075 0.509375 0.006875 0.02375
1 0.345 0.52875 0.009375 0.03
1 0.699375 0.505625 0.005 0.01375
1 0.02375 0.503125 0.00375 0.01125
1 0.40875 0.51 0.00375 0.0125
1 0.20375 0.498125 0.006875 0.01125
1 0.671875 0.505 0.005 0.01
1 0.288125 0.515 0.0075 0.0375
1 0.041875 0.511875 0.006875 0.02625
1 0.230625 0.500625 0.005625 0.01375
1 0.03625 0.509375 0.0075 0.02875
1 0.02875 0.50875 0.005625 0.0275
1 0.7575 0.50875 0.00375 0.015
1 0.300625 0.53 0.005 0.03
1 0.285 0.52125 0.005 0.0225
1 0.65625 0.529375 0.015625 0.08875
1 0.096875 0.51375 0.01125 0.0425
1 0.430625 0.51875 0.01125 0.0475
1 0.0325 0.509375 0.005625 0.02625
1 0.0475 0.504375 0.00375 0.00625
1 0.01 0.51375 0.005 0.0175
1 0.440625 0.5175 0.009375 0.0425
1 0.01625 0.514375 0.005625 0.01625
1 0.295 0.514375 0.005625 0.03375
1 0.741875 0.530625 0.02125 0.08625
1 0.7225 0.50625 0.00625 0.015
1 0.380625 0.521875 0.015 0.04625
1 0.70625 0.5075 0.00625 0.0125