0 0.4575 0.510625 0.01 0.01375
2 0.5325 0.543125 0.1275 0.13875
0 0.4425 0.50625 0.02 0.03
2 0.93625 0.503125 0.125625 0.07625
0 0.59 0.500625 0.015 0.01625
2 0.615625 0.500625 0.0175 0.00875
1 0.674375 0.503125 0.00375 0.00875
1 0.363125 0.519375 0.005 0.02125
1 0.40625 0.508125 0.005 0.02125
1 0.399375 0.509375 0.005 0.02375
1 0.668125 0.503125 0.005625 0.01125
1 0.264375 0.50875 0.005625 0.03
1 0.334375 0.515625 0.005 0.02125
1 0.661875 0.50375 0.005 0.01
1 0.5925 0.51625 0.006875 0.05
1 0.848125 0.505 0.005625 0.015
1 0.361875 0.51125 0.005 0.03