0 0.4625 0.50875 0.0075 0.01
0 0.08625 0.53 0.096875 0.0675
2 0.225625 0.533125 0.205 0.12625
0 0.435625 0.503125 0.01625 0.01125
0 0.455 0.5025 0.02 0.025
0 0.9575 0.5175 0.06875 0.0225
0 0.429375 0.505625 0.019375 0.00875
2 0.495 0.499375 0.0225 0.00875
1 0.59125 0.501875 0.005625 0.01125
1 0.0975 0.495625 0.005 0.00625
1 0.5775 0.50125 0.005625 0.01
1 0.14125 0.49625 0.00625 0.01
1 0.469375 0.5025 0.005625 0.0175
1 0.55125 0.52625 0.01625 0.095
1 0.14125 0.496875 0.005 0.00625
1 0.67375 0.503125 0.00375 0.01375
1 0.534375 0.50125 0.00625 0.015
1 0.606875 0.526875 0.018125 0.09625
1 0.338125 0.516875 0.01375 0.05625
1 0.9925 0.524375 0.01375 0.07875
1 0.4225 0.501875 0.00375 0.01875
1 0.348125 0.51375 0.01 0.045
1 0.455625 0.504375 0.00875 0.02125
1 0.975 0.504375 0.02 0.03375
1 0.6275 0.526875 0.01875 0.09625
1 0.500625 0.525 0.018125 0.0925
1 0.644375 0.501875 0.005625 0.01625