0 0.45875 0.50875 0.01625 0.0125
0 0.131875 0.55625 0.103125 0.01
0 0.24625 0.5175 0.035 0.03
2 0.1325 0.528125 0.190625 0.11375
0 0.2225 0.506875 0.04625 0.05625
0 0.469375 0.500625 0.02125 0.00625
0 0.305 0.5075 0.00875 0.0075
0 0.4475 0.5025 0.02125 0.0225
0 0.9625 0.52625 0.07375 0.04
0 0.424375 0.50625 0.0175 0.01
1 0.738125 0.504375 0.005 0.01625
1 0.32625 0.5225 0.006875 0.0325
1 0.26 0.5025 0.005 0.0125
1 0.230625 0.520625 0.0175 0.05375
1 0.269375 0.51875 0.015625 0.0475
1 0.2675 0.52875 0.006875 0.035
1 0.288125 0.505625 0.00375 0.01875
1 0.993125 0.508125 0.01 0.04125
1 0.730625 0.52625 0.013125 0.09
1 0.0325 0.513125 0.011875 0.05625
1 0.889375 0.504375 0.013125 0.03125
1 0.34375 0.52125 0.0175 0.075
1 0.96375 0.525 0.019375 0.0825
1 0.861875 0.505 0.00625 0.0225
1 0.405625 0.503125 0.00625 0.01875
1 0.51625 0.5025 0.00375 0.015
1 0.90125 0.5025 0.01 0.025
1 0.50625 0.501875 0.005 0.00875
1 0.5175 0.525 0.02 0.09