0 0.4546875 0.5125 0.01328125 0.0125
0 0.11171875 0.56015625 0.090625 0.0078125
0 0.2328125 0.5203125 0.0390625 0.03125
2 0.1203125 0.53125 0.1953125 0.11484375
0 0.203125 0.51015625 0.05 0.06015625
0 0.4640625 0.50390625 0.02421875 0.0078125
0 0.29765625 0.5109375 0.009375 0.0078125
0 0.44140625 0.50546875 0.021875 0.0234375
0 0.9640625 0.53125 0.06953125 0.03984375
0 0.415625 0.50859375 0.01640625 0.0078125
2 0.5125 0.50078125 0.02109375 0.00625
1 0.75390625 0.5078125 0.0046875 0.01875
1 0.6265625 0.50625 0.00625 0.01484375
1 0.3375 0.5234375 0.00703125 0.0296875
1 0.2625 0.51015625 0.00390625 0.0203125
1 0.96640625 0.50859375 0.009375 0.0328125
1 0.2828125 0.51875 0.00859375 0.0546875
1 0.24375 0.5234375 0.01484375 0.05390625
1 0.546875 0.50546875 0.00546875 0.0140625
1 0.80546875 0.52890625 0.0234375 0.08515625
1 0.3234375 0.5171875 0.01015625 0.04609375
1 0.284375 0.528125 0.00703125 0.0359375
1 0.93515625 0.5078125 0.0109375 0.02734375
1 0.828125 0.52890625 0.02421875 0.0875
1 0.9765625 0.52734375 0.01875 0.0796875
1 0.9234375 0.50703125 0.01015625 0.02890625
1 0.384375 0.5265625 0.01875 0.08515625
1 0.9 0.5078125 0.01015625 0.02109375
1 0.5078125 0.5046875 0.00390625 0.01484375
1 0.446875 0.5078125 0.00859375 0.02265625
1 0.5390625 0.5046875 0.00546875 0.01484375
1 0.81875 0.50546875 0.00390625 0.02109375
1 0.415625 0.528125 0.0171875 0.0890625
1 0.740625 0.53125 0.02734375 0.0875
1 0.6921875 0.50625 0.00703125 0.0203125
1 0.0390625 0.4953125 0.00703125 0.01484375
1 0.684375 0.50703125 0.00546875 0.01875