0 0.4625 0.50859375 0.0078125 0.01015625
0 0.0859375 0.5296875 0.096875 0.0671875
2 0.22578125 0.5328125 0.2046875 0.1265625
0 0.4359375 0.503125 0.01640625 0.0109375
0 0.4546875 0.50234375 0.0203125 0.025
0 0.9578125 0.5171875 0.06875 0.02265625
0 0.4296875 0.50546875 0.01953125 0.00859375
2 0.4953125 0.49921875 0.02265625 0.00859375
1 0.590625 0.5015625 0.00546875 0.0109375
1 0.09765625 0.4953125 0.0046875 0.00625
1 0.578125 0.5015625 0.00546875 0.01015625
1 0.14140625 0.49609375 0.00625 0.01015625
1 0.46875 0.50234375 0.00546875 0.0171875
1 0.5515625 0.5265625 0.01640625 0.0953125
1 0.14140625 0.496875 0.0046875 0.00625
1 0.6734375 0.503125 0.00390625 0.0140625
1 0.534375 0.5015625 0.00625 0.01484375
1 0.60625 0.5265625 0.01796875 0.09609375
1 0.33828125 0.5171875 0.0140625 0.05625
1 0.9921875 0.52421875 0.0140625 0.07890625
1 0.421875 0.5015625 0.00390625 0.01875
1 0.3484375 0.5140625 0.01015625 0.0453125
1 0.45625 0.5046875 0.00859375 0.02109375
1 0.975 0.5046875 0.0203125 0.03359375
1 0.62734375 0.5265625 0.01875 0.09609375
1 0.5 0.525 0.01796875 0.0921875
1 0.64375 0.5015625 0.00546875 0.01640625