0 0.461875 0.506875 0.015 0.01125
0 0.10125 0.52875 0.1275 0.0675
2 0.268125 0.53375 0.21125 0.135
0 0.4325 0.49875 0.021875 0.0075
0 0.455 0.5 0.02 0.025
0 0.95875 0.52 0.080625 0.035
0 0.4325 0.505 0.021875 0.01
2 0.495 0.496875 0.021875 0.00875
1 0.586875 0.49875 0.00375 0.01
1 0.5475 0.499375 0.005625 0.01375
1 0.08 0.498125 0.009375 0.01625
1 0.580625 0.49875 0.00375 0.01
1 0.15 0.5025 0.01125 0.025
1 0.463125 0.5025 0.006875 0.02
1 0.529375 0.523125 0.01625 0.09375
1 0.164375 0.51 0.00375 0.0125
1 0.6 0.525625 0.0175 0.09875
1 0.979375 0.52125 0.02125 0.0825
1 0.415 0.50125 0.006875 0.02
1 0.44875 0.501875 0.00625 0.02125
1 0.995 0.511875 0.00875 0.05625
1 0.174375 0.4975 0.006875 0.015
1 0.63625 0.525 0.02625 0.0925
1 0.480625 0.5225 0.018125 0.0875
1 0.643125 0.499375 0.005 0.01375
1 0.62625 0.5 0.00375 0.015