0 0.459375 0.50859375 0.01640625 0.0125
0 0.13203125 0.55625 0.103125 0.01015625
0 0.246875 0.5171875 0.03515625 0.0296875
2 0.1328125 0.528125 0.190625 0.1140625
0 0.221875 0.50703125 0.04609375 0.05625
0 0.46875 0.50078125 0.02109375 0.00625
0 0.3046875 0.5078125 0.00859375 0.0078125
0 0.446875 0.50234375 0.02109375 0.02265625
0 0.9625 0.5265625 0.0734375 0.03984375
0 0.42421875 0.50625 0.0171875 0.01015625
1 0.73828125 0.5046875 0.0046875 0.01640625
1 0.3265625 0.52265625 0.00703125 0.0328125
1 0.26015625 0.50234375 0.0046875 0.0125
1 0.23046875 0.5203125 0.0171875 0.05390625
1 0.26953125 0.51875 0.015625 0.04765625
1 0.2671875 0.52890625 0.00703125 0.03515625
1 0.2875 0.50546875 0.00390625 0.01875
1 0.99375 0.5078125 0.01015625 0.04140625
1 0.73125 0.5265625 0.01328125 0.08984375
1 0.0328125 0.51328125 0.01171875 0.05625
1 0.8890625 0.5046875 0.01328125 0.03125
1 0.34375 0.52109375 0.0171875 0.075
1 0.9640625 0.525 0.01953125 0.0828125
1 0.86171875 0.5046875 0.00625 0.02265625
1 0.40546875 0.503125 0.00625 0.01875
1 0.515625 0.50234375 0.00390625 0.01484375
1 0.9015625 0.50234375 0.01015625 0.025
1 0.50625 0.5015625 0.0046875 0.00859375
1 0.5171875 0.525 0.0203125 0.08984375