0 0.4765625 0.5078125 0.00703125 0.0140625
2 0.725 0.515625 0.17421875 0.0984375
0 0.5125 0.509375 0.01640625 0.01640625
0 0.92734375 0.5359375 0.134375 0.05859375
0 0.4984375 0.51484375 0.01953125 0.025
1 0.4734375 0.52109375 0.0078125 0.05234375
1 0.3984375 0.51171875 0.00703125 0.0359375
1 0.48203125 0.51953125 0.009375 0.05390625
1 0.5390625 0.52265625 0.0140625 0.06015625
1 0.98671875 0.50703125 0.0171875 0.03125
1 0.440625 0.50703125 0.00390625 0.02109375
1 0.56171875 0.5203125 0.0046875 0.02265625
1 0.7484375 0.5359375 0.02421875 0.1109375
1 0.5359375 0.5203125 0.0171875 0.0515625
1 0.3 0.5265625 0.0234375 0.08359375
1 0.5640625 0.51171875 0.00546875 0.03359375
1 0.4171875 0.5109375 0.0078125 0.03125
1 0.5671875 0.51171875 0.00703125 0.0359375
1 0.72578125 0.53671875 0.0328125 0.1109375