0 0.476875 0.508125 0.006875 0.01375
2 0.724375 0.515625 0.174375 0.09875
0 0.513125 0.509375 0.01625 0.01625
0 0.9275 0.535625 0.134375 0.05875
0 0.49875 0.515 0.019375 0.025
1 0.47375 0.52125 0.0075 0.0525
1 0.39875 0.511875 0.006875 0.03625
1 0.481875 0.519375 0.009375 0.05375
1 0.53875 0.5225 0.01375 0.06
1 0.986875 0.506875 0.0175 0.03125
1 0.44125 0.506875 0.00375 0.02125
1 0.561875 0.52 0.005 0.0225
1 0.748125 0.535625 0.024375 0.11125
1 0.53625 0.520625 0.0175 0.05125
1 0.3 0.526875 0.02375 0.08375
1 0.564375 0.511875 0.005625 0.03375
1 0.4175 0.510625 0.0075 0.03125
1 0.566875 0.511875 0.006875 0.03625
1 0.725625 0.536875 0.0325 0.11125