0 0.4775 0.5075 0.01 0.0125
2 0.82125 0.515625 0.175 0.09875
0 0.520625 0.50875 0.025625 0.0175
0 0.9775 0.541875 0.038125 0.03625
0 0.49875 0.519375 0.025625 0.03375
1 0.564375 0.5175 0.015 0.055
1 0.38875 0.51375 0.0075 0.04
1 0.544375 0.515625 0.00875 0.04875
1 0.44875 0.52125 0.01 0.055
1 0.4375 0.5075 0.005 0.0225
1 0.558125 0.5225 0.005625 0.025
1 0.799375 0.554375 0.03125 0.16875
1 0.4625 0.520625 0.0175 0.05125
1 0.193125 0.539375 0.03 0.11875
1 0.561875 0.511875 0.005 0.02875
1 0.39875 0.511875 0.006875 0.03375
1 0.985625 0.539375 0.0275 0.12375
1 0.549375 0.51125 0.005 0.0325
1 0.67625 0.5325 0.019375 0.085
1 0.936875 0.538125 0.0525 0.11625