0 0.480625 0.50625 0.00875 0.01
2 0.913125 0.515625 0.1725 0.09875
0 0.499375 0.52875 0.0375 0.05
1 0.6225 0.5175 0.01125 0.055
1 0.85875 0.535 0.018125 0.105
1 0.38125 0.515 0.009375 0.045
1 0.538125 0.515 0.0075 0.0475
1 0.39625 0.52 0.0125 0.0525
1 0.82625 0.501875 0.009375 0.02375
1 0.433125 0.508125 0.005625 0.02375
1 0.550625 0.52375 0.005625 0.0275
1 0.42125 0.52 0.00875 0.05
1 0.019375 0.55625 0.038125 0.1775
1 0.554375 0.51 0.005625 0.0275
1 0.386875 0.513125 0.005625 0.03875
1 0.81125 0.535 0.018125 0.095
1 0.54375 0.51 0.005 0.03
1 0.643125 0.52625 0.019375 0.0675
1 0.81625 0.535625 0.02375 0.09125
1 0.945 0.541875 0.045 0.13125