2 0.37 0.4875 0.136875 0.195
0 0.498125 0.5175 0.02125 0.0275
1 0.604375 0.51375 0.00875 0.0325
1 0.69875 0.51 0.00625 0.025
1 0.54125 0.51 0.00375 0.0225
1 0.775625 0.513125 0.01125 0.03125
1 0.04625 0.568125 0.025625 0.09125
1 0.965 0.62875 0.06875 0.385
1 0.48 0.511875 0.00375 0.02375
1 0.59875 0.5125 0.005625 0.03
1 0.63 0.526875 0.01375 0.07125
1 0.799375 0.5125 0.006875 0.03
1 0.445625 0.505625 0.00375 0.01125
1 0.5675 0.515 0.006875 0.0375
1 0.48625 0.51125 0.00375 0.0225
1 0.47125 0.511875 0.005625 0.02375
1 0.59 0.51875 0.00875 0.0475