0 0.480625 0.50625 0.009375 0.01
2 0.8825 0.515625 0.18375 0.09875
0 0.499375 0.526875 0.03625 0.04875
1 0.613125 0.518125 0.009375 0.05625
1 0.893125 0.5375 0.021875 0.1125
1 0.381875 0.514375 0.01 0.04375
1 0.538125 0.515 0.0075 0.0475
1 0.404375 0.52 0.01 0.0525
1 0.43375 0.508125 0.005 0.02375
1 0.550625 0.523125 0.005 0.02625
1 0.98 0.586875 0.03875 0.27125
1 0.425 0.52125 0.0125 0.05
1 0.05375 0.550625 0.04125 0.16625
1 0.556875 0.510625 0.006875 0.02875
1 0.388125 0.513125 0.00375 0.03875
1 0.845625 0.53375 0.024375 0.105
1 0.544375 0.51 0.006875 0.03
1 0.646875 0.5275 0.01375 0.07
1 0.83375 0.533125 0.035 0.09625
1 0.9725 0.5425 0.02375 0.12