0 0.485625 0.595 0.12125 0.1725
0 0.7225 0.51375 0.050625 0.0275
0 0.915625 0.711875 0.1675 0.31375
0 0.088125 0.650625 0.17625 0.62625
0 0.76 0.516875 0.03625 0.02875
0 0.236875 0.599375 0.190625 0.18875
0 0.4125 0.530625 0.0675 0.04125
2 0.893125 0.544375 0.2125 0.19875
1 0.25125 0.496875 0.009375 0.01375
1 0.755 0.54 0.03125 0.105
1 0.63625 0.540625 0.0375 0.10625
1 0.41625 0.56375 0.019375 0.0675
1 0.606875 0.54 0.021875 0.1025
1 0.768125 0.524375 0.01 0.06125
1 0.7325 0.543125 0.024375 0.10125
1 0.805625 0.49875 0.006875 0.0225
1 0.5475 0.521875 0.00375 0.02625
1 0.68875 0.540625 0.02 0.10625
1 0.79 0.526875 0.025625 0.10875
1 0.703125 0.52 0.01125 0.0525
1 0.505625 0.504375 0.005 0.01375
1 0.825 0.49625 0.01125 0.0125
1 0.320625 0.50875 0.00875 0.0275
1 0.78 0.521875 0.01375 0.06625
1 0.4175 0.544375 0.01125 0.10625
1 0.7225 0.525625 0.005 0.04875
1 0.799375 0.49375 0.011875 0.035
1 0.7025 0.5175 0.009375 0.0425
1 0.77875 0.525 0.0075 0.06
1 0.748125 0.529375 0.00375 0.05125
1 0.70875 0.52625 0.006875 0.03
1 0.79 0.531875 0.0125 0.10625
1 0.84375 0.48125 0.0175 0.0225
1 0.810625 0.49875 0.005625 0.015
1 0.530625 0.51125 0.005625 0.0275
1 0.299375 0.51 0.01125 0.025
1 0.55625 0.50875 0.005 0.0275
1 0.299375 0.486875 0.01375 0.05875