0 0.4859375 0.5953125 0.12109375 0.17265625
0 0.72265625 0.5140625 0.053125 0.02734375
0 0.915625 0.71171875 0.1671875 0.3140625
0 0.103125 0.6015625 0.20546875 0.7171875
0 0.76640625 0.5171875 0.040625 0.02890625
0 0.25625 0.590625 0.165625 0.17109375
0 0.5796875 0.5296875 0.08828125 0.03984375
2 0.89296875 0.54453125 0.2125 0.1984375
1 0.77578125 0.54140625 0.0265625 0.1078125
1 0.4484375 0.51015625 0.00625 0.025
1 0.1296875 0.48828125 0.01015625 0.0265625
1 0.6296875 0.54140625 0.021875 0.1046875
1 0.5265625 0.52421875 0.01484375 0.0609375
1 0.3765625 0.56171875 0.01171875 0.07109375
1 0.4984375 0.50078125 0.01171875 0.01875
1 0.6046875 0.5015625 0.02890625 0.0875
1 0.8390625 0.48828125 0.00625 0.00625
1 0.46796875 0.503125 0.0046875 0.0109375
1 0.546875 0.5140625 0.0046875 0.0140625
1 0.571875 0.5421875 0.0359375 0.10390625
1 0.66875 0.52578125 0.01953125 0.1109375
1 0.5359375 0.5109375 0.00703125 0.0265625
1 0.3546875 0.5109375 0.00390625 0.02265625
1 0.3265625 0.5421875 0.02734375 0.1015625
1 0.7625 0.525 0.0109375 0.06484375
1 0.6796875 0.53203125 0.01171875 0.1109375
1 0.7171875 0.51875 0.01015625 0.04765625
1 0.78125 0.56484375 0.01640625 0.0671875
1 0.5046875 0.50390625 0.00546875 0.0125
1 0.8484375 0.48203125 0.00859375 0.00859375
1 0.8125 0.50078125 0.0109375 0.01640625
1 0.803125 0.50078125 0.01015625 0.02890625
1 0.725 0.52734375 0.00546875 0.0328125
1 0.6734375 0.53203125 0.01640625 0.10859375
1 0.734375 0.5421875 0.02734375 0.10234375
1 0.703125 0.5265625 0.0046875 0.0265625
1 0.5609375 0.5046875 0.00546875 0.01875
1 0.1828125 0.5328125 0.01484375 0.05859375
1 0.1828125 0.496875 0.01484375 0.08359375