0 0.485625 0.595 0.12125 0.1725
0 0.72125 0.51375 0.040625 0.0275
0 0.915625 0.711875 0.1675 0.31375
0 0.088125 0.650625 0.17625 0.62625
0 0.7625 0.516875 0.04375 0.02875
0 0.22625 0.606875 0.200625 0.20125
0 0.34875 0.53125 0.100625 0.0425
2 0.893125 0.544375 0.2125 0.19875
1 0.410625 0.51125 0.005625 0.0275
1 0.233125 0.5 0.00375 0.01
1 0.2825 0.501875 0.013125 0.02625
1 0.7825 0.538125 0.02875 0.10375
1 0.668125 0.54 0.03375 0.105
1 0.42125 0.55375 0.0175 0.0725
1 0.64125 0.54125 0.024375 0.1025
1 0.768125 0.51 0.00875 0.0325
1 0.761875 0.5425 0.02625 0.1
1 0.80125 0.50375 0.006875 0.0225
1 0.549375 0.521875 0.005 0.02625
1 0.778125 0.533125 0.0075 0.03625
1 0.72375 0.540625 0.024375 0.10625
1 0.8175 0.49125 0.0225 0.0375
1 0.698125 0.519375 0.015 0.05125
1 0.311875 0.50875 0.00875 0.0275
1 0.770625 0.525 0.00875 0.0625
1 0.44 0.524375 0.015625 0.05875
1 0.714375 0.525 0.006875 0.0475
1 0.826875 0.486875 0.01 0.01875
1 0.7775 0.520625 0.013125 0.05375
1 0.745 0.524375 0.01375 0.06125
1 0.70375 0.525625 0.00625 0.02875
1 0.8225 0.4825 0.00375 0.0075
1 0.695 0.52875 0.006875 0.01
1 0.80125 0.500625 0.006875 0.01875
1 0.523125 0.51125 0.005625 0.0275
1 0.323125 0.548125 0.011875 0.09625
1 0.549375 0.510625 0.00625 0.02125
1 0.32375 0.51375 0.013125 0.1125