0 0.8775 0.535625 0.11875 0.07625
0 0.480625 0.504375 0.005 0.00625
0 0.514375 0.505625 0.01625 0.01625
2 0.093125 0.51625 0.18625 0.12
0 0.0125 0.551875 0.025 0.06625
0 0.524375 0.506875 0.0125 0.01875
0 0.47125 0.504375 0.01125 0.00625
2 0.443125 0.50375 0.03 0.0225
2 0.490625 0.49875 0.009375 0.0175
0 0.500625 0.51 0.01375 0.02
2 0.8125 0.516875 0.13125 0.06875
0 0.51375 0.506875 0.01375 0.01375
1 0.24125 0.513125 0.013125 0.04875
1 0.595 0.51 0.00625 0.03
1 0.205625 0.534375 0.006875 0.02875