0 0.87734375 0.5359375 0.11875 0.0765625
0 0.48046875 0.5046875 0.0046875 0.00625
0 0.5140625 0.50546875 0.01640625 0.01640625
2 0.09375 0.51640625 0.18671875 0.1203125
0 0.0125 0.5515625 0.025 0.06640625
0 0.52421875 0.50703125 0.0125 0.01875
0 0.47109375 0.5046875 0.0109375 0.00625
2 0.44296875 0.50390625 0.0296875 0.02265625
2 0.490625 0.4984375 0.009375 0.0171875
0 0.50078125 0.51015625 0.0140625 0.0203125
2 0.8125 0.5171875 0.13125 0.06875
0 0.5140625 0.50703125 0.0140625 0.0140625
1 0.240625 0.51328125 0.01328125 0.0484375
1 0.5953125 0.51015625 0.00625 0.0296875
1 0.20625 0.534375 0.00703125 0.02890625