0 0.5725 0.52375 0.08375 0.0425
0 0.453125 0.519375 0.05625 0.05125
2 0.868125 0.55875 0.2625 0.655
0 0.7475 0.526875 0.03625 0.01875
2 0.66375 0.5125 0.08875 0.08
2 0.756875 0.490625 0.05125 0.09375
0 0.71125 0.525 0.01375 0.03
1 0.648125 0.543125 0.0225 0.07875
1 0.1325 0.518125 0.015 0.04375
1 0.645625 0.54375 0.04 0.1125
1 0.38 0.510625 0.006875 0.03375
1 0.73375 0.518125 0.0075 0.04875
1 0.188125 0.514375 0.009375 0.03375
1 0.72625 0.5375 0.03125 0.1
1 0.04875 0.539375 0.028125 0.09875
1 0.7675 0.52125 0.00625 0.0575
1 0.6075 0.50625 0.005 0.0275