0 0.555625 0.5125 0.065625 0.0325
0 0.30375 0.50875 0.068125 0.04
2 0.69125 0.521875 0.20375 0.22125
0 0.86 0.72875 0.278125 0.4875
0 0.23875 0.52 0.050625 0.045
0 0.800625 0.51125 0.01375 0.025
0 0.05875 0.51125 0.074375 0.03
2 0.59375 0.503125 0.02375 0.05875
2 0.874375 0.4875 0.02625 0.0725
0 0.851875 0.506875 0.03375 0.03375
0 0.8225 0.51 0.056875 0.0325
1 0.533125 0.519375 0.02125 0.06375
1 0.165 0.503125 0.006875 0.02625
1 0.87 0.505 0.01125 0.0425
1 0.08875 0.49625 0.00875 0.015
1 0.22625 0.519375 0.011875 0.06875