0 0.571875 0.5234375 0.08359375 0.0421875
0 0.453125 0.51953125 0.05625 0.0515625
2 0.86796875 0.55859375 0.2625 0.6546875
0 0.74765625 0.5265625 0.0359375 0.01875
2 0.6640625 0.5125 0.0890625 0.0796875
2 0.75703125 0.490625 0.0515625 0.09375
0 0.7109375 0.525 0.0140625 0.0296875
1 0.6484375 0.54296875 0.02265625 0.07890625
1 0.1328125 0.51796875 0.01484375 0.04375
1 0.6453125 0.54375 0.03984375 0.1125
1 0.3796875 0.5109375 0.00703125 0.03359375
1 0.73359375 0.51796875 0.0078125 0.0484375
1 0.18828125 0.5140625 0.009375 0.03359375
1 0.7265625 0.5375 0.03125 0.1
1 0.0484375 0.5390625 0.028125 0.0984375
1 0.7671875 0.52109375 0.00625 0.0578125
1 0.6078125 0.50625 0.0046875 0.02734375