0 0.5725 0.52375 0.08375 0.0425
0 0.4525 0.519375 0.055 0.05125
2 0.868125 0.55875 0.2625 0.655
0 0.745625 0.526875 0.04 0.01875
2 0.66375 0.51125 0.08875 0.0775
2 0.756875 0.490625 0.05125 0.09375
0 0.71125 0.525 0.01375 0.03
1 0.675 0.544375 0.02625 0.11625
1 0.4825 0.5 0.011875 0.02
1 0.07125 0.520625 0.015625 0.05375
1 0.45375 0.540625 0.021875 0.10625
1 0.45125 0.5425 0.0375 0.1125
1 0.318125 0.51 0.009375 0.035
1 0.736875 0.518125 0.00625 0.04875
1 0.1525 0.51625 0.011875 0.04
1 0.23375 0.54375 0.03125 0.105
1 0.75125 0.53375 0.0075 0.0225
1 0.549375 0.499375 0.00375 0.01125