2 0.76375 0.41875 0.47 0.6125
0 0.41375 0.506875 0.01 0.01125
0 0.400625 0.505 0.00625 0.01
0 0.3525 0.51625 0.02875 0.0275
0 0.390625 0.505 0.01375 0.0175
1 0.071875 0.514375 0.005 0.04125
1 0.511875 0.504375 0.00375 0.01875
1 0.30375 0.5075 0.005625 0.025
1 0.076875 0.52125 0.015 0.0525
1 0.066875 0.52375 0.019375 0.0525
1 0.52875 0.508125 0.006875 0.03375
1 0.01 0.51625 0.018125 0.0425
1 0.2525 0.509375 0.005625 0.03125
1 0.506875 0.503125 0.00375 0.01625
1 0.089375 0.52375 0.015 0.0575
1 0.045 0.52375 0.015 0.0575
1 0.105625 0.5225 0.013125 0.055
1 0.324375 0.499375 0.005 0.00625