2 0.786875 0.40375 0.425 0.7375
0 0.465 0.505625 0.01125 0.01375
0 0.449375 0.503125 0.01 0.01125
0 0.3775 0.518125 0.044375 0.03625
0 0.43375 0.503125 0.01875 0.02375
1 0.02125 0.510625 0.013125 0.05125
1 0.575 0.503125 0.005 0.02125
1 0.336875 0.505 0.00625 0.0275
1 0.00875 0.515 0.0175 0.0625
1 0.019375 0.515 0.018125 0.0625
1 0.260625 0.508125 0.00875 0.03625
1 0.084375 0.52125 0.01375 0.0675
1 0.03625 0.515625 0.015625 0.06625
1 0.111875 0.515 0.02 0.0625
1 0.560625 0.500625 0.00375 0.01125