2 0.22 0.573125 0.31375 0.24875
0 0.484375 0.501875 0.005 0.00625
0 0.12 0.49375 0.0325 0.015
0 0.02 0.495 0.04 0.015
0 0.500625 0.504375 0.0175 0.01375
0 0.476875 0.505 0.011875 0.015
0 0.504375 0.595 0.131875 0.165
1 0.425 0.505625 0.00625 0.02375
1 0.430625 0.50875 0.00625 0.03
1 0.868125 0.648125 0.053125 0.20625
1 0.591875 0.5225 0.015 0.075
1 0.635 0.55 0.01 0.0325
1 0.444375 0.50375 0.005 0.02
1 0.84625 0.55125 0.04625 0.1775
1 0.534375 0.509375 0.005 0.00625
1 0.090625 0.4975 0.005 0.0075
1 0.59125 0.51875 0.01 0.06
1 0.12125 0.495 0.005625 0.0125
1 0.63 0.528125 0.0175 0.09625
1 0.54125 0.51625 0.005 0.0225
1 0.64125 0.5275 0.0125 0.09
1 0.01375 0.495 0.015 0.015
1 0.611875 0.5175 0.013125 0.0625
1 0.41625 0.505625 0.005625 0.02625
1 0.499375 0.503125 0.00625 0.01625
1 0.54625 0.505625 0.005 0.02375