0 0.49296875 0.5828125 0.1015625 0.14609375
0 0.41875 0.52890625 0.03984375 0.04765625
2 0.17890625 0.4890625 0.3578125 0.978125
0 0.4640625 0.50390625 0.01796875 0.0125
2 0.74375 0.5015625 0.02109375 0.00859375
0 0.4953125 0.5 0.04765625 0.025
1 0.5484375 0.5203125 0.0046875 0.0203125
1 0.38359375 0.51328125 0.0078125 0.03359375
1 0.4578125 0.5078125 0.00546875 0.01640625
1 0.403125 0.5109375 0.00546875 0.02734375
1 0.9875 0.5046875 0.00390625 0.0078125
1 0.6296875 0.5265625 0.015625 0.0734375
1 0.928125 0.509375 0.0046875 0.02109375
1 0.9921875 0.50703125 0.00390625 0.0140625
1 0.43984375 0.509375 0.0046875 0.02109375