2 0.813125 0.544375 0.325625 0.24875
0 0.350625 0.5175 0.0125 0.025
0 0.281875 0.51125 0.03875 0.025
0 0.608125 0.505 0.02125 0.02
0 0.305625 0.51125 0.02375 0.02
2 0.191875 0.498125 0.04 0.01625
0 0.25 0.533125 0.0625 0.05875
0 0.294375 0.6125 0.105625 0.175
2 0.46 0.498125 0.06 0.04375
1 0.161875 0.55125 0.03125 0.1375
1 0.626875 0.576875 0.035 0.21375
1 0.36 0.54875 0.036875 0.12
1 0.1825 0.5175 0.01375 0.06
1 0.844375 0.611875 0.0925 0.29125
1 0.470625 0.51125 0.005625 0.03
1 0.176875 0.528125 0.006875 0.04125
1 0.21125 0.55125 0.0475 0.13
1 0.668125 0.63375 0.028125 0.1675
1 0.02125 0.560625 0.0425 0.17125
1 0.23375 0.5025 0.00625 0.0075
1 0.65 0.536875 0.0175 0.11125
1 0.205625 0.514375 0.01125 0.05125