0 0.863125 0.544375 0.071875 0.08375
2 0.56625 0.5575 0.330625 0.3225
0 0.02375 0.52375 0.03875 0.035
0 0.960625 0.525625 0.049375 0.03625
0 0.3525 0.500625 0.03625 0.01875
0 0.791875 0.55875 0.119375 0.0975
0 0.905625 0.533125 0.056875 0.07125
2 0.18625 0.49625 0.088125 0.0525
1 0.02875 0.580625 0.056875 0.21125
1 0.348125 0.63875 0.06625 0.3875
1 0.154375 0.54375 0.03375 0.1425
1 0.495 0.64875 0.0475 0.4225
1 0.216875 0.513125 0.01 0.04125
1 0.97625 0.506875 0.00375 0.01375
1 0.8575 0.499375 0.00875 0.00625
1 0.123125 0.575625 0.0775 0.19125
1 0.38625 0.741875 0.046875 0.30875
1 0.82375 0.501875 0.01125 0.01875
1 0.78 0.50125 0.00875 0.0175
1 0.751875 0.5125 0.01625 0.045
1 0.7625 0.509375 0.0075 0.03625
1 0.210625 0.513125 0.005625 0.03625
1 0.795 0.50125 0.01 0.0175
1 0.22625 0.510625 0.00875 0.02875
1 0.404375 0.5425 0.015 0.1375
1 0.77375 0.501875 0.015 0.02625
1 0.88375 0.498125 0.005 0.00625
1 0.94875 0.50625 0.00625 0.0125