0 0.985 0.535625 0.028125 0.06375
2 0.684375 0.55375 0.32625 0.2975
0 0.18875 0.5225 0.028125 0.03
0 0.068125 0.53125 0.068125 0.0675
0 0.4675 0.504375 0.02125 0.02125
0 0.245 0.515 0.03875 0.0225
0 0.03375 0.55 0.06 0.085
0 0.925625 0.565 0.1475 0.105
0 0.03 0.66125 0.059375 0.2225
2 0.3225 0.49875 0.06875 0.0475
1 0.005 0.518125 0.01 0.07375
1 0.485 0.61125 0.055625 0.3025
1 0.280625 0.5625 0.031875 0.1525
1 0.64625 0.630625 0.069375 0.35375
1 0.334375 0.51375 0.00625 0.0325
1 0.07625 0.57375 0.04375 0.1825
1 0.53375 0.691875 0.046875 0.24375
1 0.9925 0.49875 0.009375 0.01
1 0.930625 0.5025 0.01 0.0175
1 0.905625 0.5025 0.013125 0.02
1 0.859375 0.52125 0.0175 0.06
1 0.33 0.51375 0.00375 0.03
1 0.890625 0.510625 0.015625 0.03875
1 0.355 0.51125 0.00375 0.025
1 0.520625 0.540625 0.019375 0.12625
1 0.34875 0.5175 0.00375 0.015
1 0.094375 0.509375 0.005625 0.01625
1 0.941875 0.50125 0.018125 0.0225
1 0.259375 0.5225 0.005 0.02