2 0.83625 0.52625 0.244375 0.1625
0 0.48875 0.511875 0.015625 0.01375
0 0.440625 0.519375 0.02625 0.04125
2 0.35625 0.500625 0.034375 0.01375
0 0.4225 0.5275 0.0425 0.0475
0 0.48625 0.58375 0.0725 0.1275
2 0.580625 0.49875 0.056875 0.04
1 0.331875 0.5325 0.02 0.0825
1 0.674375 0.543125 0.025 0.12125
1 0.441875 0.5325 0.02125 0.0825
1 0.3775 0.514375 0.00875 0.04125
1 0.855625 0.564375 0.03875 0.17125
1 0.588125 0.50875 0.005 0.025
1 0.375 0.5225 0.00625 0.0275
1 0.356875 0.533125 0.021875 0.08125
1 0.711875 0.575 0.01875 0.09
1 0.146875 0.526875 0.025 0.08875
1 0.2625 0.536875 0.02 0.08875
1 0.026875 0.540625 0.018125 0.05875
1 0.593125 0.50875 0.00375 0.0225
1 0.386875 0.5125 0.0075 0.0375