0 0.8671875 0.5328125 0.071875 0.08359375
2 0.56875 0.55 0.33046875 0.32265625
0 0.028125 0.5234375 0.0390625 0.0359375
0 0.965625 0.5125 0.04921875 0.03515625
0 0.3703125 0.5 0.02890625 0.025
0 0.23125 0.51015625 0.01796875 0.0203125
0 0.7953125 0.5484375 0.12109375 0.09765625
0 0.9109375 0.5203125 0.05703125 0.07109375
2 0.20390625 0.49375 0.0796875 0.05234375
1 0.34296875 0.63046875 0.065625 0.3765625
1 0.1578125 0.54375 0.0390625 0.14765625
1 0.5015625 0.6390625 0.04296875 0.4171875
1 0.21796875 0.5109375 0.0078125 0.0390625
1 0.971875 0.490625 0.00546875 0.00625
1 0.86484375 0.48828125 0.009375 0.00625
1 0.06640625 0.578125 0.084375 0.2015625
1 0.3921875 0.73125 0.05234375 0.3046875
1 0.83125 0.4921875 0.01015625 0.01640625
1 0.79296875 0.490625 0.00625 0.01640625
1 0.7625 0.4984375 0.01328125 0.0375
1 0.75625 0.5 0.009375 0.0375
1 0.2125 0.51015625 0.00625 0.03515625
1 0.790625 0.490625 0.00546875 0.01640625
1 0.9453125 0.4984375 0.00703125 0.02109375
1 0.2328125 0.5078125 0.009375 0.02734375
1 0.4078125 0.53671875 0.01484375 0.1359375
1 0.7859375 0.48984375 0.0125 0.0203125
1 0.1234375 0.521875 0.00546875 0.0234375
1 0.953125 0.49453125 0.00703125 0.0140625