0 0.98515625 0.53671875 0.028125 0.0640625
2 0.6875 0.55390625 0.31953125 0.29765625
0 0.1890625 0.52265625 0.02734375 0.0296875
0 0.06875 0.53515625 0.06796875 0.0671875
0 0.4640625 0.5046875 0.021875 0.02109375
0 0.271875 0.5140625 0.01171875 0.01875
2 0.01875 0.50234375 0.03671875 0.0171875
0 0.0234375 0.54921875 0.046875 0.0859375
0 0.925 0.56484375 0.14765625 0.1046875
0 0.0296875 0.6609375 0.059375 0.22265625
2 0.32265625 0.49921875 0.06875 0.04609375
1 0.06328125 0.5703125 0.04375 0.18125
1 0.4828125 0.6109375 0.0546875 0.30234375
1 0.30625 0.5453125 0.03203125 0.1421875
1 0.6234375 0.621875 0.07109375 0.34140625
1 0.334375 0.5140625 0.00703125 0.03515625
1 0.13984375 0.56953125 0.0390625 0.17109375
1 0.52890625 0.68984375 0.046875 0.23984375
1 0.9859375 0.5 0.01015625 0.01015625
1 0.9015625 0.50390625 0.01484375 0.025
1 0.86875 0.51796875 0.015625 0.0515625
1 0.3296875 0.5140625 0.00546875 0.0296875
1 0.9015625 0.50546875 0.01796875 0.0265625
1 0.3546875 0.5109375 0.00390625 0.025
1 0.5203125 0.540625 0.0203125 0.1265625
1 0.0921875 0.5046875 0.00703125 0.0171875
1 0.93515625 0.50078125 0.015625 0.02109375
1 0.259375 0.52265625 0.00390625 0.0203125