0 0.865625 0.5171875 0.08671875 0.04765625
0 0.88515625 0.73515625 0.228125 0.3125
2 0.384375 0.4828125 0.228125 0.2421875
0 0.00390625 0.53984375 0.0078125 0.03515625
1 0.8765625 0.5515625 0.03046875 0.1375
1 0.1921875 0.5171875 0.01015625 0.0453125
1 0.73125 0.5515625 0.03203125 0.12890625
1 0.64375 0.5109375 0.0078125 0.03359375
1 0.215625 0.51875 0.0140625 0.04765625
1 0.93828125 0.534375 0.0359375 0.1140625
1 0.9109375 0.5671875 0.03046875 0.0984375
1 0.159375 0.5171875 0.00859375 0.02265625