0 0.456875 0.514375 0.028125 0.03375
0 0.47375 0.50375 0.015 0.0125
0 0.500625 0.5075 0.0075 0.0125
0 0.84625 0.521875 0.0775 0.02625
2 0.274375 0.525625 0.1675 0.14125
0 0.4225 0.504375 0.019375 0.02875
0 0.93625 0.515625 0.085 0.04375
2 0.955 0.5125 0.088125 0.045
0 0.4375 0.5125 0.015625 0.02
1 0.746875 0.523125 0.01875 0.06125
1 0.83 0.53625 0.03625 0.1175
1 0.6325 0.50875 0.00875 0.03
1 0.05125 0.555 0.04 0.14
1 0.8675 0.5525 0.03625 0.19
1 0.063125 0.55 0.03 0.1275
1 0.53125 0.511875 0.00625 0.03125
1 0.988125 0.526875 0.0225 0.09125
1 0.701875 0.55 0.024375 0.125
1 0.545 0.508125 0.00375 0.01625
1 0.563125 0.5075 0.00375 0.0175
1 0.738125 0.50625 0.006875 0.025
1 0.673125 0.51 0.00875 0.0325
1 0.485 0.51125 0.005 0.03
1 0.495 0.511875 0.005625 0.02875
1 0.36375 0.506875 0.00375 0.02125
1 0.7125 0.515 0.009375 0.05
1 0.510625 0.511875 0.00375 0.02875
1 0.90625 0.525625 0.021875 0.08625
1 0.168125 0.515625 0.01625 0.05375
1 0.82 0.5025 0.00625 0.015
1 0.55 0.509375 0.0075 0.02875
1 0.014375 0.5625 0.02875 0.1625