0 0.45703125 0.5140625 0.028125 0.03359375
0 0.4734375 0.50390625 0.01484375 0.0125
0 0.50078125 0.5078125 0.0078125 0.0125
0 0.846875 0.521875 0.07734375 0.0265625
2 0.27421875 0.52578125 0.1671875 0.14140625
0 0.421875 0.5046875 0.01953125 0.02890625
0 0.9359375 0.515625 0.08515625 0.04375
2 0.9546875 0.5125 0.08828125 0.0453125
0 0.4375 0.5125 0.015625 0.0203125
1 0.746875 0.5234375 0.01875 0.0609375
1 0.8296875 0.5359375 0.0359375 0.1171875
1 0.6328125 0.50859375 0.00859375 0.0296875
1 0.0515625 0.5546875 0.03984375 0.13984375
1 0.8671875 0.55234375 0.0359375 0.18984375
1 0.06328125 0.55 0.0296875 0.12734375
1 0.53125 0.51171875 0.00625 0.03125
1 0.9875 0.5265625 0.02265625 0.09140625
1 0.7015625 0.55 0.02421875 0.125
1 0.5453125 0.5078125 0.00390625 0.01640625
1 0.5625 0.5078125 0.00390625 0.0171875
1 0.7375 0.50625 0.00703125 0.025
1 0.6734375 0.51015625 0.00859375 0.0328125
1 0.48515625 0.5109375 0.0046875 0.0296875
1 0.4953125 0.51171875 0.00546875 0.02890625
1 0.3640625 0.50703125 0.00390625 0.02109375
1 0.7125 0.51484375 0.009375 0.05
1 0.5109375 0.51171875 0.00390625 0.02890625
1 0.90625 0.52578125 0.021875 0.0859375
1 0.16875 0.515625 0.01640625 0.05390625
1 0.8203125 0.50234375 0.00625 0.01484375
1 0.55 0.509375 0.0078125 0.02890625
1 0.0140625 0.5625 0.028125 0.1625