0 0.445 0.509375 0.005 0.01375
0 0.456875 0.514375 0.028125 0.03375
0 0.988125 0.511875 0.0225 0.01875
0 0.50125 0.50625 0.00625 0.01
0 0.838125 0.523125 0.056875 0.02875
2 0.274375 0.525625 0.1675 0.14125
0 0.40875 0.505 0.024375 0.035
0 0.945 0.516875 0.068125 0.04125
2 0.820625 0.511875 0.094375 0.04375
0 0.430625 0.51375 0.019375 0.0225
1 0.211875 0.50375 0.013125 0.0275
1 0.76875 0.526875 0.0125 0.06875
1 0.934375 0.534375 0.02375 0.12125
1 0.36 0.5075 0.005625 0.0225
1 0.6075 0.509375 0.006875 0.02875
1 0.729375 0.5575 0.04625 0.165
1 0.13875 0.553125 0.040625 0.14125
1 0.088125 0.56 0.0475 0.165
1 0.555 0.5125 0.009375 0.03
1 0.798125 0.53625 0.031875 0.1225
1 0.5425 0.50625 0.00375 0.015
1 0.56125 0.5075 0.00375 0.0175
1 0.713125 0.51 0.00875 0.0325
1 0.886875 0.56125 0.06375 0.1925
1 0.9525 0.55125 0.018125 0.06
1 0.5075 0.51125 0.006875 0.03
1 0.470625 0.5125 0.006875 0.03
1 0.531875 0.51125 0.00625 0.03
1 0.8425 0.529375 0.0275 0.07625
1 0.20125 0.515625 0.00625 0.01375
1 0.535 0.51125 0.00375 0.03
1 0.146875 0.5625 0.03 0.1625