0 0.48125 0.49625 0.0125 0.01
0 0.44875 0.50875 0.035 0.04
0 0.97875 0.50125 0.02875 0.0175
0 0.50125 0.50125 0.015625 0.0175
0 0.84375 0.511875 0.07625 0.02875
2 0.29125 0.513125 0.15125 0.13125
0 0.5225 0.495 0.01375 0.01
1 0.704375 0.505 0.01 0.0475
1 0.574375 0.53875 0.025625 0.1275
1 0.9175 0.495625 0.00625 0.01375
1 0.69875 0.498125 0.005 0.02875
1 0.361875 0.544375 0.038125 0.14125
1 0.46875 0.5 0.0075 0.0275
1 0.404375 0.548125 0.035 0.14625
1 0.213125 0.5025 0.0075 0.0425
1 0.573125 0.490625 0.00375 0.00875
1 0.813125 0.490625 0.00375 0.01375
1 0.739375 0.5 0.006875 0.0325
1 0.42875 0.501875 0.0075 0.02875
1 0.556875 0.49875 0.005625 0.03
1 0.68625 0.505625 0.00875 0.04125
1 0.943125 0.50125 0.005625 0.0125
1 0.55125 0.4975 0.005 0.0175
1 0.234375 0.49375 0.009375 0.025
1 0.884375 0.495 0.005 0.0225
1 0.5675 0.498125 0.005 0.02625