0 0.433125 0.513125 0.02125 0.02125
0 0.455 0.514375 0.02375 0.03375
0 0.988125 0.511875 0.0225 0.01875
0 0.438125 0.503125 0.01375 0.01375
0 0.84625 0.523125 0.0775 0.02875
2 0.274375 0.525625 0.1675 0.14125
0 0.374375 0.506875 0.035 0.04875
0 0.93625 0.515625 0.085 0.04375
2 0.8075 0.5125 0.090625 0.045
0 0.394375 0.52 0.025625 0.035
1 0.155 0.519375 0.0175 0.06125
1 0.8275 0.526875 0.03125 0.08875
1 0.02125 0.575 0.02875 0.09
1 0.560625 0.50875 0.006875 0.03
1 0.47125 0.55375 0.02375 0.1475
1 0.33125 0.5575 0.03875 0.1475
1 0.33875 0.5625 0.04 0.1575
1 0.600625 0.51 0.00625 0.0325
1 0.788125 0.525625 0.0175 0.06625
1 0.9575 0.5325 0.02375 0.11
1 0.545 0.5075 0.00375 0.015
1 0.655625 0.51 0.00625 0.0325
1 0.018125 0.515625 0.024375 0.05875
1 0.6175 0.559375 0.038125 0.15125
1 0.875 0.54375 0.015625 0.0475
1 0.67375 0.515 0.00875 0.0375
1 0.549375 0.51 0.00875 0.03
1 0.43875 0.51125 0.0075 0.03
1 0.7525 0.525 0.006875 0.0625
1 0.58125 0.509375 0.00625 0.02875
1 0.09875 0.55 0.049375 0.135
1 0.77625 0.523125 0.01375 0.06125
1 0.049375 0.52125 0.028125 0.075
1 0.18375 0.52375 0.00625 0.0275
1 0.745625 0.5075 0.006875 0.0275
1 0.485 0.51125 0.006875 0.03
1 0.41375 0.56125 0.025625 0.1625