0 0.443125 0.510625 0.00875 0.01625
0 0.456875 0.514375 0.028125 0.03375
0 0.991875 0.511875 0.015 0.01875
0 0.506875 0.50625 0.01125 0.01
0 0.84625 0.523125 0.0775 0.02875
2 0.2775 0.525625 0.16125 0.14125
0 0.404375 0.505625 0.025625 0.03625
0 0.9275 0.515625 0.0675 0.04375
2 0.790625 0.5125 0.05625 0.045
0 0.4275 0.514375 0.02 0.02375
1 0.2025 0.505625 0.0125 0.03125
1 0.77375 0.528125 0.01875 0.07125
1 0.974375 0.535 0.0425 0.12
1 0.36 0.5075 0.005 0.0225
1 0.599375 0.509375 0.00625 0.02875
1 0.68625 0.55875 0.05125 0.16
1 0.165 0.553125 0.03125 0.14125
1 0.119375 0.560625 0.046875 0.16375
1 0.561875 0.51 0.01 0.03
1 0.87125 0.529375 0.015625 0.07625
1 0.81875 0.535625 0.02375 0.12125
1 0.5425 0.50625 0.00375 0.015
1 0.70125 0.51 0.0075 0.0325
1 0.845 0.5575 0.05875 0.1725
1 0.943125 0.55 0.015625 0.0575
1 0.663125 0.508125 0.01 0.02125
1 0.515 0.511875 0.01 0.02875
1 0.7325 0.52125 0.013125 0.0575
1 0.53625 0.51125 0.005625 0.03
1 0.5525 0.506875 0.00375 0.01625
1 0.824375 0.55125 0.005 0.0175
1 0.13 0.5225 0.009375 0.05
1 0.52875 0.511875 0.006875 0.02875
1 0.188125 0.561875 0.025 0.16375