0 0.455625 0.515625 0.02875 0.03375
0 0.496875 0.504375 0.015625 0.01125
0 0.499375 0.508125 0.01 0.01375
0 0.84625 0.523125 0.0775 0.02875
2 0.274375 0.525625 0.1675 0.14125
0 0.43375 0.50375 0.015625 0.025
0 0.9725 0.515625 0.053125 0.04375
0 0.43875 0.511875 0.013125 0.01875
1 0.72875 0.53625 0.0375 0.1225
1 0.9425 0.50875 0.00625 0.02
1 0.155 0.55875 0.04125 0.14
1 0.50625 0.5125 0.00625 0.03
1 0.610625 0.55375 0.04125 0.1375
1 0.548125 0.5075 0.00375 0.0175
1 0.96875 0.5025 0.005 0.0075
1 0.565625 0.506875 0.005 0.01875
1 0.3625 0.506875 0.005 0.02125
1 0.7675 0.51 0.005 0.0325
1 0.695 0.509375 0.0075 0.03125
1 0.52 0.511875 0.006875 0.02875
1 0.7025 0.51375 0.01 0.0475
1 0.486875 0.511875 0.0075 0.02875
1 0.926875 0.515 0.005625 0.02
1 0.5525 0.5075 0.00375 0.0175
1 0.99 0.526875 0.01875 0.08875
1 0.195625 0.509375 0.013125 0.03625
1 0.845 0.500625 0.006875 0.01375
1 0.556875 0.50875 0.005625 0.0275