0 0.45625 0.515625 0.02890625 0.03359375
0 0.496875 0.5046875 0.015625 0.0109375
0 0.5 0.5078125 0.01015625 0.0140625
0 0.846875 0.5234375 0.07734375 0.02890625
2 0.27421875 0.52578125 0.1671875 0.14140625
0 0.43359375 0.50390625 0.015625 0.025
0 0.97265625 0.515625 0.053125 0.04375
0 0.4390625 0.51171875 0.01328125 0.01875
1 0.72890625 0.5359375 0.0375 0.12265625
1 0.9421875 0.50859375 0.00625 0.0203125
1 0.1546875 0.55859375 0.04140625 0.13984375
1 0.50625 0.5125 0.00625 0.0296875
1 0.6109375 0.55390625 0.04140625 0.1375
1 0.5484375 0.5078125 0.00390625 0.0171875
1 0.96875 0.50234375 0.0046875 0.0078125
1 0.565625 0.50703125 0.0046875 0.01875
1 0.3625 0.50703125 0.0046875 0.02109375
1 0.7671875 0.51015625 0.0046875 0.0328125
1 0.6953125 0.509375 0.0078125 0.03125
1 0.5203125 0.51171875 0.00703125 0.02890625
1 0.703125 0.5140625 0.01015625 0.04765625
1 0.48671875 0.51171875 0.0078125 0.02890625
1 0.9265625 0.51484375 0.00546875 0.0203125
1 0.553125 0.5078125 0.00390625 0.0171875
1 0.98984375 0.5265625 0.01875 0.0890625
1 0.1953125 0.509375 0.01328125 0.0359375
1 0.8453125 0.50078125 0.00703125 0.0140625
1 0.55625 0.50859375 0.00546875 0.02734375