0 0.823125 0.58 0.1525 0.1325
0 0.5025 0.515 0.03875 0.06
0 0.48375 0.49875 0.01125 0.01
2 0.17625 0.65375 0.3525 0.655
1 0.990625 0.525 0.0175 0.11
1 0.954375 0.490625 0.00875 0.01125
1 0.60125 0.513125 0.015625 0.07125
1 0.544375 0.503125 0.005 0.02625
1 0.909375 0.548125 0.01875 0.06625
1 0.550625 0.505625 0.0075 0.04375
1 0.734375 0.49625 0.00625 0.0175
1 0.523125 0.498125 0.00375 0.01375
1 0.5325 0.49875 0.005 0.0225
1 0.5275 0.49875 0.00375 0.0225
1 0.795 0.49625 0.00625 0.015
1 0.766875 0.494375 0.005625 0.01625
1 0.879375 0.49625 0.00375 0.02
1 0.523125 0.49875 0.00375 0.02
1 0.805625 0.494375 0.0075 0.01625
1 0.64 0.52375 0.024375 0.105
1 0.871875 0.498125 0.015625 0.02875
1 0.5675 0.505625 0.00875 0.04375
1 0.95375 0.49 0.0075 0.01
1 0.67 0.494375 0.0075 0.01625