0 0.146875 0.5171875 0.034375 0.01640625
0 0.21875 0.51640625 0.03828125 0.0171875
2 0.31875 0.5328125 0.1453125 0.22109375
1 0.1359375 0.51484375 0.00859375 0.02734375
1 0.1265625 0.5140625 0.01015625 0.0359375
1 0.15 0.5140625 0.00546875 0.0265625
1 0.11328125 0.515625 0.0171875 0.0234375
1 0.14375 0.52265625 0.01171875 0.05
1 0.159375 0.51640625 0.00703125 0.0296875
1 0.5453125 0.553125 0.02421875 0.14609375
1 0.1921875 0.5140625 0.00390625 0.02265625
1 0.17734375 0.5125 0.00625 0.0171875
1 0.09609375 0.5265625 0.0140625 0.0609375
1 0.61015625 0.590625 0.06875 0.25390625
1 0.5625 0.5703125 0.034375 0.20390625
1 0.1625 0.5140625 0.00390625 0.02265625
1 0.1203125 0.546875 0.04296875 0.10625
1 0.13125 0.53671875 0.00859375 0.03125