0 0.146875 0.516875 0.034375 0.01625
0 0.219375 0.51625 0.038125 0.0175
2 0.31875 0.533125 0.145 0.22125
1 0.13625 0.515 0.00875 0.0275
1 0.126875 0.514375 0.01 0.03625
1 0.149375 0.514375 0.005625 0.02625
1 0.113125 0.515625 0.0175 0.02375
1 0.144375 0.5225 0.011875 0.05
1 0.16 0.51625 0.006875 0.03
1 0.545625 0.553125 0.024375 0.14625
1 0.191875 0.51375 0.00375 0.0225
1 0.1775 0.5125 0.00625 0.0175
1 0.09625 0.526875 0.01375 0.06125
1 0.61 0.590625 0.06875 0.25375
1 0.5625 0.570625 0.034375 0.20375
1 0.163125 0.51375 0.00375 0.0225
1 0.12 0.546875 0.043125 0.10625
1 0.131875 0.536875 0.00875 0.03125