0 0.685 0.5775 0.171875 0.125
0 0.003125 0.520625 0.00625 0.03375
2 0.49875 0.475625 0.163125 0.14375
0 0.074375 0.524375 0.08625 0.03625
0 0.49875 0.735 0.319375 0.435
0 0.3225 0.505625 0.00375 0.00625
0 0.119375 0.52 0.068125 0.035
1 0.19 0.509375 0.005625 0.02875
1 0.33625 0.509375 0.005 0.02875
1 0.66625 0.50375 0.005 0.0225
1 0.585625 0.54 0.006875 0.04
1 0.721875 0.513125 0.01125 0.04625
1 0.169375 0.519375 0.01375 0.04875
1 0.015 0.5275 0.03 0.0975
1 0.09875 0.52125 0.02375 0.07
1 0.2625 0.51 0.009375 0.03
1 0.339375 0.50625 0.00375 0.0175
1 0.13 0.5125 0.0175 0.05
1 0.62375 0.505 0.005 0.02
1 0.04 0.5225 0.0175 0.0775
1 0.2925 0.520625 0.00625 0.02375
1 0.413125 0.531875 0.00875 0.05625
1 0.643125 0.505 0.006875 0.0225
1 0.148125 0.516875 0.013125 0.05625
1 0.274375 0.52 0.005 0.0225
1 0.19875 0.52 0.01125 0.05
1 0.369375 0.538125 0.006875 0.03875
1 0.32875 0.50875 0.005 0.03
1 0.025 0.51625 0.015625 0.055