0 0.685 0.5775 0.171875 0.125
0 0.011875 0.521875 0.02375 0.03625
2 0.49875 0.475625 0.163125 0.14375
0 0.074375 0.524375 0.08625 0.03625
0 0.49875 0.735 0.319375 0.435
0 0.415 0.509375 0.005 0.00875
0 0.119375 0.52 0.068125 0.035
1 0.149375 0.505625 0.005625 0.02125
1 0.310625 0.513125 0.006875 0.03125
1 0.67625 0.50375 0.01125 0.0225
1 0.696875 0.505 0.009375 0.025
1 0.765 0.51625 0.019375 0.0575
1 0.22625 0.516875 0.006875 0.04625
1 0.185 0.523125 0.02625 0.07375
1 0.58875 0.505 0.005625 0.0175
1 0.22125 0.5275 0.018125 0.07
1 0.211875 0.515 0.005 0.02
1 0.349375 0.50625 0.00375 0.0175
1 0.244375 0.525 0.019375 0.0675
1 0.70125 0.515625 0.005625 0.00875
1 0.275 0.521875 0.00625 0.02625
1 0.296875 0.528125 0.02 0.07125
1 0.630625 0.50875 0.0075 0.0275
1 0.205 0.51375 0.01125 0.04
1 0.291875 0.51875 0.00375 0.02
1 0.136875 0.51625 0.01625 0.0575
1 0.36375 0.50875 0.006875 0.0275
1 0.136875 0.52875 0.01625 0.025