0 0.685 0.5775 0.171875 0.125
0 0.011875 0.525625 0.02375 0.02875
2 0.49875 0.475625 0.163125 0.14375
0 0.074375 0.524375 0.08625 0.03625
0 0.49875 0.735 0.319375 0.435
0 0.1225 0.52 0.061875 0.035
1 0.1975 0.50875 0.005 0.03
1 0.34 0.509375 0.005625 0.02875
1 0.665 0.50375 0.005625 0.0225
1 0.59625 0.54 0.00625 0.04
1 0.715 0.51 0.0125 0.04
1 0.1525 0.51625 0.015 0.0525
1 0.085 0.52125 0.019375 0.0675
1 0.27 0.51 0.00875 0.03
1 0.109375 0.519375 0.02375 0.06625
1 0.62625 0.505 0.00625 0.02
1 0.045 0.52125 0.019375 0.0775
1 0.294375 0.520625 0.005 0.02375
1 0.6475 0.504375 0.009375 0.02125
1 0.14 0.5175 0.01125 0.0575
1 0.271875 0.52 0.005 0.0225
1 0.205 0.513125 0.01 0.02125
1 0.36125 0.538125 0.0125 0.03875
1 0.325 0.509375 0.0075 0.03125
1 0.006875 0.518125 0.01375 0.05625