0 0.69375 0.574375 0.18125 0.12875
0 0.013125 0.515 0.02625 0.0375
2 0.5 0.470625 0.1625 0.14375
0 0.07625 0.518125 0.084375 0.03625
0 0.499375 0.72375 0.311875 0.425
0 0.120625 0.51375 0.068125 0.035
1 0.1175 0.491875 0.005 0.00625
1 0.3225 0.5225 0.025625 0.0725
1 0.74375 0.51125 0.01375 0.07
1 0.7275 0.50625 0.0125 0.045
1 0.8275 0.500625 0.02 0.04125
1 0.26125 0.509375 0.006875 0.03875
1 0.293125 0.52 0.015625 0.07
1 0.31625 0.520625 0.0225 0.06875
1 0.175 0.503125 0.009375 0.03125
1 0.35125 0.5 0.00375 0.02
1 0.34375 0.52 0.021875 0.065
1 0.720625 0.51375 0.005625 0.015
1 0.25625 0.5175 0.00625 0.0275
1 0.209375 0.514375 0.015625 0.07375
1 0.23625 0.51 0.00875 0.04
1 0.306875 0.50875 0.00375 0.02
1 0.065625 0.516875 0.021875 0.07375
1 0.40375 0.504375 0.005625 0.02875
1 0.19875 0.511875 0.00875 0.04875