0 0.685 0.5775 0.171875 0.125
0 0.011875 0.521875 0.02375 0.03625
2 0.49875 0.475625 0.16 0.13875
0 0.074375 0.524375 0.08625 0.03625
0 0.49875 0.735 0.319375 0.435
0 0.119375 0.52 0.068125 0.035
1 0.280625 0.51 0.006875 0.03
1 0.39125 0.51125 0.00375 0.0275
1 0.735625 0.518125 0.018125 0.06625
1 0.324375 0.526875 0.021875 0.06875
1 0.05875 0.521875 0.01625 0.07125
1 0.638125 0.505625 0.005625 0.02375
1 0.716875 0.524375 0.006875 0.01625
1 0.660625 0.504375 0.00875 0.02125
1 0.380625 0.5075 0.005 0.025
1 0.28 0.514375 0.00875 0.03375
1 0.653125 0.504375 0.00625 0.02125
1 0.316875 0.518125 0.005625 0.02125
1 0.631875 0.509375 0.009375 0.03125
1 0.238125 0.523125 0.005625 0.02625
1 0.600625 0.505625 0.005 0.01875
1 0.27375 0.515 0.0075 0.0375
1 0.144375 0.51 0.005 0.0075
1 0.239375 0.53875 0.00875 0.04
1 0.265 0.515 0.01 0.0375