0 0.69375 0.57421875 0.18125 0.12890625
0 0.01328125 0.51484375 0.0265625 0.0375
2 0.5 0.4703125 0.1625 0.14375
0 0.0765625 0.51796875 0.084375 0.0359375
0 0.5 0.7234375 0.31171875 0.425
0 0.1203125 0.5140625 0.06796875 0.03515625
1 0.1171875 0.4921875 0.0046875 0.00625
1 0.321875 0.52265625 0.02578125 0.07265625
1 0.74375 0.5109375 0.0140625 0.0703125
1 0.72734375 0.50625 0.0125 0.0453125
1 0.82734375 0.50078125 0.0203125 0.04140625
1 0.2609375 0.509375 0.00703125 0.0390625
1 0.29296875 0.5203125 0.015625 0.0703125
1 0.315625 0.5203125 0.02265625 0.06875
1 0.175 0.503125 0.009375 0.03125
1 0.3515625 0.5 0.00390625 0.0203125
1 0.34375 0.5203125 0.021875 0.06484375
1 0.7203125 0.5140625 0.00546875 0.01484375
1 0.25625 0.5171875 0.00625 0.02734375
1 0.209375 0.5140625 0.015625 0.0734375
1 0.2359375 0.51015625 0.00859375 0.03984375
1 0.30625 0.50859375 0.00390625 0.0203125
1 0.065625 0.5171875 0.021875 0.0734375
1 0.403125 0.5046875 0.00546875 0.02890625
1 0.1984375 0.51171875 0.00859375 0.0484375