0 0.67875 0.575 0.1625 0.12
0 0.025625 0.519375 0.050625 0.04125
2 0.499375 0.489375 0.136875 0.13875
0 0.093125 0.523125 0.08125 0.03375
0 0.499375 0.6575 0.206875 0.29
0 0.135625 0.519375 0.063125 0.03375
1 0.120625 0.498125 0.00375 0.00625
1 0.295 0.514375 0.006875 0.03625
1 0.31375 0.526875 0.025 0.06875
1 0.7275 0.51625 0.0125 0.065
1 0.72375 0.51625 0.013125 0.05
1 0.820625 0.520625 0.015 0.06875
1 0.274375 0.514375 0.01125 0.03625
1 0.324375 0.524375 0.011875 0.06375
1 0.01375 0.53 0.009375 0.0325
1 0.345 0.525 0.02375 0.065
1 0.176875 0.50875 0.006875 0.03
1 0.35375 0.50625 0.00375 0.02
1 0.369375 0.524375 0.0225 0.06125
1 0.7125 0.521875 0.00625 0.01875
1 0.259375 0.52375 0.00625 0.0275
1 0.218125 0.52125 0.02625 0.0675
1 0.250625 0.514375 0.01 0.03875
1 0.078125 0.521875 0.025 0.07375
1 0.411875 0.510625 0.005625 0.02625
1 0.2175 0.514375 0.0075 0.03375
1 0.01125 0.515625 0.0225 0.06125