0 0.685 0.5775 0.171875 0.125
0 0.011875 0.521875 0.02375 0.03625
2 0.49875 0.475625 0.163125 0.14375
0 0.074375 0.524375 0.08625 0.03625
0 0.49875 0.735 0.319375 0.435
0 0.119375 0.52 0.068125 0.035
1 0.345 0.509375 0.00625 0.02875
1 0.66 0.50375 0.01125 0.0225
1 0.60375 0.540625 0.0075 0.03625
1 0.710625 0.506875 0.00875 0.03375
1 0.1325 0.513125 0.01125 0.04625
1 0.064375 0.52125 0.01625 0.0675
1 0.28 0.51 0.00625 0.03
1 0.090625 0.519375 0.02375 0.06625
1 0.62875 0.505 0.005625 0.02
1 0.05125 0.521875 0.01875 0.07375
1 0.2975 0.52 0.005625 0.0225
1 0.6475 0.504375 0.00625 0.02125
1 0.12125 0.5125 0.015 0.05
1 0.268125 0.520625 0.005625 0.02375
1 0.585 0.504375 0.00625 0.01375
1 0.215 0.51625 0.01125 0.045
1 0.35125 0.538125 0.0125 0.03875
1 0.321875 0.511875 0.0075 0.03125