0 0.685 0.5775 0.171875 0.125
0 0.011875 0.52375 0.02375 0.0325
2 0.49875 0.475625 0.163125 0.14375
0 0.074375 0.524375 0.08625 0.03625
0 0.49875 0.735 0.319375 0.435
0 0.375625 0.508125 0.0175 0.01125
0 0.119375 0.52 0.068125 0.035
1 0.3175 0.5125 0.006875 0.03
1 0.611875 0.51875 0.009375 0.05
1 0.68625 0.505625 0.00375 0.01875
1 0.741875 0.5175 0.01 0.055
1 0.196875 0.519375 0.0125 0.04875
1 0.108125 0.525 0.0225 0.085
1 0.58375 0.508125 0.005 0.02375
1 0.16 0.520625 0.019375 0.07125
1 0.2375 0.509375 0.0075 0.03125
1 0.19 0.52 0.021875 0.065
1 0.004375 0.505625 0.00875 0.03875
1 0.285 0.52125 0.005625 0.025
1 0.363125 0.526875 0.013125 0.07125
1 0.635 0.506875 0.00625 0.02375
1 0.17875 0.519375 0.009375 0.04875
1 0.281875 0.519375 0.00375 0.02125
1 0.1725 0.516875 0.01125 0.05375
1 0.40125 0.5375 0.00875 0.04
1 0.345 0.509375 0.005625 0.02875
1 0.078125 0.516875 0.01125 0.05625