0 0.029375 0.560625 0.05875 0.09125
0 0.44125 0.523125 0.025625 0.03125
0 0.349375 0.496875 0.02 0.00875
0 0.4425 0.505 0.013125 0.01
0 0.404375 0.5 0.01 0.01
0 0.40375 0.49375 0.0075 0.0075
0 0.42 0.493125 0.00375 0.00625
0 0.41125 0.491875 0.00375 0.00625
0 0.415 0.49625 0.006875 0.0075
2 0.67625 0.535625 0.2875 0.29625
2 0.441875 0.491875 0.006875 0.00625
0 0.45125 0.495625 0.005625 0.00625
0 0.3775 0.503125 0.0125 0.01375
1 0.531875 0.510625 0.00375 0.02375
1 0.225 0.518125 0.01125 0.03625
1 0.295 0.509375 0.006875 0.02375