0 0.96625 0.51 0.015625 0.0175
0 0.5225 0.50625 0.043125 0.0475
0 0.431875 0.5125 0.0175 0.0225
0 0.853125 0.52125 0.07375 0.035
2 0.124375 0.5425 0.24875 0.25
2 0.47375 0.51125 0.068125 0.07
1 0.66125 0.51375 0.009375 0.035
1 0.768125 0.515625 0.005625 0.01875
1 0.794375 0.521875 0.01875 0.05875
1 0.6225 0.50875 0.00625 0.0275
1 0.553125 0.51875 0.005 0.0175
1 0.680625 0.509375 0.005 0.02875
1 0.90625 0.509375 0.0075 0.02875
1 0.634375 0.509375 0.00625 0.02875
1 0.84125 0.50125 0.005625 0.015
1 0.33 0.5075 0.00375 0.025