0 0.335 0.496875 0.0225 0.00875
0 0.35375 0.51375 0.0325 0.035
2 0.7575 0.4825 0.280625 0.215
0 0.31125 0.513125 0.044375 0.03625
0 0.9725 0.53 0.05375 0.065
0 0.411875 0.50875 0.08375 0.1225
0 0.336875 0.51 0.02125 0.025
0 0.295 0.4975 0.01875 0.02
2 0.199375 0.514375 0.1825 0.11875
0 0.92125 0.526875 0.0525 0.07375
1 0.500625 0.514375 0.01625 0.05125
1 0.914375 0.488125 0.00875 0.00875
1 0.071875 0.5175 0.015625 0.055
1 0.556875 0.514375 0.01125 0.05375
1 0.55375 0.515625 0.018125 0.05625
1 0.42625 0.60125 0.035 0.1025