0 0.35375 0.51375 0.0325 0.035
2 0.7575 0.4825 0.280625 0.215
0 0.31 0.513125 0.0475 0.03625
0 0.2975 0.5 0.011875 0.01
0 0.9725 0.53 0.05375 0.065
0 0.411875 0.50875 0.08375 0.1225
0 0.336875 0.51 0.02125 0.025
0 0.208125 0.500625 0.03375 0.01625
0 0.92125 0.526875 0.0525 0.07375
1 0.569375 0.51375 0.015 0.0525
1 0.49125 0.515 0.011875 0.055
1 0.99125 0.49 0.01 0.015
1 0.155625 0.515625 0.0175 0.05625
1 0.489375 0.515 0.015 0.0525
1 0.179375 0.506875 0.011875 0.04625
1 0.57875 0.60375 0.0375 0.1075