0 0.29609375 0.50078125 0.0171875 0.0140625
0 0.46328125 0.50625 0.0234375 0.02734375
0 0.3515625 0.5140625 0.028125 0.03515625
2 0.7578125 0.48203125 0.28046875 0.2140625
0 0.309375 0.51328125 0.04765625 0.0359375
0 0.971875 0.5296875 0.05390625 0.06484375
0 0.40859375 0.509375 0.0875 0.1265625
0 0.3375 0.51015625 0.02109375 0.025
0 0.109375 0.49765625 0.025 0.0203125
0 0.921875 0.5265625 0.05234375 0.0734375
1 0.5609375 0.51484375 0.01484375 0.0546875
1 0.22734375 0.51640625 0.0171875 0.0546875
1 0.1875 0.50703125 0.01171875 0.04140625
1 0.7203125 0.6109375 0.02421875 0.11015625