0 0.35546875 0.5140625 0.0296875 0.03515625
2 0.7578125 0.4828125 0.28046875 0.21484375
0 0.971875 0.5296875 0.05390625 0.06484375
0 0.4125 0.50859375 0.08359375 0.12265625
0 0.34375 0.50234375 0.00703125 0.01015625
0 0.340625 0.4921875 0.00546875 0.0078125
2 0.26171875 0.5125 0.1625 0.11484375
0 0.921875 0.5265625 0.05234375 0.0734375
1 0.5671875 0.515625 0.01953125 0.05390625
1 0.1109375 0.58203125 0.08203125 0.2140625
1 0.853125 0.56875 0.06015625 0.175
1 0.45703125 0.515625 0.0140625 0.05625
1 0.684375 0.5859375 0.04453125 0.2390625
1 0.0453125 0.51875 0.02578125 0.06484375
1 0.24453125 0.6015625 0.0234375 0.10234375
1 0.59609375 0.5234375 0.009375 0.0359375