0 0.355625 0.51375 0.03 0.035
2 0.7575 0.4825 0.280625 0.215
0 0.9725 0.53 0.05375 0.065
0 0.411875 0.50875 0.08375 0.1225
0 0.344375 0.5025 0.006875 0.01
0 0.34125 0.4925 0.005625 0.0075
2 0.261875 0.5125 0.1625 0.115
0 0.92125 0.526875 0.0525 0.07375
1 0.5675 0.515625 0.019375 0.05375
1 0.11125 0.581875 0.081875 0.21375
1 0.8525 0.56875 0.06 0.175
1 0.456875 0.515625 0.01375 0.05625
1 0.68375 0.585625 0.044375 0.23875
1 0.045625 0.51875 0.025625 0.065
1 0.244375 0.60125 0.02375 0.1025
1 0.59625 0.523125 0.009375 0.03625