0 0.03125 0.5025 0.0625 0.01
0 0.86625 0.523125 0.06375 0.04625
2 0.47875 0.40375 0.42625 0.795
0 0.7525 0.50875 0.034375 0.02
0 0.96625 0.495625 0.00625 0.01125
0 0.944375 0.50375 0.036875 0.0075
0 0.25 0.493125 0.03 0.02375
1 0.82875 0.503125 0.013125 0.03875
1 0.123125 0.5 0.00875 0.0175
1 0.781875 0.50125 0.005 0.0175
1 0.085 0.49875 0.01125 0.0175
1 0.694375 0.51 0.005 0.0075
1 0.899375 0.52625 0.024375 0.0975
1 0.7025 0.50125 0.00875 0.025
1 0.785625 0.499375 0.00375 0.01375
1 0.835 0.5 0.00375 0.015
1 0.73 0.5025 0.01125 0.03