2 0.1453125 0.553125 0.290625 0.64375
2 0.4984375 0.4984375 0.01484375 0.0125
0 0.840625 0.5109375 0.03984375 0.02109375
0 0.5234375 0.5078125 0.0140625 0.0171875
0 0.5015625 0.5171875 0.03046875 0.03515625
0 0.41171875 0.53359375 0.0640625 0.0625
1 0.759375 0.5640625 0.05078125 0.22109375
1 0.6078125 0.5234375 0.01796875 0.0890625
1 0.95078125 0.6046875 0.096875 0.36015625
1 0.59140625 0.5125 0.009375 0.05234375
1 0.65625 0.528125 0.02265625 0.10625
1 0.559375 0.50703125 0.00703125 0.03359375
1 0.6796875 0.5015625 0.00546875 0.0203125
1 0.63671875 0.52109375 0.015625 0.0828125