0 0.6975 0.516875 0.0625 0.02875
2 0.49625 0.52375 0.146875 0.2225
0 0.900625 0.5125 0.0625 0.0425
2 0.41375 0.50125 0.015 0.015
2 0.82375 0.50625 0.105 0.055
0 0.8725 0.51375 0.0325 0.0325
0 0.72625 0.515625 0.071875 0.03875
0 0.784375 0.515 0.045 0.03
0 0.49625 0.63 0.1075 0.2075
1 0.674375 0.523125 0.013125 0.06875
1 0.350625 0.516875 0.00375 0.02125
1 0.613125 0.51375 0.00875 0.0425
1 0.169375 0.52375 0.02375 0.0875
1 0.305 0.50875 0.005 0.0175
1 0.006875 0.49625 0.00875 0.0275
1 0.15875 0.501875 0.00625 0.03125
1 0.326875 0.505 0.006875 0.0275
1 0.6175 0.5175 0.013125 0.0525
1 0.235625 0.518125 0.013125 0.05625
1 0.594375 0.50875 0.005 0.0325
1 0.32 0.5225 0.0075 0.03
1 0.590625 0.51375 0.01125 0.0425