0 0.69765625 0.5171875 0.0625 0.02890625
2 0.49609375 0.5234375 0.146875 0.22265625
0 0.90078125 0.5125 0.0625 0.0421875
2 0.4140625 0.5015625 0.01484375 0.01484375
2 0.8234375 0.50625 0.1046875 0.0546875
0 0.87265625 0.5140625 0.0328125 0.0328125
0 0.7265625 0.515625 0.071875 0.0390625
0 0.784375 0.51484375 0.0453125 0.0296875
0 0.49609375 0.6296875 0.1078125 0.2078125
1 0.675 0.5234375 0.01328125 0.06875
1 0.35 0.5171875 0.00390625 0.02109375
1 0.6125 0.5140625 0.00859375 0.0421875
1 0.16953125 0.5234375 0.0234375 0.0875
1 0.3046875 0.50859375 0.0046875 0.0171875
1 0.00625 0.49609375 0.00859375 0.02734375
1 0.15859375 0.5015625 0.00625 0.03125
1 0.3265625 0.5046875 0.00703125 0.02734375
1 0.6171875 0.5171875 0.01328125 0.05234375
1 0.2359375 0.51796875 0.01328125 0.05625
1 0.59453125 0.50859375 0.0046875 0.0328125
1 0.3203125 0.52265625 0.0078125 0.0296875
1 0.590625 0.5140625 0.0109375 0.0421875