0 0.810625 0.52125 0.09125 0.0375
0 0.41125 0.50875 0.015625 0.01
0 0.48375 0.50625 0.0075 0.01
0 0.4025 0.530625 0.08625 0.05125
2 0.17875 0.523125 0.17375 0.12875
1 0.36 0.5075 0.00375 0.0175
1 0.32 0.515 0.00375 0.02
1 0.354375 0.505 0.00375 0.0125
1 0.08375 0.565 0.038125 0.17
1 0.08125 0.5525 0.04375 0.1375
1 0.348125 0.505 0.00375 0.0175
1 0.338125 0.5075 0.005 0.0175
1 0.33875 0.591875 0.025 0.11375
1 0.2425 0.55875 0.0475 0.15
1 0.686875 0.51 0.01 0.0325
1 0.7825 0.54125 0.04375 0.14
1 0.024375 0.509375 0.01125 0.03125