2 0.31875 0.534375 0.16875 0.18125
2 0.499375 0.500625 0.02 0.03875
1 0.664375 0.566875 0.013125 0.07375
1 0.605 0.5275 0.019375 0.075
1 0.63 0.528125 0.018125 0.07125
1 0.446875 0.518125 0.009375 0.03625
1 0.5025 0.51625 0.01125 0.0325
1 0.55625 0.5125 0.005 0.0225
1 0.4325 0.513125 0.005 0.02625
1 0.536875 0.511875 0.00375 0.02125
1 0.50125 0.5175 0.009375 0.035
1 0.593125 0.553125 0.01375 0.06375
1 0.585 0.526875 0.013125 0.07125
1 0.465 0.51375 0.006875 0.0225
1 0.415625 0.515625 0.005 0.02625
1 0.72 0.559375 0.01875 0.07625
1 0.570625 0.521875 0.011875 0.05375
1 0.44125 0.511875 0.00375 0.02125