0 0.485 0.505 0.005625 0.01
0 0.43625 0.504375 0.01375 0.00625
0 0.49125 0.504375 0.0075 0.00875
0 0.406875 0.50375 0.006875 0.0075
2 0.169375 0.57375 0.33875 0.4025
0 0.4725 0.509375 0.01375 0.01625
0 0.480625 0.506875 0.00625 0.01375
0 0.475 0.508125 0.01125 0.01625
1 0.444375 0.5075 0.005 0.02
1 0.45375 0.506875 0.00375 0.01875
1 0.431875 0.508125 0.00375 0.02375
1 0.6275 0.536875 0.02125 0.11625
1 0.64625 0.55 0.02875 0.16
1 0.390625 0.51125 0.0075 0.035
1 0.6075 0.5275 0.02 0.0825
1 0.439375 0.5075 0.00375 0.0225
1 0.675 0.56125 0.05 0.18
1 0.701875 0.5525 0.031875 0.165