0 0.450625 0.50375 0.01 0.0075
2 0.32375 0.52875 0.165625 0.1775
0 0.475625 0.508125 0.0125 0.01375
0 0.48375 0.505625 0.005625 0.01125
0 0.478125 0.506875 0.009375 0.01375
1 0.285 0.63375 0.025 0.1375
1 0.4575 0.505625 0.00375 0.01875
1 0.451875 0.506875 0.00375 0.01625
1 0.43375 0.5075 0.00375 0.0225
1 0.585625 0.5225 0.00875 0.0725
1 0.411875 0.50875 0.005 0.0275
1 0.568125 0.51625 0.01 0.0525
1 0.4525 0.50625 0.00375 0.02
1 0.5825 0.52375 0.019375 0.0775
1 0.600625 0.5225 0.013125 0.075
1 0.1225 0.6025 0.078125 0.275