2 0.09 0.479375 0.18 0.95875
0 0.4525 0.516875 0.0275 0.02875
0 0.499375 0.50625 0.00875 0.01
0 0.4075 0.533125 0.056875 0.05875
2 0.47875 0.50375 0.015 0.02
0 0.488125 0.504375 0.00375 0.00625
1 0.400625 0.499375 0.00375 0.00875
1 0.53625 0.51875 0.00375 0.02
1 0.25875 0.54875 0.01375 0.07
1 0.8075 0.560625 0.024375 0.20625
1 0.885 0.58125 0.056875 0.2875
1 0.520625 0.50625 0.00375 0.02
1 0.376875 0.521875 0.005625 0.02625
1 0.4275 0.501875 0.005 0.01375
1 0.614375 0.519375 0.00875 0.06375
1 0.28125 0.528125 0.015625 0.09375