0 0.5 0.551875 0.06875 0.09875
0 0.468125 0.505 0.01375 0.015
0 0.049375 0.51625 0.01125 0.0175
0 0.486875 0.500625 0.015 0.01125
0 0.405625 0.5325 0.071875 0.0725
0 0.094375 0.78625 0.188125 0.2675
2 0.15875 0.518125 0.17625 0.13375
0 0.445625 0.51875 0.030625 0.0375
0 0.04625 0.50375 0.005625 0.0075
0 0.335625 0.503125 0.018125 0.01125
1 0.33 0.50625 0.005 0.0225
1 0.61875 0.496875 0.00625 0.01625
1 0.291875 0.504375 0.00375 0.02375
1 0.8125 0.53 0.028125 0.115
1 0.595 0.5 0.00625 0.02
1 0.608125 0.498125 0.006875 0.01625
1 0.32375 0.506875 0.00625 0.02375