2 0.295 0.555 0.206875 0.18
0 0.15375 0.52125 0.099375 0.045
2 0.4125 0.493125 0.055 0.02875
0 0.72375 0.511875 0.105625 0.07875
0 0.408125 0.504375 0.018125 0.00625
0 0.524375 0.505625 0.015 0.00625
0 0.628125 0.505 0.01125 0.0075
1 0.02 0.513125 0.0125 0.04375
1 0.01 0.50125 0.005625 0.02
1 0.46125 0.513125 0.005 0.04375
1 0.753125 0.498125 0.009375 0.02375
1 0.00375 0.49875 0.0075 0.025
1 0.666875 0.514375 0.006875 0.04375
1 0.071875 0.570625 0.03875 0.23125
1 0.24125 0.488125 0.009375 0.01375