2 0.054375 0.664375 0.10875 0.42625
0 0.88875 0.508125 0.06375 0.10125
2 0.34 0.484375 0.065625 0.03625
0 0.9525 0.51 0.09375 0.1325
0 0.6175 0.4975 0.028125 0.01
0 0.57125 0.49875 0.03 0.0075
0 0.465 0.50125 0.0375 0.015
0 0.425625 0.503125 0.024375 0.01625
0 0.189375 0.498125 0.015 0.00875
0 0.711875 0.4975 0.028125 0.01
1 0.31625 0.511875 0.02125 0.05875
1 0.705625 0.495625 0.005 0.01375
1 0.6075 0.495625 0.005 0.01375
1 0.6875 0.52125 0.0175 0.07
1 0.800625 0.510625 0.015625 0.06125
1 0.205 0.554375 0.03 0.16625