0 0.796875 0.5203125 0.05078125 0.03984375
0 0.00625 0.53046875 0.01171875 0.0265625
2 0.4984375 0.559375 0.51953125 0.6859375
0 0.071875 0.74453125 0.14375 0.3203125
0 0.215625 0.51875 0.0765625 0.0328125
1 0.1984375 0.503125 0.00546875 0.01640625
1 0.0140625 0.5203125 0.01796875 0.0515625
1 0.12421875 0.51015625 0.00625 0.03515625
1 0.7921875 0.53515625 0.0359375 0.1171875
1 0.071875 0.51875 0.01484375 0.04765625
1 0.1875 0.503125 0.00703125 0.01875
1 0.14375 0.525 0.00546875 0.025
1 0.0609375 0.51953125 0.01328125 0.0484375