0 0.7975 0.52 0.05 0.04
0 0.014375 0.526875 0.02875 0.03375
2 0.498125 0.559375 0.519375 0.68625
0 0.0725 0.745625 0.144375 0.32125
0 0.215625 0.51875 0.07625 0.0325
1 0.226875 0.49875 0.00375 0.0075
1 0.166875 0.510625 0.00875 0.03375
1 0.979375 0.5575 0.04 0.1975
1 0.131875 0.515625 0.013125 0.04125
1 0.038125 0.521875 0.01625 0.05375
1 0.085 0.509375 0.006875 0.02875
1 0.74625 0.506875 0.005 0.02625
1 0.029375 0.51 0.00875 0.03
1 0.221875 0.498125 0.005 0.00625
1 0.7425 0.51 0.005625 0.0325
1 0.155 0.5225 0.00625 0.0225
1 0.120625 0.516875 0.011875 0.04125
1 0.764375 0.531875 0.02125 0.10875