0 0.7975 0.52 0.050625 0.04
0 0.014375 0.526875 0.02875 0.03375
2 0.498125 0.559375 0.519375 0.68625
0 0.0725 0.745625 0.144375 0.32125
0 0.215625 0.51875 0.07625 0.0325
1 0.2525 0.504375 0.00375 0.01875
1 0.153125 0.51375 0.0075 0.0375
1 0.1675 0.515 0.01125 0.035
1 0.11 0.51875 0.015 0.045
1 0.028125 0.510625 0.00625 0.03125
1 0.078125 0.51 0.0075 0.03
1 0.24875 0.5025 0.0075 0.015
1 0.258125 0.50875 0.005625 0.0275
1 0.1825 0.511875 0.00375 0.00625
1 0.145625 0.514375 0.00875 0.03875
1 0.8825 0.55 0.04625 0.155