0 0.42 0.5 0.01 0.0125
0 0.853125 0.52 0.06125 0.035
2 0.13 0.485625 0.26 0.12875
0 0.825625 0.516875 0.06 0.03625
0 0.499375 0.663125 0.29625 0.33875
0 0.984375 0.5375 0.03 0.0375
0 0.43625 0.509375 0.0175 0.02125
0 0.16125 0.67875 0.3225 0.3375
0 0.91375 0.533125 0.1175 0.05625
1 0.640625 0.570625 0.015625 0.06875
1 0.8725 0.55625 0.031875 0.0825
1 0.965 0.50875 0.006875 0.03
1 0.500625 0.486875 0.01125 0.01125
1 0.361875 0.58375 0.013125 0.0875
1 0.960625 0.50875 0.011875 0.03
1 0.75375 0.54125 0.025625 0.145
1 0.615 0.54875 0.035 0.13
1 0.350625 0.51125 0.005 0.03
1 0.380625 0.5425 0.025 0.125
1 0.594375 0.50875 0.0075 0.0325