0 0.418125 0.50125 0.011875 0.0125
0 0.835625 0.52 0.055625 0.0325
2 0.2325 0.498125 0.1825 0.10375
0 0.80625 0.516875 0.04875 0.03375
0 0.499375 0.615625 0.20125 0.23875
0 0.94 0.54 0.005625 0.01
0 0.43875 0.510625 0.02 0.02125
0 0.195625 0.62125 0.31625 0.225
0 0.884375 0.53125 0.10625 0.0525
1 0.644375 0.56375 0.01625 0.06
1 0.846875 0.55125 0.025 0.07
1 0.466875 0.491875 0.00875 0.01125
1 0.38375 0.574375 0.01625 0.07125
1 0.1175 0.504375 0.005625 0.02125
1 0.75 0.536875 0.021875 0.12375
1 0.56625 0.513125 0.02 0.05875
1 0.365 0.511875 0.00625 0.02875
1 0.3975 0.53875 0.02625 0.1125
1 0.584375 0.509375 0.0075 0.03125