0 0.425625 0.49375 0.015 0.0125
0 0.859375 0.5125 0.0625 0.035
2 0.08125 0.449375 0.1625 0.13875
0 0.831875 0.51 0.061875 0.0375
0 0.499375 0.695625 0.371875 0.42125
0 0.99125 0.5325 0.015625 0.0275
0 0.43375 0.495 0.0125 0.0075
0 0.1525 0.699375 0.305 0.38875
0 0.92625 0.526875 0.121875 0.05875
1 0.633125 0.565625 0.019375 0.06875
1 0.878125 0.55125 0.02625 0.09
1 0.965625 0.5 0.00625 0.0275
1 0.54125 0.480625 0.01125 0.01375
1 0.339375 0.581875 0.0225 0.08875
1 0.365 0.49875 0.00375 0.0175
1 0.963125 0.499375 0.00875 0.02875
1 0.72875 0.55 0.036875 0.155
1 0.656875 0.54625 0.043125 0.145
1 0.33625 0.5 0.00375 0.0225
1 0.341875 0.539375 0.04 0.13375
1 0.605 0.501875 0.0075 0.03375