0 0.2421875 0.5359375 0.01640625 0.04140625
2 0.3171875 0.48828125 0.13984375 0.15859375
0 0.18046875 0.5109375 0.028125 0.02265625
2 0.22265625 0.509375 0.0546875 0.02890625
2 0.50703125 0.53359375 0.146875 0.21484375
2 0.37734375 0.5359375 0.115625 0.10859375
0 0.0953125 0.59140625 0.190625 0.17265625
0 0.01796875 0.5171875 0.0359375 0.02890625
0 0.15625 0.509375 0.05390625 0.0140625
0 0.15703125 0.5171875 0.053125 0.0265625
1 0.1890625 0.521875 0.00546875 0.02890625
1 0.09375 0.49453125 0.01015625 0.01875
1 0.59375 0.5109375 0.0046875 0.03984375
1 0.1625 0.503125 0.0109375 0.02890625
1 0.19375 0.521875 0.0046875 0.02890625