0 0.584375 0.50703125 0.0125 0.00859375
2 0.503125 0.5578125 0.13828125 0.17734375
2 0.42265625 0.49921875 0.0390625 0.05390625
2 0.5875 0.50234375 0.0125 0.0078125
0 0.67578125 0.53515625 0.115625 0.0578125
0 0.40703125 0.5171875 0.03125 0.0265625
0 0.575 0.5109375 0.00546875 0.00625
0 0.69375 0.50703125 0.01328125 0.00625
2 0.8875 0.48359375 0.21171875 0.1125
2 0.609375 0.5046875 0.01953125 0.00625
1 0.3734375 0.515625 0.00546875 0.03125
1 0.57578125 0.51640625 0.0125 0.04765625
1 0.6234375 0.5046875 0.00546875 0.0109375