2 0.630625 0.56625 0.171875 0.2125
0 0.5275 0.523125 0.0425 0.05375
0 0.4925 0.54375 0.053125 0.0725
0 0.42125 0.56875 0.130625 0.1175
1 0.749375 0.534375 0.021875 0.10875
1 0.390625 0.511875 0.0125 0.04625
1 0.4675 0.503125 0.01 0.02125
1 0.495625 0.500625 0.005625 0.01125
1 0.20125 0.540625 0.0275 0.11875
1 0.844375 0.546875 0.0375 0.15125
1 0.86375 0.59 0.028125 0.105
1 0.505625 0.5025 0.005625 0.015
1 0.949375 0.605625 0.09875 0.33875
1 0.90125 0.556875 0.031875 0.18625
1 0.769375 0.530625 0.024375 0.09375
1 0.868125 0.813125 0.075 0.31875