2 0.630625 0.5625 0.171875 0.205
0 0.5275 0.523125 0.0425 0.05375
0 0.4925 0.54375 0.053125 0.0725
0 0.42125 0.56875 0.130625 0.1175
1 0.82875 0.544375 0.036875 0.14125
1 0.35875 0.52375 0.013125 0.075
1 0.45375 0.501875 0.01 0.01875
1 0.5025 0.5025 0.005625 0.015
1 0.060625 0.549375 0.056875 0.16125
1 0.901875 0.558125 0.044375 0.18875
1 0.933125 0.635625 0.00375 0.06625
1 0.68625 0.665625 0.1225 0.43375
1 0.93375 0.59625 0.07125 0.2925
1 0.744375 0.525625 0.0175 0.07625
1 0.509375 0.804375 0.10625 0.30375