2 0.630625 0.56625 0.171875 0.2125
0 0.5275 0.523125 0.0425 0.05375
0 0.4925 0.54375 0.053125 0.0725
0 0.42125 0.56875 0.130625 0.1175
1 0.803125 0.541875 0.02375 0.12875
1 0.3675 0.523125 0.01375 0.07125
1 0.4575 0.5025 0.0075 0.02
1 0.50125 0.501875 0.005625 0.01375
1 0.10125 0.54625 0.0425 0.1475
1 0.889375 0.554375 0.044375 0.17625
1 0.91625 0.6025 0.03375 0.12
1 0.513125 0.500625 0.00375 0.01125
1 0.76625 0.651875 0.125 0.40125
1 0.9325 0.583125 0.06375 0.26375
1 0.745 0.515 0.00625 0.015
1 0.6075 0.808125 0.10625 0.31125