0 0.475 0.5075 0.01375 0.015
0 0.869375 0.5175 0.04 0.0275
2 0.32125 0.489375 0.15625 0.11125
0 0.444375 0.50625 0.021875 0.0125
0 0.99625 0.51875 0.005625 0.0325
0 0.599375 0.526875 0.071875 0.04875
0 0.476875 0.50625 0.00875 0.015
0 0.791875 0.515 0.07125 0.0325
0 0.40375 0.51 0.0075 0.02
2 0.515 0.505 0.05 0.0425
1 0.61375 0.49875 0.00375 0.0125
1 0.00375 0.5225 0.006875 0.0625
1 0.9075 0.52625 0.02875 0.1
1 0.58375 0.498125 0.005 0.00875
1 0.59125 0.4975 0.005 0.0075
1 0.830625 0.516875 0.006875 0.06125
1 0.0775 0.508125 0.00625 0.03125
1 0.711875 0.5075 0.005625 0.03
1 0.83375 0.519375 0.015625 0.06875
1 0.6225 0.505 0.00625 0.02
1 0.70125 0.516875 0.01625 0.06375
1 0.618125 0.5025 0.009375 0.0175
1 0.74875 0.511875 0.005 0.01875
1 0.8025 0.54125 0.03625 0.1475
1 0.208125 0.508125 0.006875 0.03125
1 0.576875 0.5 0.005625 0.0125