0 0.041875 0.513125 0.03375 0.02875
0 0.023125 0.53875 0.04625 0.065
0 0.06375 0.524375 0.05 0.04125
2 0.80875 0.690625 0.380625 0.56125
0 0.02375 0.504375 0.009375 0.00625
0 0.1725 0.509375 0.030625 0.01625
2 0.07625 0.50625 0.038125 0.0425
2 0.11125 0.505625 0.030625 0.03125
0 0.62375 0.568125 0.00375 0.03625
1 0.331875 0.51375 0.01 0.0425
1 0.42875 0.511875 0.0075 0.03875
1 0.618125 0.515 0.005 0.035
1 0.339375 0.525625 0.006875 0.03375
1 0.2325 0.511875 0.0075 0.03625
1 0.20375 0.509375 0.0075 0.02875
1 0.55125 0.525625 0.0075 0.03375
1 0.19 0.509375 0.00625 0.02875
1 0.1975 0.508125 0.00875 0.02625
1 0.16 0.5075 0.00375 0.0225
1 0.1725 0.508125 0.00625 0.02625
1 0.27125 0.519375 0.00625 0.02625