0 0.805625 0.494375 0.0075 0.01625
0 0.8525 0.491875 0.005 0.01125
0 0.841875 0.498125 0.00375 0.01875
2 0.09875 0.545 0.1975 0.1875
2 0.7475 0.4875 0.01375 0.0125
2 0.95625 0.479375 0.0425 0.05125
0 0.9175 0.4925 0.011875 0.015
0 0.933125 0.49875 0.02875 0.0225
0 0.680625 0.51625 0.068125 0.0625
0 0.766875 0.52125 0.06 0.0675
0 0.794375 0.496875 0.02125 0.02375
0 0.82375 0.49625 0.03375 0.0375
0 0.843125 0.494375 0.01 0.01875
0 0.849375 0.493125 0.005625 0.01375
1 0.335625 0.50375 0.01 0.045
1 0.73625 0.491875 0.005625 0.02125
1 0.705625 0.486875 0.005625 0.00875
1 0.544375 0.5 0.01 0.0425
1 0.29375 0.511875 0.00625 0.03125
1 0.175625 0.49 0.00625 0.01
1 0.6475 0.49625 0.00625 0.0325
1 0.21875 0.5 0.0075 0.035
1 0.74625 0.490625 0.005 0.01625
1 0.63125 0.495625 0.00625 0.02875
1 0.98875 0.4875 0.005 0.0125
1 0.48875 0.513125 0.00875 0.03375
1 0.58625 0.499375 0.009375 0.04125
1 0.610625 0.499375 0.011875 0.04375
1 0.236875 0.5 0.00875 0.035
1 0.694375 0.485625 0.005625 0.00875
1 0.655 0.493125 0.00875 0.02875
1 0.574375 0.5025 0.013125 0.0525
1 0.18375 0.491875 0.005 0.01375
1 0.200625 0.509375 0.0075 0.02625