2 0.16375 0.585625 0.3275 0.44625
0 0.73 0.50125 0.050625 0.04
0 0.46125 0.51375 0.01625 0.0225
0 0.5 0.594375 0.146875 0.17375
2 0.531875 0.504375 0.009375 0.01125
0 0.645625 0.51375 0.055625 0.015
2 0.49875 0.500625 0.056875 0.03375
0 0.46375 0.513125 0.0125 0.01875
1 0.4075 0.5075 0.00625 0.0225
1 0.59375 0.52 0.009375 0.0625
1 0.415 0.52125 0.015625 0.0525
1 0.818125 0.508125 0.0075 0.02625
1 0.403125 0.510625 0.005 0.02875
1 0.53875 0.510625 0.005625 0.02875
1 0.39625 0.513125 0.00625 0.03625
1 0.5975 0.53375 0.00625 0.04
1 0.5575 0.516875 0.0075 0.04875
1 0.56625 0.51625 0.00875 0.05
1 0.366875 0.520625 0.018125 0.05875