0 0.755625 0.505 0.009375 0.0075
2 0.33 0.5325 0.155625 0.175
0 0.609375 0.505625 0.01125 0.01375
0 0.453125 0.51125 0.02625 0.035
0 0.4975 0.51375 0.019375 0.0225
2 0.485 0.501875 0.006875 0.01125
2 0.496875 0.5025 0.0175 0.015
0 0.480625 0.505625 0.00625 0.00875
0 0.419375 0.535 0.025 0.0525
2 0.838125 0.493125 0.0475 0.03625
1 0.909375 0.640625 0.1675 0.42375
1 0.5675 0.514375 0.0075 0.04375
1 0.550625 0.511875 0.00875 0.03125
1 0.9825 0.505 0.00625 0.0225
1 0.9775 0.50625 0.00625 0.02
1 0.409375 0.50125 0.005 0.0125
1 0.54 0.510625 0.00625 0.03125
1 0.58875 0.518125 0.015 0.05875