0 0.758125 0.505 0.015 0.0075
2 0.356875 0.526875 0.1225 0.14625
0 0.609375 0.505625 0.01125 0.01375
0 0.454375 0.510625 0.025625 0.03375
0 0.496875 0.515 0.021875 0.0225
2 0.485 0.501875 0.006875 0.01125
2 0.496875 0.501875 0.015625 0.01375
0 0.480625 0.505625 0.00625 0.00875
0 0.42625 0.5325 0.01875 0.0475
2 0.845 0.493125 0.03375 0.03625
1 0.825 0.61875 0.11375 0.365
1 0.5675 0.514375 0.0075 0.04125
1 0.54625 0.51125 0.00375 0.0325
1 0.439375 0.506875 0.00375 0.01875
1 0.54 0.510625 0.00625 0.03125
1 0.591875 0.51875 0.013125 0.0575