0 0.268125 0.530625 0.080625 0.05375
0 0.175 0.513125 0.0175 0.01625
0 0.28125 0.505625 0.03 0.00625
0 0.228125 0.51375 0.04875 0.0225
0 0.475625 0.51 0.015 0.0175
2 0.119375 0.64375 0.23875 0.4575
0 0.38375 0.54 0.0925 0.095
0 0.49875 0.5075 0.006875 0.0075
0 0.4825 0.50875 0.005 0.0125
2 0.145 0.503125 0.03625 0.02125
0 0.169375 0.5125 0.024375 0.025
1 0.7575 0.5325 0.030625 0.115
1 0.58125 0.509375 0.005 0.02625
1 0.56625 0.509375 0.00625 0.03125
1 0.148125 0.493125 0.005625 0.00875
1 0.189375 0.51 0.011875 0.0425
1 0.59375 0.51125 0.005 0.04
1 0.163125 0.501875 0.006875 0.02625
1 0.19625 0.511875 0.0075 0.04625