0 0.461875 0.511875 0.0125 0.03125
0 0.330625 0.516875 0.053125 0.04375
0 0.469375 0.505625 0.011875 0.01125
2 0.1675 0.709375 0.335 0.57875
0 0.446875 0.51625 0.0325 0.0425
0 0.4275 0.505 0.01 0.0075
0 0.411875 0.505625 0.015 0.00625
0 0.486875 0.5125 0.01375 0.0275
1 0.34625 0.533125 0.0225 0.08625
1 0.535 0.51125 0.005625 0.0275
1 0.300625 0.49375 0.006875 0.01
1 0.669375 0.52125 0.0175 0.075
1 0.56 0.506875 0.00375 0.01875
1 0.391875 0.505625 0.00375 0.01875
1 0.530625 0.51 0.00375 0.025
1 0.425625 0.51125 0.00875 0.0275
1 0.61375 0.5125 0.00875 0.0375
1 0.318125 0.504375 0.011875 0.02875