0 0.500625 0.505 0.01 0.0075
0 0.468125 0.5075 0.01 0.0125
0 0.529375 0.501875 0.006875 0.00625
0 0.38875 0.510625 0.024375 0.03375
0 0.42375 0.515625 0.0275 0.02875
0 0.9275 0.51 0.14375 0.0875
0 0.44875 0.508125 0.00375 0.00875
0 0.44375 0.513125 0.01375 0.02125
2 0.1825 0.52 0.16125 0.125
0 0.9425 0.536875 0.113125 0.06375
0 0.491875 0.505625 0.006875 0.00875
1 0.040625 0.534375 0.015625 0.04125
1 0.52125 0.516875 0.015 0.04375
1 0.53875 0.51625 0.009375 0.04
1 0.66 0.5125 0.015 0.0425
1 0.281875 0.69125 0.13625 0.52
1 0.56125 0.5075 0.005625 0.025
1 0.638125 0.5225 0.005 0.0275
1 0.271875 0.5025 0.00625 0.015
1 0.709375 0.538125 0.0075 0.03875
1 0.5975 0.51125 0.0075 0.035
1 0.649375 0.511875 0.005625 0.03875
1 0.63625 0.513125 0.006875 0.04375
1 0.80875 0.513125 0.015625 0.04375
1 0.375 0.516875 0.009375 0.04125
1 0.510625 0.51625 0.006875 0.0425
1 0.7325 0.525 0.01375 0.0675
1 0.644375 0.513125 0.009375 0.04875
1 0.790625 0.514375 0.009375 0.04875
1 0.609375 0.509375 0.00625 0.02875