0 0.484375 0.505 0.009375 0.0075
0 0.46 0.50875 0.013125 0.015
0 0.506875 0.504375 0.011875 0.00625
0 0.385 0.51 0.01625 0.0325
0 0.424375 0.515625 0.02625 0.02875
0 0.9275 0.51 0.14375 0.0875
0 0.44375 0.513125 0.01375 0.02125
2 0.060625 0.52375 0.12125 0.1875
0 0.9425 0.53375 0.113125 0.0575
0 0.481875 0.505 0.01 0.0075
1 0.585 0.513125 0.00625 0.04375
1 0.609375 0.513125 0.0125 0.04125
1 0.695625 0.511875 0.005625 0.03875
1 0.948125 0.686875 0.1025 0.50375
1 0.594375 0.5225 0.005625 0.0275
1 0.245 0.51 0.006875 0.0325
1 0.741875 0.545 0.011875 0.045
1 0.608125 0.51 0.006875 0.0325
1 0.63 0.510625 0.005625 0.03375
1 0.711875 0.513125 0.011875 0.04375
1 0.513125 0.6875 0.0925 0.49
1 0.07375 0.71125 0.1475 0.575
1 0.30875 0.516875 0.011875 0.04125
1 0.149375 0.50875 0.015625 0.0375
1 0.57125 0.5125 0.006875 0.04
1 0.8025 0.53375 0.02125 0.0875
1 0.690625 0.521875 0.0125 0.05375
1 0.9175 0.546875 0.0375 0.12375
1 0.865 0.503125 0.009375 0.02375
1 0.59875 0.505 0.005625 0.02