0 0.491875 0.505 0.005625 0.0075
0 0.465 0.508125 0.01125 0.01375
0 0.38875 0.510625 0.024375 0.03375
0 0.42375 0.515625 0.0275 0.02875
0 0.9275 0.51 0.14375 0.0875
0 0.44375 0.513125 0.01375 0.02125
2 0.098125 0.526875 0.19625 0.17125
0 0.9425 0.536875 0.113125 0.06375
0 0.496875 0.505 0.0075 0.0075
0 0.510625 0.504375 0.011875 0.00625
1 0.54625 0.5175 0.009375 0.0425
1 0.560625 0.51625 0.006875 0.04
1 0.681875 0.513125 0.01375 0.04125
1 0.52125 0.688125 0.1275 0.50375
1 0.566875 0.5075 0.005625 0.025
1 0.263125 0.50875 0.0075 0.03
1 0.718125 0.539375 0.01 0.04125
1 0.609375 0.51125 0.009375 0.035
1 0.6425 0.511875 0.00875 0.03625
1 0.663125 0.513125 0.01375 0.04375
1 0.836875 0.513125 0.01125 0.04375
1 0.07125 0.694375 0.138125 0.50875
1 0.35125 0.516875 0.00625 0.04375
1 0.535625 0.51625 0.00375 0.02
1 0.75125 0.5275 0.01625 0.0725
1 0.663125 0.515 0.01375 0.05
1 0.8175 0.515 0.0175 0.0475
1 0.604375 0.50875 0.00375 0.0275