0 0.499375 0.504375 0.005625 0.00625
0 0.466875 0.5075 0.01 0.0125
0 0.5325 0.5025 0.01375 0.0075
0 0.386875 0.51 0.02125 0.0325
0 0.431875 0.5175 0.011875 0.025
0 0.9275 0.51 0.14375 0.0875
0 0.44375 0.513125 0.01375 0.02125
2 0.125625 0.524375 0.21125 0.14875
0 0.9425 0.536875 0.113125 0.06375
0 0.49375 0.505 0.0075 0.0075
0 0.5175 0.504375 0.00875 0.00625
1 0.025625 0.535 0.00625 0.0425
1 0.534375 0.5175 0.0125 0.0425
1 0.54875 0.51625 0.00875 0.04
1 0.67 0.513125 0.015 0.04125
1 0.3975 0.683125 0.12875 0.49375
1 0.563125 0.508125 0.00375 0.02375
1 0.63 0.5225 0.005 0.0275
1 0.26875 0.50875 0.00625 0.03
1 0.714375 0.53875 0.01 0.04
1 0.601875 0.51125 0.006875 0.035
1 0.645625 0.511875 0.005625 0.03875
1 0.649375 0.513125 0.01 0.04375
1 0.8225 0.513125 0.0125 0.04375
1 0.3625 0.51625 0.00625 0.0425
1 0.575625 0.505625 0.00375 0.01875
1 0.523125 0.516875 0.00875 0.04125
1 0.744375 0.526875 0.02125 0.07125
1 0.65375 0.514375 0.01 0.04875
1 0.805625 0.514375 0.015625 0.04875
1 0.6075 0.509375 0.005 0.02875