2 0.500625 0.5675 0.385 0.56
0 0.69 0.495625 0.02125 0.04875
0 0.713125 0.588125 0.0675 0.13625
0 0.021875 0.521875 0.04375 0.04375
1 0.235 0.521875 0.006875 0.02125
1 0.2775 0.5125 0.006875 0.0325
1 0.315 0.501875 0.005 0.01375
1 0.21125 0.50875 0.005 0.03
1 0.141875 0.509375 0.005625 0.02875
1 0.068125 0.504375 0.00375 0.00875
1 0.195 0.51875 0.013125 0.0475
1 0.06375 0.523125 0.01625 0.06125
1 0.154375 0.51875 0.011875 0.05
1 0.03125 0.524375 0.01875 0.08125
1 0.01 0.520625 0.019375 0.06875
1 0.22375 0.51375 0.01 0.0375
1 0.169375 0.52125 0.0125 0.0525
1 0.101875 0.545 0.019375 0.0625