0 0.159375 0.521875 0.009375 0.01125
2 0.500625 0.526875 0.12875 0.19625
0 0.575 0.51625 0.021875 0.055
0 0.590625 0.5425 0.03875 0.06
0 0.174375 0.51625 0.03875 0.03
1 0.26625 0.515 0.00875 0.035
1 0.19875 0.5175 0.013125 0.0475
1 0.205 0.509375 0.00375 0.02125
1 0.4225 0.510625 0.00625 0.01875
1 0.231875 0.515625 0.0075 0.04375
1 0.61125 0.514375 0.0075 0.03625
1 0.258125 0.514375 0.00875 0.03875
1 0.40875 0.508125 0.00375 0.01875
1 0.3125 0.51875 0.015625 0.0425
1 0.888125 0.5575 0.019375 0.0625
1 0.32 0.52 0.005625 0.045
1 0.3825 0.519375 0.00625 0.04375
1 0.939375 0.539375 0.025625 0.12375
1 0.331875 0.509375 0.00625 0.01125
1 0.60375 0.509375 0.005 0.02125
1 0.2825 0.514375 0.011875 0.04125
1 0.224375 0.52875 0.01 0.0375
1 0.79125 0.541875 0.005 0.04375
1 0.22 0.509375 0.00375 0.02125