2 0.501875 0.513125 0.10875 0.16875
0 0.57 0.504375 0.02875 0.05125
0 0.588125 0.529375 0.036875 0.05625
0 0.198125 0.505 0.025625 0.0275
1 0.2875 0.5025 0.005 0.0325
1 0.2275 0.505 0.01125 0.0425
1 0.421875 0.496875 0.00625 0.01875
1 0.2625 0.50375 0.0075 0.04
1 0.60375 0.49875 0.0075 0.0275
1 0.27875 0.5025 0.00875 0.0375
1 0.414375 0.496875 0.00375 0.01875
1 0.32625 0.500625 0.00625 0.02375
1 0.33875 0.508125 0.011875 0.04125
1 0.84125 0.539375 0.015 0.05375
1 0.346875 0.506875 0.00625 0.04125
1 0.405 0.50625 0.005 0.04
1 0.885625 0.5225 0.0225 0.1075
1 0.30625 0.503125 0.00625 0.03875
1 0.24375 0.515625 0.01125 0.03375
1 0.76 0.526875 0.005625 0.03875