0 0.45375 0.506875 0.0125 0.01375
0 0.461875 0.505 0.00625 0.01
0 0.545625 0.52875 0.0975 0.05
0 0.76375 0.530625 0.118125 0.05375
0 0.471875 0.508125 0.009375 0.01375
0 0.37125 0.52375 0.038125 0.0425
0 0.91375 0.52875 0.14875 0.08
2 0.258125 0.521875 0.1475 0.13625
2 0.08375 0.521875 0.1675 0.08125
0 0.4925 0.50875 0.0125 0.0125
0 0.47 0.50875 0.011875 0.015
2 0.368125 0.494375 0.01 0.01875
0 0.491875 0.50625 0.011875 0.0125
1 0.51625 0.50625 0.00375 0.02
1 0.085625 0.584375 0.0775 0.23125
1 0.5275 0.503125 0.00625 0.01875
1 0.193125 0.515625 0.01 0.05375
1 0.343125 0.508125 0.005 0.02625
1 0.63875 0.538125 0.009375 0.04125
1 0.575625 0.499375 0.0075 0.02125
1 0.980625 0.503125 0.011875 0.02625
1 0.15 0.63375 0.03625 0.14