0 0.44 0.509375 0.018125 0.01875
0 0.450625 0.506875 0.00875 0.01375
0 0.505625 0.52625 0.0675 0.045
0 0.76375 0.530625 0.118125 0.05375
0 0.471875 0.508125 0.009375 0.01375
0 0.594375 0.544375 0.11625 0.07875
0 0.91375 0.52875 0.14875 0.08
2 0.16625 0.53125 0.238125 0.1925
0 0.456875 0.504375 0.00625 0.00625
0 0.49125 0.50625 0.00875 0.0075
0 0.47 0.50875 0.011875 0.015
0 0.49125 0.505 0.01 0.01
1 0.51375 0.499375 0.00375 0.00625
1 0.5425 0.514375 0.00375 0.01625
1 0.350625 0.585 0.07375 0.225
1 0.56875 0.49625 0.005 0.015
1 0.328125 0.509375 0.00625 0.02875
1 0.625 0.521875 0.00625 0.00875
1 0.58375 0.49625 0.005625 0.015
1 0.010625 0.57125 0.02125 0.0925
1 0.40625 0.63625 0.0325 0.1475