0 0.4925 0.5175 0.02125 0.0225
0 0.500625 0.506875 0.00375 0.00625
2 0.906875 0.54125 0.184375 0.1175
2 0.35125 0.484375 0.018125 0.00625
0 0.443125 0.5225 0.03125 0.035
0 0.506875 0.509375 0.009375 0.00875
1 0.526875 0.51125 0.005625 0.025
1 0.555625 0.51375 0.0075 0.0325
1 0.55125 0.513125 0.00375 0.03125
1 0.61125 0.518125 0.011875 0.04375
1 0.82375 0.51 0.00375 0.0125
1 0.84 0.505625 0.00375 0.00625
1 0.6375 0.520625 0.01125 0.04625
1 0.555 0.52 0.005 0.0225
1 0.54625 0.521875 0.00375 0.01875