0 0.455625 0.515 0.02125 0.0225
2 0.90125 0.5375 0.19625 0.13
2 0.37875 0.4925 0.0325 0.025
0 0.381875 0.528125 0.049375 0.05125
0 0.4675 0.505625 0.0075 0.00875
1 0.491875 0.50875 0.005625 0.025
1 0.52625 0.510625 0.006875 0.03875
1 0.520625 0.51 0.005625 0.035
1 0.611875 0.516875 0.013125 0.04875
1 0.755 0.5175 0.015 0.0575
1 0.79875 0.50625 0.005 0.0175
1 0.815 0.503125 0.00375 0.01375
1 0.4975 0.50375 0.005625 0.0175
1 0.52125 0.51875 0.005625 0.025
1 0.49875 0.508125 0.005 0.02625
1 0.51125 0.519375 0.00375 0.02125