0 0.02875 0.511875 0.0425 0.01875
0 0.70875 0.526875 0.08875 0.04375
0 0.505625 0.505 0.005 0.0075
2 0.354375 0.49125 0.168125 0.115
0 0.48 0.505625 0.00625 0.00625
0 0.035625 0.535 0.055625 0.06
0 0.759375 0.5225 0.0575 0.04
0 0.544375 0.511875 0.031875 0.01875
0 0.499375 0.698125 0.288125 0.37125
0 0.46625 0.508125 0.005 0.01125
0 0.500625 0.506875 0.005 0.01125
1 0.218125 0.52125 0.00625 0.0225
1 0.5925 0.50875 0.005 0.0275
1 0.118125 0.540625 0.031875 0.10375
1 0.969375 0.511875 0.011875 0.03875