0 0.4375 0.525 0.034375 0.045
0 0.206875 0.538125 0.096875 0.06875
2 0.9025 0.520625 0.193125 0.12875
0 0.451875 0.52 0.025625 0.04
0 0.11375 0.55625 0.2175 0.135
1 0.376875 0.513125 0.00875 0.04375
1 0.384375 0.5125 0.00625 0.0425
1 0.2175 0.501875 0.01 0.02375
1 0.72625 0.56125 0.036875 0.2
1 0.395625 0.51125 0.005625 0.04
1 0.41625 0.509375 0.00625 0.03125
1 0.390625 0.5125 0.00625 0.025
1 0.38875 0.52625 0.01375 0.0675
1 0.56625 0.530625 0.009375 0.03625
1 0.23875 0.52875 0.015 0.0775
1 0.725625 0.610625 0.065625 0.28125
1 0.311875 0.514375 0.013125 0.05125
1 0.4025 0.511875 0.009375 0.04125
1 0.558125 0.51125 0.006875 0.04
1 0.89625 0.604375 0.069375 0.34875
1 0.35875 0.501875 0.00375 0.01625
1 0.57 0.5225 0.005 0.03
1 0.363125 0.52375 0.02375 0.0625
1 0.321875 0.520625 0.02 0.06875