0 0.43625 0.52625 0.034375 0.045
2 0.6375 0.52 0.16875 0.1275
0 0.450625 0.520625 0.02625 0.04125
0 0.188125 0.585625 0.21 0.20125
1 0.380625 0.511875 0.005625 0.04375
1 0.936875 0.5225 0.02625 0.07
1 0.406875 0.510625 0.0075 0.03625
1 0.31 0.588125 0.061875 0.24125
1 0.3875 0.5125 0.0075 0.045
1 0.43 0.499375 0.005625 0.00875
1 0.41125 0.510625 0.005 0.03375
1 0.874375 0.553125 0.05375 0.14625
1 0.463125 0.538125 0.00625 0.03875
1 0.3675 0.51375 0.0075 0.0475
1 0.128125 0.495 0.009375 0.015
1 0.01125 0.6375 0.0225 0.2475
1 0.32875 0.51375 0.009375 0.0425
1 0.116875 0.503125 0.015 0.02625
1 0.205625 0.604375 0.08375 0.29125
1 0.3425 0.511875 0.00875 0.03875
1 0.36 0.504375 0.00875 0.02375
1 0.545 0.52625 0.01375 0.065
1 0.508125 0.525625 0.02125 0.06375