0 0.44 0.5275 0.0325 0.0425
0 0.2275 0.539375 0.088125 0.06375
2 0.881875 0.523125 0.1925 0.11875
0 0.45375 0.523125 0.025 0.03875
0 0.145 0.55375 0.19375 0.1175
1 0.38 0.51625 0.01 0.04
1 0.386875 0.51625 0.0075 0.0425
1 0.23125 0.504375 0.0125 0.02125
1 0.743125 0.566875 0.038125 0.14875
1 0.399375 0.51625 0.00625 0.035
1 0.416875 0.513125 0.005625 0.03125
1 0.391875 0.516875 0.005625 0.03875
1 0.4125 0.528125 0.0125 0.06375
1 0.5725 0.5325 0.00625 0.035
1 0.005625 0.64625 0.01125 0.035
1 0.393125 0.515 0.00375 0.04
1 0.24875 0.50875 0.0125 0.03
1 0.745 0.576875 0.061875 0.23875
1 0.328125 0.519375 0.01125 0.05375
1 0.399375 0.515 0.01 0.04
1 0.555625 0.514375 0.006875 0.03875
1 0.861875 0.5925 0.07875 0.3125
1 0.36875 0.506875 0.00625 0.01875
1 0.56625 0.524375 0.00625 0.02875
1 0.353125 0.52125 0.021875 0.06
1 0.311875 0.523125 0.013125 0.06625