0 0.44375 0.52625 0.01875 0.045
0 0.055625 0.541875 0.11125 0.07375
2 0.765 0.521875 0.1975 0.13125
0 0.450625 0.520625 0.02625 0.04125
0 0.188125 0.585625 0.21125 0.20125
1 0.38375 0.511875 0.00875 0.04375
1 0.399375 0.51125 0.009375 0.04
1 0.22875 0.49875 0.0075 0.02
1 0.509375 0.583125 0.0625 0.21125
1 0.38875 0.51125 0.005625 0.04
1 0.39125 0.511875 0.00375 0.04125
1 0.40375 0.510625 0.005625 0.03375
1 0.32125 0.52125 0.015 0.07
1 0.530625 0.5375 0.005 0.0375
1 0.3825 0.5125 0.005 0.0425
1 0.240625 0.51 0.015625 0.0425
1 0.42 0.60375 0.090625 0.28
1 0.32 0.5175 0.011875 0.0425
1 0.406875 0.51125 0.005625 0.0375
1 0.565 0.60625 0.069375 0.2925
1 0.350625 0.510625 0.0075 0.03375
1 0.379375 0.510625 0.00375 0.03375
1 0.4325 0.4975 0.005625 0.0125
1 0.398125 0.526875 0.013125 0.06625