2 0.505 0.52625 0.118125 0.1725
0 0.38375 0.551875 0.09 0.06875
0 0.584375 0.508125 0.01375 0.01125
2 0.586875 0.500625 0.009375 0.01125
0 0.398125 0.505625 0.019375 0.01625
0 0.568125 0.50875 0.006875 0.01
0 0.418125 0.505625 0.015 0.00625
0 0.215625 0.52375 0.03875 0.0425
2 0.27375 0.51375 0.08875 0.075
0 0.34625 0.510625 0.035 0.02875
0 0.374375 0.51125 0.02875 0.015
0 0.435625 0.52375 0.0225 0.0375
0 0.07125 0.7675 0.1425 0.3125
2 0.4325 0.503125 0.0125 0.00875
1 0.125 0.511875 0.01125 0.04625
1 0.575 0.50875 0.005 0.0275
1 0.6425 0.51125 0.006875 0.04