0 0.56125 0.5075 0.025 0.015
0 0.53 0.510625 0.03 0.01625
0 0.836875 0.518125 0.0625 0.03125
0 0.92625 0.51 0.07375 0.0225
2 0.19 0.5925 0.38 0.285
0 0.7725 0.518125 0.0425 0.03125
0 0.731875 0.52 0.071875 0.035
0 0.8275 0.515625 0.0525 0.03125
0 0.68625 0.516875 0.0525 0.03375
0 0.413125 0.51125 0.025625 0.0225
0 0.4325 0.515 0.025 0.02
1 0.9975 0.513125 0.00375 0.02125
1 0.645 0.51625 0.00625 0.04
1 0.380625 0.506875 0.00375 0.02125
1 0.65125 0.51625 0.00875 0.0425
1 0.659375 0.5175 0.00625 0.045