0 0.3775 0.550625 0.081875 0.08625
0 0.431875 0.511875 0.04875 0.07875
2 0.035625 0.595 0.07125 0.235
0 0.406875 0.504375 0.011875 0.01125
0 0.18875 0.501875 0.0175 0.00625
0 0.471875 0.51125 0.01375 0.0175
0 0.531875 0.515625 0.02375 0.03125
1 0.621875 0.541875 0.03 0.11125
1 0.655625 0.540625 0.031875 0.10375
1 0.379375 0.501875 0.00375 0.00875
1 0.1725 0.515 0.015625 0.05
1 0.19375 0.51 0.009375 0.0325
1 0.338125 0.503125 0.00375 0.01125
1 0.336875 0.54875 0.0325 0.1225
1 0.6675 0.515625 0.009375 0.05125
1 0.475625 0.511875 0.00375 0.02875