2 0.50125 0.54125 0.275 0.37
0 0.005 0.51125 0.009375 0.0125
0 0.29375 0.520625 0.05125 0.03375
1 0.98375 0.594375 0.03125 0.31625
1 0.324375 0.51875 0.01375 0.0575
1 0.366875 0.516875 0.011875 0.05375
1 0.29625 0.521875 0.0175 0.07125
1 0.70875 0.579375 0.01875 0.08875
1 0.071875 0.583125 0.028125 0.10375
1 0.29125 0.51625 0.006875 0.045
1 0.73875 0.5525 0.04125 0.18
1 0.921875 0.655 0.05625 0.185
1 0.015 0.504375 0.0125 0.02375
1 0.155 0.543125 0.040625 0.14125
1 0.094375 0.50625 0.006875 0.025
1 0.719375 0.549375 0.02625 0.16625
1 0.26 0.540625 0.011875 0.05625