2 0.500625 0.5225 0.1375 0.2025
0 0.043125 0.50875 0.040625 0.0125
0 0.231875 0.50625 0.0425 0.01
1 0.764375 0.55125 0.035 0.1875
1 0.359375 0.511875 0.0125 0.04375
1 0.380625 0.513125 0.01 0.04875
1 0.32 0.516875 0.011875 0.06125
1 0.409375 0.514375 0.0125 0.03875
1 0.565625 0.513125 0.0075 0.04875
1 0.6425 0.5525 0.01125 0.0625
1 0.215 0.555625 0.01875 0.07125
1 0.573125 0.50125 0.006875 0.02
1 0.293125 0.503125 0.00375 0.02125
1 0.676875 0.534375 0.030625 0.12375
1 0.73 0.58125 0.019375 0.0925
1 0.06 0.50125 0.015 0.02
1 0.3025 0.52125 0.01625 0.08
1 0.125 0.501875 0.0075 0.01875
1 0.6525 0.534375 0.024375 0.11875
1 0.306875 0.535 0.01 0.035