0 0.45125 0.50875 0.015625 0.015
0 0.41625 0.503125 0.0325 0.02375
0 0.949375 0.511875 0.099375 0.08625
0 0.38375 0.50875 0.005625 0.0125
0 0.4675 0.513125 0.01875 0.02125
0 0.099375 0.52625 0.05 0.045
2 0.255 0.530625 0.2875 0.27375
1 0.730625 0.523125 0.013125 0.05875
1 0.445 0.50625 0.005 0.02
1 0.77375 0.5275 0.0225 0.075
1 0.6575 0.51625 0.0075 0.0425
1 0.719375 0.525625 0.013125 0.06375
1 0.06125 0.530625 0.006875 0.02875
1 0.824375 0.533125 0.021875 0.08375
1 0.435 0.50625 0.005625 0.02
1 0.640625 0.5125 0.00625 0.035
1 0.539375 0.508125 0.005625 0.01875
1 0.43625 0.50625 0.00375 0.02
1 0.784375 0.511875 0.01375 0.03875
1 0.744375 0.526875 0.013125 0.07125
1 0.584375 0.50875 0.005 0.025
1 0.69875 0.535 0.009375 0.04
1 0.639375 0.5125 0.006875 0.0425
1 0.5925 0.50875 0.005 0.025
1 0.02 0.521875 0.015625 0.05875