0 0.45375 0.5 0.0125 0.0125
0 0.326875 0.501875 0.015 0.00875
0 0.430625 0.495625 0.03125 0.02375
0 0.945 0.50375 0.1075 0.085
0 0.380625 0.5 0.028125 0.0125
0 0.46125 0.506875 0.0225 0.02625
2 0.136875 0.556875 0.27375 0.68625
0 0.336875 0.521875 0.099375 0.04875
1 0.748125 0.5175 0.013125 0.065
1 0.731875 0.5175 0.01375 0.0625
1 0.645 0.505625 0.0075 0.04125
1 0.7325 0.51875 0.01875 0.07
1 0.863125 0.529375 0.025 0.09375
1 0.669375 0.50375 0.01125 0.0375
1 0.81875 0.50375 0.0075 0.04
1 0.664375 0.52 0.00875 0.0325
1 0.75875 0.5225 0.015625 0.0775
1 0.59 0.500625 0.00375 0.02625
1 0.6875 0.52375 0.009375 0.0375
1 0.621875 0.504375 0.0075 0.03875
1 0.589375 0.4975 0.005625 0.02