2 0.13375 0.6325 0.2675 0.425
0 0.66625 0.516875 0.013125 0.01375
2 0.785 0.5125 0.015 0.0075
0 0.50125 0.53 0.06625 0.0475
0 0.70375 0.5275 0.02625 0.0275
0 0.661875 0.510625 0.01375 0.01125
0 0.695 0.51625 0.009375 0.01
0 0.783125 0.51875 0.018125 0.01
0 0.76 0.52125 0.0125 0.015
0 0.635625 0.54625 0.038125 0.055
0 0.52625 0.52375 0.03 0.03
0 0.34 0.534375 0.096875 0.05625
0 0.74 0.5325 0.040625 0.055
0 0.761875 0.51875 0.00875 0.0125
0 0.63625 0.514375 0.015 0.00875
1 0.26375 0.514375 0.015625 0.05625
1 0.45 0.51375 0.00625 0.035