0 0.565 0.50875 0.015625 0.0125
2 0.274375 0.484375 0.180625 0.18625
0 0.090625 0.549375 0.12375 0.08375
2 0.933125 0.508125 0.07875 0.03375
0 0.761875 0.51125 0.01375 0.0075
0 0.94 0.515625 0.050625 0.02625
0 0.743125 0.5225 0.075 0.035
0 0.876875 0.51125 0.02125 0.015
0 0.4225 0.51 0.01625 0.015
2 0.494375 0.525625 0.118125 0.16125
0 0.06375 0.59625 0.1275 0.165
0 0.758125 0.51 0.025625 0.0125
0 0.98125 0.525625 0.03625 0.02875
0 0.435 0.50375 0.0125 0.02
1 0.854375 0.518125 0.00875 0.06125
1 0.63625 0.508125 0.00375 0.02375
1 0.90625 0.5175 0.01375 0.06
1 0.17625 0.515625 0.01125 0.06125
1 0.824375 0.506875 0.00375 0.02125
1 0.944375 0.541875 0.025 0.16875
1 0.57125 0.508125 0.00375 0.02375
1 0.655 0.52375 0.018125 0.0875
1 0.93625 0.585625 0.01875 0.10625
1 0.555 0.5075 0.005 0.0225
1 0.8725 0.516875 0.00875 0.05625