0 0.46 0.51 0.0075 0.01
0 0.435625 0.510625 0.011875 0.00875
0 0.513125 0.510625 0.0075 0.00875
0 0.4975 0.51625 0.015 0.015
2 0.811875 0.555625 0.375 0.43375
0 0.379375 0.510625 0.031875 0.04125
0 0.516875 0.508125 0.005625 0.00875
1 0.235 0.51 0.005625 0.025
1 0.62375 0.511875 0.00375 0.02375
1 0.244375 0.51625 0.0075 0.04
1 0.613125 0.5125 0.005625 0.025
1 0.321875 0.511875 0.005 0.02625
1 0.608125 0.511875 0.005625 0.02375
1 0.098125 0.546875 0.005625 0.00625
1 0.593125 0.5075 0.005625 0.015
1 0.601875 0.513125 0.005625 0.02875
1 0.350625 0.510625 0.00375 0.01875