0 0.930625 0.5175 0.01375 0.015
0 0.92125 0.518125 0.025625 0.01625
0 0.951875 0.518125 0.030625 0.02375
0 0.895 0.514375 0.015 0.01375
2 0.22 0.499375 0.44 0.99875
0 0.8475 0.615625 0.27125 0.21125
0 0.771875 0.51375 0.04875 0.04
0 0.81375 0.51125 0.031875 0.0175
0 0.87375 0.523125 0.0475 0.03875
0 0.74625 0.524375 0.01125 0.02875
0 0.84875 0.5225 0.04875 0.0175
0 0.48 0.53125 0.08 0.065
0 0.906875 0.514375 0.009375 0.01125
0 0.930625 0.51125 0.011875 0.01
0 0.90125 0.514375 0.00375 0.01125
1 0.465 0.499375 0.00625 0.01625
1 0.715625 0.5125 0.00625 0.025
1 0.835 0.505625 0.00375 0.00875
1 0.68125 0.511875 0.00625 0.02875