0 0.5275 0.510625 0.01625 0.02125
0 0.439375 0.523125 0.036875 0.04125
0 0.414375 0.516875 0.024375 0.02875
0 0.455625 0.5075 0.02875 0.05
2 0.28625 0.490625 0.17125 0.12125
2 0.499375 0.505625 0.021875 0.03375
0 0.395 0.505625 0.03 0.01875
1 0.6725 0.51375 0.0125 0.0475
1 0.90375 0.53 0.03 0.085
1 0.261875 0.563125 0.036875 0.15875
1 0.6025 0.509375 0.00625 0.02875
1 0.541875 0.508125 0.005625 0.01875
1 0.9575 0.514375 0.01875 0.04625
1 0.11375 0.5225 0.005625 0.025
1 0.8375 0.5475 0.01125 0.0475
1 0.6175 0.52375 0.00875 0.0275
1 0.385625 0.505625 0.00375 0.01875
1 0.1925 0.58125 0.043125 0.1975