0 0.658125 0.506875 0.00375 0.00625
2 0.500625 0.429375 0.2975 0.55125
0 0.69125 0.508125 0.018125 0.01125
0 0.745625 0.508125 0.0225 0.01125
0 0.71125 0.508125 0.0125 0.01125
0 0.05125 0.506875 0.025625 0.01125
0 0.65875 0.529375 0.006875 0.03875
0 0.780625 0.50875 0.03125 0.01
0 0.81125 0.530625 0.08125 0.04125
1 0.6725 0.530625 0.02125 0.09125
1 0.81 0.541875 0.01125 0.04625
1 0.686875 0.56 0.013125 0.065
1 0.326875 0.525625 0.019375 0.07375
1 0.726875 0.529375 0.02125 0.08375
1 0.6925 0.509375 0.00875 0.03125
1 0.76 0.515 0.0075 0.0425