2 0.386875 0.481875 0.12875 0.20125
0 0.0225 0.55625 0.045 0.085
0 0.1275 0.51 0.009375 0.0075
0 0.115 0.51625 0.02 0.0175
0 0.2575 0.574375 0.109375 0.10125
0 0.155 0.506875 0.0225 0.01125
0 0.144375 0.51 0.005625 0.0075
0 0.155625 0.52375 0.035 0.0325
0 0.18 0.509375 0.0075 0.00875
0 0.18625 0.51 0.011875 0.01
1 0.005 0.5075 0.005 0.01
1 0.024375 0.510625 0.005 0.01625
1 0.319375 0.514375 0.00375 0.01625
1 0.5625 0.539375 0.0125 0.05875
1 0.71 0.54375 0.03375 0.15
1 0.013125 0.508125 0.006875 0.01375