2 0.499375 0.474375 0.10375 0.21375
2 0.08 0.51 0.0525 0.0375
0 0.44125 0.509375 0.011875 0.01625
0 0.399375 0.504375 0.02375 0.01125
0 0.368125 0.555625 0.103125 0.08125
2 0.10125 0.505625 0.0875 0.05125
0 0.338125 0.508125 0.06125 0.03625
0 0.39875 0.518125 0.0325 0.02875
0 0.161875 0.515 0.044375 0.0275
1 0.06 0.50875 0.0125 0.0425
1 0.18875 0.504375 0.005625 0.02125
1 0.643125 0.513125 0.011875 0.05625
1 0.371875 0.50375 0.005 0.02
1 0.439375 0.50625 0.00375 0.0225
1 0.261875 0.515625 0.005 0.01875
1 0.5825 0.50375 0.00375 0.025
1 0.269375 0.509375 0.006875 0.03125
1 0.694375 0.4975 0.00625 0.025
1 0.435625 0.506875 0.006875 0.02375
1 0.07625 0.506875 0.01625 0.04625
1 0.296875 0.508125 0.00625 0.02625
1 0.0125 0.505625 0.0075 0.02125
1 0.58 0.504375 0.00375 0.02375