0 0.499375 0.57625 0.113125 0.1375
2 0.06 0.69375 0.119375 0.4725
0 0.47125 0.511875 0.009375 0.01375
0 0.770625 0.515625 0.00875 0.02125
0 0.88875 0.50875 0.0425 0.0125
0 0.52625 0.505625 0.01625 0.00625
0 0.499375 0.503125 0.025625 0.00625
2 0.473125 0.5075 0.01625 0.02
1 0.64375 0.529375 0.02375 0.09125
1 0.786875 0.5625 0.049375 0.1775
1 0.66125 0.53625 0.019375 0.1125
1 0.438125 0.51 0.00375 0.0225
1 0.319375 0.529375 0.019375 0.07875
1 0.53125 0.513125 0.005 0.03125
1 0.43 0.51 0.005625 0.025
1 0.259375 0.55375 0.0125 0.0575
1 0.400625 0.515 0.0075 0.0325
1 0.283125 0.530625 0.019375 0.09625
1 0.97 0.508125 0.005625 0.01875
1 0.5575 0.5125 0.00625 0.0325
1 0.5625 0.52 0.005 0.0225
1 0.549375 0.514375 0.01 0.03875
1 0.56 0.5125 0.009375 0.0325
1 0.299375 0.541875 0.0125 0.05375
1 0.44125 0.515 0.01125 0.0325
1 0.3825 0.51375 0.006875 0.035