0 0.744375 0.506875 0.03375 0.01375
0 0.98625 0.545625 0.025625 0.07375
2 0.1675 0.43 0.335 0.86
0 0.915 0.50125 0.018125 0.0075
0 0.879375 0.50375 0.01625 0.01
0 0.364375 0.57875 0.065 0.1575
0 0.52875 0.5075 0.038125 0.0275
0 0.864375 0.504375 0.01625 0.00875
0 0.803125 0.501875 0.0375 0.01125
1 0.455625 0.5075 0.005 0.025
1 0.8675 0.50125 0.00625 0.015
1 0.843125 0.500625 0.01 0.01375
1 0.854375 0.510625 0.011875 0.03625
1 0.825 0.500625 0.005 0.01125
1 0.814375 0.50125 0.005625 0.0125
1 0.965 0.500625 0.00375 0.01125
1 0.80875 0.50125 0.005 0.0125