0 0.744375 0.506875 0.0325 0.01375
0 0.959375 0.551875 0.08 0.08625
2 0.1675 0.429375 0.335 0.85875
0 0.915 0.500625 0.018125 0.00625
0 0.8775 0.50375 0.02 0.01
0 0.3675 0.574375 0.06875 0.14875
0 0.52875 0.5075 0.038125 0.0275
0 0.863125 0.504375 0.018125 0.00875
0 0.77375 0.50125 0.03375 0.01
1 0.455625 0.5075 0.005625 0.025
1 0.874375 0.50125 0.005625 0.015
1 0.891875 0.499375 0.00375 0.00625
1 0.850625 0.500625 0.00625 0.01375
1 0.845 0.51 0.009375 0.035
1 0.82625 0.5 0.005 0.0125
1 0.81625 0.500625 0.006875 0.01125
1 0.96 0.503125 0.006875 0.01625