0 0.744375 0.505 0.031875 0.01
0 0.79 0.5675 0.21375 0.115
2 0.188125 0.44 0.375625 0.88
0 0.915 0.500625 0.018125 0.00625
0 0.8775 0.50375 0.02 0.01
0 0.410625 0.5425 0.069375 0.085
0 0.52875 0.5075 0.038125 0.0275
0 0.856875 0.504375 0.021875 0.00875
0 0.715 0.500625 0.024375 0.00625
1 0.451875 0.508125 0.005625 0.02625
1 0.96625 0.49875 0.006875 0.015
1 0.9025 0.501875 0.00625 0.01875
1 0.87125 0.50125 0.009375 0.015
1 0.818125 0.50625 0.0075 0.025
1 0.83875 0.500625 0.00375 0.01375
1 0.821875 0.500625 0.005 0.01125
1 0.936875 0.50625 0.0075 0.0225
1 0.835625 0.5025 0.00375 0.01