0 0.75125 0.505 0.031875 0.01
0 0.788125 0.5675 0.21375 0.115
2 0.238125 0.460625 0.399375 0.46625
0 0.925 0.500625 0.02 0.00875
0 0.87625 0.50375 0.01875 0.01
0 0.450625 0.530625 0.025625 0.06125
0 0.52875 0.5075 0.03875 0.0275
0 0.859375 0.504375 0.02625 0.00875
0 0.7175 0.500625 0.025625 0.00625
1 0.94 0.510625 0.0125 0.03625
1 0.928125 0.510625 0.0075 0.03625
1 0.89 0.501875 0.00875 0.01875
1 0.800625 0.503125 0.005625 0.01875
1 0.85375 0.500625 0.006875 0.01375
1 0.824375 0.5 0.00875 0.0125
1 0.918125 0.500625 0.005625 0.01125