0 0.744375 0.506875 0.0325 0.01375
0 0.918125 0.5625 0.1625 0.105
2 0.1675 0.43 0.335 0.86
0 0.915 0.500625 0.018125 0.00625
0 0.875 0.50375 0.015625 0.01
0 0.374375 0.563125 0.081875 0.12625
0 0.52875 0.5075 0.038125 0.0275
0 0.859375 0.504375 0.02625 0.00875
0 0.744375 0.500625 0.030625 0.00625
1 0.455 0.5075 0.005625 0.025
1 0.88 0.5025 0.0075 0.0175
1 0.854375 0.50125 0.00875 0.015
1 0.839375 0.51 0.011875 0.035
1 0.82875 0.5 0.005625 0.0125
1 0.818125 0.500625 0.00625 0.01125
1 0.953125 0.503125 0.005 0.01625
1 0.813125 0.500625 0.005625 0.01125