0 0.5025 0.503125 0.009375 0.00625
0 0.4725 0.508125 0.011875 0.01625
0 0.4925 0.523125 0.038125 0.03875
0 0.5025 0.508125 0.011875 0.01125
0 0.405 0.506875 0.01 0.01125
0 0.456875 0.515625 0.028125 0.03125
0 0.79625 0.533125 0.068125 0.03375
0 0.47 0.514375 0.00625 0.02375
2 0.888125 0.489375 0.2225 0.14125
0 0.40375 0.5075 0.0075 0.01
2 0.995 0.55 0.00875 0.0075
0 0.02125 0.554375 0.0425 0.06375
1 0.330625 0.50875 0.006875 0.0325
1 0.2775 0.52125 0.013125 0.0575
1 0.95375 0.565 0.053125 0.175
1 0.37625 0.509375 0.00625 0.02875
1 0.2675 0.51 0.01 0.0375
1 0.618125 0.52 0.0125 0.0525
1 0.51375 0.515625 0.00625 0.04125
1 0.73 0.513125 0.013125 0.04125
1 0.585625 0.5175 0.00375 0.02
1 0.106875 0.515 0.005625 0.0225
1 0.2125 0.528125 0.0175 0.07625
1 0.8775 0.56875 0.0575 0.1775