0 0.501875 0.50375 0.01 0.0075
0 0.46375 0.514375 0.019375 0.03125
0 0.4925 0.52 0.038125 0.0325
0 0.5025 0.506875 0.009375 0.00875
0 0.405 0.506875 0.01 0.01125
0 0.428125 0.525625 0.053125 0.05625
0 0.780625 0.534375 0.03625 0.03125
0 0.458125 0.51625 0.018125 0.0275
2 0.88875 0.489375 0.22 0.14125
0 0.40375 0.5075 0.0075 0.01
2 0.995 0.55 0.00875 0.0075
1 0.36625 0.5075 0.005625 0.0275
1 0.3025 0.516875 0.01125 0.04625
1 0.7775 0.535625 0.01625 0.09625
1 0.7425 0.534375 0.01875 0.09625
1 0.36125 0.51125 0.00875 0.035
1 0.07875 0.5 0.00875 0.0275
1 0.158125 0.5075 0.00875 0.0375
1 0.55875 0.516875 0.011875 0.04375
1 0.53 0.515625 0.0075 0.04125
1 0.818125 0.5525 0.034375 0.1375
1 0.629375 0.51375 0.013125 0.0425
1 0.59 0.520625 0.00375 0.02125
1 0.040625 0.5125 0.00625 0.0225
1 0.28625 0.520625 0.011875 0.05625
1 0.7 0.535625 0.01875 0.09375