0 0.501875 0.50375 0.01 0.0075
0 0.469375 0.510625 0.01625 0.02375
0 0.4925 0.523125 0.038125 0.03875
0 0.5025 0.506875 0.009375 0.00875
0 0.405 0.506875 0.01 0.01125
0 0.440625 0.520625 0.0425 0.04625
0 0.796875 0.533125 0.0675 0.03375
0 0.46375 0.51625 0.013125 0.0275
2 0.888125 0.489375 0.2225 0.14125
0 0.40375 0.5075 0.0075 0.01
2 0.995 0.55 0.00875 0.0075
0 0.16625 0.65125 0.331875 0.31
1 0.361875 0.509375 0.005625 0.02875
1 0.293125 0.503125 0.011875 0.02125
1 0.86 0.54875 0.02875 0.125
1 0.806875 0.545625 0.028125 0.11625
1 0.37125 0.51 0.00625 0.0325
1 0.205 0.4925 0.00375 0.0075
1 0.590625 0.5175 0.01375 0.045
1 0.51375 0.515625 0.006875 0.04125
1 0.95625 0.575625 0.071875 0.19625
1 0.67875 0.513125 0.01125 0.04375
1 0.06875 0.51375 0.0075 0.0225
1 0.75125 0.545625 0.025 0.11625