0 0.501875 0.503125 0.01 0.00625
0 0.47 0.510625 0.015625 0.02125
0 0.4925 0.523125 0.038125 0.03875
0 0.5025 0.506875 0.01 0.00875
0 0.405 0.506875 0.01 0.01125
0 0.449375 0.518125 0.035 0.03875
0 0.79625 0.533125 0.068125 0.02875
0 0.4675 0.515 0.009375 0.025
2 0.888125 0.489375 0.2225 0.14125
0 0.40375 0.5075 0.0075 0.01
2 0.995 0.55 0.00875 0.0075
0 0.16875 0.555625 0.215625 0.12125
1 0.35 0.50875 0.00625 0.03
1 0.288125 0.519375 0.01375 0.05375
1 0.9225 0.558125 0.043125 0.15125
1 0.851875 0.551875 0.038125 0.13625
1 0.37375 0.51 0.00625 0.0325
1 0.228125 0.5075 0.009375 0.035
1 0.60625 0.518125 0.01375 0.04875
1 0.5125 0.515625 0.00625 0.04125
1 0.7025 0.51375 0.009375 0.0425
1 0.586875 0.51875 0.00375 0.02
1 0.08375 0.51125 0.005625 0.0175
1 0.24375 0.510625 0.015625 0.03875
1 0.78625 0.55375 0.03375 0.135