0 0.100625 0.510625 0.055 0.01625
0 0.44125 0.49125 0.013125 0.01
0 0.06625 0.5125 0.028125 0.025
2 0.32625 0.463125 0.23375 0.32875
2 0.499375 0.483125 0.05875 0.00875
0 0.499375 0.64 0.271875 0.345
0 0.15625 0.650625 0.3125 0.27625
1 0.148125 0.501875 0.005625 0.02125
1 0.61625 0.514375 0.0075 0.04875
1 0.681875 0.5575 0.0125 0.0075
1 0.205625 0.501875 0.00625 0.02375
1 0.1975 0.50375 0.01 0.0175
1 0.1425 0.505 0.005 0.0175
1 0.13375 0.50375 0.01 0.0225
1 0.613125 0.516875 0.009375 0.05375
1 0.644375 0.53 0.006875 0.0325
1 0.181875 0.500625 0.0075 0.02125
1 0.861875 0.535625 0.034375 0.11625
1 0.154375 0.500625 0.018125 0.02625