0 0.16 0.513125 0.03875 0.02375
0 0.11 0.735 0.219375 0.3675
2 0.395625 0.47875 0.124375 0.19
0 0.49875 0.605 0.20375 0.2625
0 0.346875 0.56125 0.10625 0.11
1 0.25 0.511875 0.00625 0.03875
1 0.58375 0.510625 0.005625 0.03625
1 0.299375 0.515 0.0075 0.0375
1 0.2175 0.511875 0.006875 0.03875
1 0.245625 0.51125 0.005625 0.035
1 0.320625 0.5025 0.00375 0.0125
1 0.29125 0.5125 0.00375 0.0175
1 0.150625 0.51125 0.0125 0.035
1 0.24 0.5125 0.0075 0.0325
1 0.23375 0.511875 0.00625 0.03125
1 0.606875 0.515 0.00375 0.0475
1 0.283125 0.515625 0.00875 0.03875
1 0.78125 0.53375 0.03625 0.105
1 0.315625 0.505625 0.005 0.01625
1 0.563125 0.5075 0.005 0.0225
1 0.258125 0.51375 0.01 0.0425
1 0.206875 0.525 0.005 0.0275
1 0.574375 0.511875 0.006875 0.04125
1 0.20125 0.50625 0.00625 0.02