0 0.17375 0.513125 0.03125 0.02375
0 0.456875 0.4925 0.00375 0.0075
0 0.10375 0.7425 0.206875 0.355
2 0.405 0.48125 0.11125 0.175
2 0.49875 0.486875 0.0375 0.00625
0 0.49875 0.588125 0.17125 0.22125
0 0.3575 0.555625 0.095 0.10125
1 0.27125 0.510625 0.005 0.03625
1 0.316875 0.51375 0.00875 0.035
1 0.65625 0.523125 0.009375 0.05125
1 0.215625 0.51125 0.01125 0.0375
1 0.261875 0.51 0.006875 0.035
1 0.24625 0.509375 0.00875 0.03375
1 0.238125 0.510625 0.006875 0.03125
1 0.30375 0.514375 0.01125 0.03625
1 0.76875 0.530625 0.02375 0.09875
1 0.32125 0.508125 0.005625 0.02125
1 0.561875 0.506875 0.00375 0.02125
1 0.275 0.51125 0.009375 0.04
1 0.215 0.523125 0.006875 0.02625
1 0.5775 0.510625 0.0075 0.04125
1 0.2025 0.505625 0.00625 0.01875