0 0.868125 0.506875 0.01625 0.02125
0 0.15875 0.518125 0.078125 0.08125
0 0.073125 0.536875 0.050625 0.04875
0 0.04875 0.57 0.096875 0.1125
0 0.006875 0.513125 0.013125 0.00875
0 0.993125 0.50125 0.0125 0.0325
0 0.111875 0.518125 0.025 0.01625
0 0.976875 0.5025 0.02125 0.0225
0 0.70875 0.529375 0.063125 0.05875
2 0.79625 0.48 0.128125 0.1975
0 0.86375 0.51 0.01125 0.03
0 0.87875 0.5025 0.00875 0.0125
1 0.70375 0.496875 0.005625 0.00875
1 0.65125 0.516875 0.005625 0.02625
1 0.42875 0.52875 0.015625 0.0675
1 0.198125 0.515625 0.00375 0.03125