2 0.141875 0.541875 0.28375 0.22125
0 0.3975 0.535 0.04875 0.055
0 0.71125 0.51625 0.04625 0.02
0 0.0175 0.509375 0.034375 0.03625
2 0.724375 0.505 0.04 0.045
0 0.75125 0.505625 0.019375 0.05875
0 0.4975 0.5675 0.175 0.25
0 0.284375 0.521875 0.00625 0.01625
2 0.594375 0.50625 0.055625 0.0475
1 0.799375 0.52625 0.02125 0.0925
1 0.363125 0.50625 0.005625 0.0225
1 0.289375 0.511875 0.00375 0.01625
1 0.324375 0.505625 0.00625 0.02375
1 0.649375 0.506875 0.006875 0.02625
1 0.70625 0.548125 0.0125 0.05625
1 0.996875 0.5975 0.005 0.0825
1 0.33875 0.50375 0.00375 0.0175
1 0.631875 0.518125 0.018125 0.06625
1 0.58875 0.525 0.01875 0.065
1 0.671875 0.52 0.015625 0.0725
1 0.339375 0.511875 0.00375 0.01375